1,271,1285,193,176,159,1,-1,-1,-1
1,273,1051,227,216,261,1,-1,-1,-1
1,275,1481,464,271,238,1,-1,-1,-1
1,279,499,761,378,312,1,-1,-1,-1
1,283,238,575,245,214,1,-1,-1,-1
1,284,398,338,205,205,1,-1,-1,-1
1,287,1394,100,284,105,1,-1,-1,-1
1,288,552,78,154,109,1,-1,-1,-1
2,271,1274,184,196,174,1,-1,-1,-1
2,273,1029,224,263,273,1,-1,-1,-1
2,275,1452,450,306,256,1,-1,-1,-1
2,279,520,773,361,307,1,-1,-1,-1
2,283,219,577,274,235,1,-1,-1,-1
2,284,391,342,211,208,1,-1,-1,-1
2,287,1362,101,281,105,1,-1,-1,-1
2,288,550,78,164,115,1,-1,-1,-1
3,271,1273,182,196,175,1,-1,-1,-1
3,273,1029,218,260,276,1,-1,-1,-1
3,275,1445,446,307,253,1,-1,-1,-1
3,279,511,782,373,298,1,-1,-1,-1
3,283,210,581,277,239,1,-1,-1,-1
3,284,383,346,218,211,1,-1,-1,-1
3,287,1330,101,278,105,1,-1,-1,-1
3,288,547,78,173,121,1,-1,-1,-1
4,271,1273,183,196,171,1,-1,-1,-1
4,273,1030,218,256,274,1,-1,-1,-1
4,275,1438,442,308,250,1,-1,-1,-1
4,279,477,789,422,291,1,-1,-1,-1
4,283,198,588,286,240,1,-1,-1,-1
4,284,376,351,224,215,1,-1,-1,-1
4,287,1297,102,276,104,1,-1,-1,-1
4,288,547,77,173,122,1,-1,-1,-1
5,271,1273,181,195,171,1,-1,-1,-1
5,273,1032,217,252,273,1,-1,-1,-1
5,275,1434,435,308,251,1,-1,-1,-1
5,279,500,809,378,271,1,-1,-1,-1
5,283,186,596,294,242,1,-1,-1,-1
5,284,368,355,230,218,1,-1,-1,-1
5,288,549,77,173,122,1,-1,-1,-1
6,271,1273,180,195,169,1,-1,-1,-1
6,273,1033,217,248,271,1,-1,-1,-1
6,275,1432,431,304,249,1,-1,-1,-1
6,283,177,603,297,245,1,-1,-1,-1
6,284,361,359,237,221,1,-1,-1,-1
6,288,551,80,172,121,1,-1,-1,-1
7,271,1273,179,195,171,1,-1,-1,-1
7,273,1034,216,244,270,1,-1,-1,-1
7,275,1431,427,300,246,1,-1,-1,-1
7,283,167,609,300,249,1,-1,-1,-1
7,284,353,363,243,224,1,-1,-1,-1
7,288,556,81,165,121,1,-1,-1,-1
8,271,1263,179,197,166,1,-1,-1,-1
8,273,1036,216,240,268,1,-1,-1,-1
8,275,1429,423,296,244,1,-1,-1,-1
8,283,159,614,300,256,1,-1,-1,-1
8,284,345,369,244,224,1,-1,-1,-1
8,288,560,80,160,123,1,-1,-1,-1
9,271,1264,175,194,169,1,-1,-1,-1
9,273,1037,216,236,266,1,-1,-1,-1
9,275,1427,420,293,242,1,-1,-1,-1
9,283,151,618,304,263,1,-1,-1,-1
9,284,341,372,244,228,1,-1,-1,-1
9,287,1147,108,260,106,1,-1,-1,-1
9,288,563,80,156,124,1,-1,-1,-1
10,271,1264,174,194,171,1,-1,-1,-1
10,273,1038,215,233,265,1,-1,-1,-1
10,275,1425,416,289,239,1,-1,-1,-1
10,283,134,622,310,265,1,-1,-1,-1
10,284,337,374,245,233,1,-1,-1,-1
10,287,1119,110,256,107,1,-1,-1,-1
10,288,565,82,154,123,1,-1,-1,-1
11,271,1265,172,191,173,1,-1,-1,-1
11,273,1039,215,229,263,1,-1,-1,-1
11,275,1424,412,285,237,1,-1,-1,-1
11,283,130,639,315,266,1,-1,-1,-1
11,284,335,377,248,238,1,-1,-1,-1
11,287,1090,111,253,107,1,-1,-1,-1
11,288,566,83,153,123,1,-1,-1,-1
12,271,1265,172,193,172,1,-1,-1,-1
12,273,1041,215,225,261,1,-1,-1,-1
12,275,1422,408,281,234,1,-1,-1,-1
12,283,124,648,311,265,1,-1,-1,-1
12,284,332,381,251,240,1,-1,-1,-1
12,287,1061,113,249,108,1,-1,-1,-1
12,288,568,87,151,121,1,-1,-1,-1
13,271,1266,172,191,168,1,-1,-1,-1
13,273,1042,214,221,260,1,-1,-1,-1
13,275,1420,404,277,232,1,-1,-1,-1
13,283,113,658,315,266,1,-1,-1,-1
13,284,328,385,253,241,1,-1,-1,-1
13,288,568,88,150,121,1,-1,-1,-1
13,310,1299,112,191,145,1,-1,-1,-1
14,271,1266,172,189,167,1,-1,-1,-1
14,273,1043,214,217,258,1,-1,-1,-1
14,275,1421,398,272,232,1,-1,-1,-1
14,283,97,665,326,272,1,-1,-1,-1
14,284,323,388,256,244,1,-1,-1,-1
14,288,569,89,149,121,1,-1,-1,-1
14,310,1306,111,194,144,1,-1,-1,-1
15,271,1267,171,187,166,1,-1,-1,-1
15,273,1045,213,213,257,1,-1,-1,-1
15,275,1413,393,266,231,1,-1,-1,-1
15,283,84,673,333,274,1,-1,-1,-1
15,284,321,393,257,245,1,-1,-1,-1
15,288,569,89,149,122,1,-1,-1,-1
15,310,1312,111,198,143,1,-1,-1,-1
16,271,1267,171,185,165,1,-1,-1,-1
16,273,1046,213,209,255,1,-1,-1,-1
16,275,1414,387,261,231,1,-1,-1,-1
16,283,73,680,336,279,1,-1,-1,-1
16,284,304,401,265,243,1,-1,-1,-1
16,288,568,91,151,122,1,-1,-1,-1
16,310,1319,110,201,142,1,-1,-1,-1
17,271,1268,170,182,165,1,-1,-1,-1
17,273,1046,212,208,254,1,-1,-1,-1
17,275,1412,382,260,230,1,-1,-1,-1
17,283,65,684,336,284,1,-1,-1,-1
17,284,301,404,265,249,1,-1,-1,-1
17,288,567,94,153,124,1,-1,-1,-1
17,310,1325,110,205,141,1,-1,-1,-1
18,271,1268,170,180,164,1,-1,-1,-1
18,273,1046,211,208,254,1,-1,-1,-1
18,275,1409,377,259,229,1,-1,-1,-1
18,283,35,695,358,299,1,-1,-1,-1
18,284,299,410,264,257,1,-1,-1,-1
18,287,903,127,237,111,1,-1,-1,-1
18,288,565,96,154,125,1,-1,-1,-1
18,310,1332,109,208,140,1,-1,-1,-1
19,271,1269,169,178,163,1,-1,-1,-1
19,273,1046,210,207,253,1,-1,-1,-1
19,275,1406,374,257,226,1,-1,-1,-1
19,283,31,705,355,298,1,-1,-1,-1
19,284,296,415,263,265,1,-1,-1,-1
19,287,885,130,227,113,1,-1,-1,-1
19,288,565,98,155,128,1,-1,-1,-1
19,310,1340,105,219,145,1,-1,-1,-1
20,271,1269,169,176,162,1,-1,-1,-1
20,273,1045,210,206,253,1,-1,-1,-1
20,275,1403,370,256,223,1,-1,-1,-1
20,283,22,718,356,296,1,-1,-1,-1
20,284,293,422,263,264,1,-1,-1,-1
20,287,868,133,216,115,1,-1,-1,-1
20,288,564,99,155,127,1,-1,-1,-1
20,310,1348,101,230,149,1,-1,-1,-1
21,271,1270,168,174,161,1,-1,-1,-1
21,273,1045,209,206,252,1,-1,-1,-1
21,275,1400,367,255,222,1,-1,-1,-1
21,283,9,730,364,298,1,-1,-1,-1
21,284,288,430,264,261,1,-1,-1,-1
21,287,850,136,206,117,1,-1,-1,-1
21,288,564,101,154,127,1,-1,-1,-1
21,310,1356,97,241,154,1,-1,-1,-1
22,271,1270,168,172,160,1,-1,-1,-1
22,273,1045,208,205,252,1,-1,-1,-1
22,275,1399,364,251,219,1,-1,-1,-1
22,283,0,739,367,305,1,-1,-1,-1
22,284,281,437,270,261,1,-1,-1,-1
22,287,829,135,209,128,1,-1,-1,-1
22,288,564,102,152,128,1,-1,-1,-1
22,310,1363,93,251,158,1,-1,-1,-1
23,271,1271,167,169,160,1,-1,-1,-1
23,273,1045,207,204,251,1,-1,-1,-1
23,275,1398,361,247,216,1,-1,-1,-1
23,283,0,744,363,314,1,-1,-1,-1
23,284,272,441,275,263,1,-1,-1,-1
23,287,808,133,212,139,1,-1,-1,-1
23,288,563,103,150,127,1,-1,-1,-1
23,310,1371,89,262,163,1,-1,-1,-1
24,271,1271,167,167,159,1,-1,-1,-1
24,273,1045,206,203,251,1,-1,-1,-1
24,275,1396,357,244,213,1,-1,-1,-1
24,283,0,777,327,287,1,-1,-1,-1
24,284,262,445,283,267,1,-1,-1,-1
24,287,798,139,207,136,1,-1,-1,-1
24,288,559,108,156,132,1,-1,-1,-1
24,310,1379,85,273,167,1,-1,-1,-1
25,271,1272,166,165,158,1,-1,-1,-1
25,273,1045,205,203,250,1,-1,-1,-1
25,275,1395,354,240,210,1,-1,-1,-1
25,283,0,790,314,282,1,-1,-1,-1
25,284,256,452,285,271,1,-1,-1,-1
25,287,788,144,202,134,1,-1,-1,-1
25,288,557,111,160,130,1,-1,-1,-1
25,310,1398,83,277,166,1,-1,-1,-1
26,271,1272,166,163,157,1,-1,-1,-1
26,273,1044,205,202,250,1,-1,-1,-1
26,275,1394,351,236,207,1,-1,-1,-1
26,283,0,806,304,274,1,-1,-1,-1
26,284,247,456,289,279,1,-1,-1,-1
26,287,778,150,197,131,1,-1,-1,-1
26,288,554,115,162,128,1,-1,-1,-1
26,310,1419,83,282,165,1,-1,-1,-1
27,271,1272,165,163,157,1,-1,-1,-1
27,273,1044,204,201,249,1,-1,-1,-1
27,275,1393,348,232,204,1,-1,-1,-1
27,283,0,816,292,264,1,-1,-1,-1
27,284,238,460,294,285,1,-1,-1,-1
27,287,772,151,196,131,1,-1,-1,-1
27,288,553,119,163,125,1,-1,-1,-1
27,310,1441,87,277,155,1,-1,-1,-1
28,271,1272,165,163,156,1,-1,-1,-1
28,273,1044,203,201,249,1,-1,-1,-1
28,275,1392,345,228,201,1,-1,-1,-1
28,284,229,463,298,288,1,-1,-1,-1
28,287,766,153,189,133,1,-1,-1,-1
28,288,552,123,163,124,1,-1,-1,-1
28,310,1462,91,273,144,1,-1,-1,-1
29,271,1272,164,162,156,1,-1,-1,-1
29,273,1044,202,200,248,1,-1,-1,-1
29,275,1391,342,224,198,1,-1,-1,-1
29,284,224,479,300,286,1,-1,-1,-1
29,287,762,156,186,135,1,-1,-1,-1
29,288,552,126,162,124,1,-1,-1,-1
29,310,1484,95,268,134,1,-1,-1,-1
30,271,1271,163,162,155,1,-1,-1,-1
30,273,1043,201,200,248,1,-1,-1,-1
30,275,1389,338,221,195,1,-1,-1,-1
30,284,213,484,297,279,1,-1,-1,-1
30,287,754,160,182,139,1,-1,-1,-1
30,288,551,128,161,127,1,-1,-1,-1
30,310,1504,88,282,143,1,-1,-1,-1
31,271,1271,163,162,155,1,-1,-1,-1
31,273,1043,200,200,248,1,-1,-1,-1
31,275,1388,335,217,192,1,-1,-1,-1
31,284,211,486,290,287,1,-1,-1,-1
31,287,754,164,179,140,1,-1,-1,-1
31,288,550,130,161,129,1,-1,-1,-1
31,310,1524,82,295,151,1,-1,-1,-1
32,271,1271,162,162,155,1,-1,-1,-1
32,273,1042,199,200,248,1,-1,-1,-1
32,275,1387,332,213,189,1,-1,-1,-1
32,284,201,490,296,292,1,-1,-1,-1
32,287,752,168,178,138,1,-1,-1,-1
32,288,544,130,162,135,1,-1,-1,-1
32,310,1544,75,309,160,1,-1,-1,-1
33,271,1271,161,162,154,1,-1,-1,-1
33,273,1042,198,200,247,1,-1,-1,-1
33,275,1385,330,212,188,1,-1,-1,-1
33,284,191,496,300,297,1,-1,-1,-1
33,287,750,172,176,133,1,-1,-1,-1
33,288,544,133,160,135,1,-1,-1,-1
33,310,1565,73,314,158,1,-1,-1,-1
34,271,1271,161,161,154,1,-1,-1,-1
34,273,1041,197,200,247,1,-1,-1,-1
34,275,1383,327,211,186,1,-1,-1,-1
34,284,181,502,303,301,1,-1,-1,-1
34,287,746,186,177,129,1,-1,-1,-1
34,288,544,136,158,133,1,-1,-1,-1
34,310,1586,72,318,157,1,-1,-1,-1
35,271,1271,160,161,153,1,-1,-1,-1
35,273,1040,196,200,247,1,-1,-1,-1
35,275,1381,325,209,185,1,-1,-1,-1
35,284,171,507,307,306,1,-1,-1,-1
35,287,746,187,175,132,1,-1,-1,-1
35,288,542,137,158,133,1,-1,-1,-1
35,310,1607,71,313,157,1,-1,-1,-1
36,271,1271,159,161,153,1,-1,-1,-1
36,273,1040,196,201,247,1,-1,-1,-1
36,275,1379,323,208,184,1,-1,-1,-1
36,284,161,513,311,310,1,-1,-1,-1
36,287,744,188,174,135,1,-1,-1,-1
36,288,537,144,168,136,1,-1,-1,-1
36,310,1650,78,270,152,1,-1,-1,-1
37,271,1271,159,161,153,1,-1,-1,-1
37,273,1039,195,201,247,1,-1,-1,-1
37,275,1378,321,207,183,1,-1,-1,-1
37,284,151,519,315,315,1,-1,-1,-1
37,287,743,191,174,139,1,-1,-1,-1
37,288,537,146,167,139,1,-1,-1,-1
38,271,1270,158,161,152,1,-1,-1,-1
38,273,1038,194,201,247,1,-1,-1,-1
38,275,1376,318,206,181,1,-1,-1,-1
38,284,140,525,318,320,1,-1,-1,-1
38,287,743,195,174,142,1,-1,-1,-1
38,288,536,148,167,140,1,-1,-1,-1
39,262,373,59,247,111,1,-1,-1,-1
39,271,1270,157,160,152,1,-1,-1,-1
39,273,1038,193,201,246,1,-1,-1,-1
39,275,1374,316,205,180,1,-1,-1,-1
39,284,130,531,322,324,1,-1,-1,-1
39,287,742,199,173,145,1,-1,-1,-1
39,288,535,151,168,140,1,-1,-1,-1
40,262,380,58,244,114,1,-1,-1,-1
40,271,1270,157,160,151,1,-1,-1,-1
40,273,1037,192,201,246,1,-1,-1,-1
40,275,1372,314,203,179,1,-1,-1,-1
40,284,120,536,326,329,1,-1,-1,-1
40,287,741,202,173,145,1,-1,-1,-1
40,288,532,154,169,140,1,-1,-1,-1
41,262,388,58,241,116,1,-1,-1,-1
41,271,1270,156,160,151,1,-1,-1,-1
41,273,1037,191,201,246,1,-1,-1,-1
41,275,1370,311,202,177,1,-1,-1,-1
41,284,110,542,329,333,1,-1,-1,-1
41,287,738,216,177,139,1,-1,-1,-1
41,288,530,158,169,140,1,-1,-1,-1
42,262,388,58,243,117,1,-1,-1,-1
42,271,1270,156,160,151,1,-1,-1,-1
42,273,1036,190,201,246,1,-1,-1,-1
42,275,1368,309,201,176,1,-1,-1,-1
42,284,100,548,333,338,1,-1,-1,-1
42,287,736,218,178,139,1,-1,-1,-1
42,288,527,163,169,140,1,-1,-1,-1
43,262,396,56,254,120,1,-1,-1,-1
43,271,1270,155,160,150,1,-1,-1,-1
43,273,1036,190,201,246,1,-1,-1,-1
43,275,1364,306,204,176,1,-1,-1,-1
43,284,90,553,337,344,1,-1,-1,-1
43,287,734,221,179,139,1,-1,-1,-1
43,288,527,167,168,140,1,-1,-1,-1
44,262,398,57,255,119,1,-1,-1,-1
44,271,1269,155,160,150,1,-1,-1,-1
44,273,1036,189,200,246,1,-1,-1,-1
44,275,1360,303,208,177,1,-1,-1,-1
44,284,79,559,341,356,1,-1,-1,-1
44,287,734,225,180,140,1,-1,-1,-1
44,288,526,168,167,143,1,-1,-1,-1
45,262,402,57,255,119,1,-1,-1,-1
45,271,1269,154,160,150,1,-1,-1,-1
45,273,1036,189,200,246,1,-1,-1,-1
45,275,1356,300,211,177,1,-1,-1,-1
45,284,70,564,341,365,1,-1,-1,-1
45,287,732,230,181,140,1,-1,-1,-1
45,288,523,178,169,141,1,-1,-1,-1
46,262,410,56,250,121,1,-1,-1,-1
46,271,1269,154,160,150,1,-1,-1,-1
46,273,1036,188,200,246,1,-1,-1,-1
46,275,1352,297,214,177,1,-1,-1,-1
46,284,64,568,339,371,1,-1,-1,-1
46,287,731,236,183,140,1,-1,-1,-1
46,288,522,180,171,142,1,-1,-1,-1
47,262,418,55,244,123,1,-1,-1,-1
47,271,1269,153,160,149,1,-1,-1,-1
47,273,1036,188,200,245,1,-1,-1,-1
47,275,1348,294,217,177,1,-1,-1,-1
47,284,54,592,347,358,1,-1,-1,-1
47,287,729,241,184,140,1,-1,-1,-1
47,288,521,184,169,139,1,-1,-1,-1
48,262,423,55,241,123,1,-1,-1,-1
48,271,1269,153,161,149,1,-1,-1,-1
48,273,1036,187,199,245,1,-1,-1,-1
48,275,1344,291,221,178,1,-1,-1,-1
48,284,31,599,353,359,1,-1,-1,-1
48,287,728,246,186,141,1,-1,-1,-1
48,288,520,188,171,138,1,-1,-1,-1
49,262,430,56,241,122,1,-1,-1,-1
49,271,1268,153,161,149,1,-1,-1,-1
49,273,1036,187,199,245,1,-1,-1,-1
49,275,1340,288,224,178,1,-1,-1,-1
49,284,20,606,356,363,1,-1,-1,-1
49,287,726,251,187,141,1,-1,-1,-1
49,288,519,190,171,140,1,-1,-1,-1
50,262,437,56,242,122,1,-1,-1,-1
50,271,1268,152,161,148,1,-1,-1,-1
50,273,1036,186,199,245,1,-1,-1,-1
50,275,1339,285,222,179,1,-1,-1,-1
50,284,10,615,356,363,1,-1,-1,-1
50,287,725,257,189,141,1,-1,-1,-1
50,288,518,190,171,144,1,-1,-1,-1
51,262,444,57,242,121,1,-1,-1,-1
51,271,1268,152,161,148,1,-1,-1,-1
51,273,1036,186,199,245,1,-1,-1,-1
51,275,1339,282,218,179,1,-1,-1,-1
51,284,0,622,361,370,1,-1,-1,-1
51,287,723,262,190,141,1,-1,-1,-1
51,288,518,192,172,149,1,-1,-1,-1
52,262,449,56,239,122,1,-1,-1,-1
52,271,1268,151,161,148,1,-1,-1,-1
52,273,1036,185,198,245,1,-1,-1,-1
52,275,1337,279,219,182,1,-1,-1,-1
52,284,0,628,357,381,1,-1,-1,-1
52,287,723,263,190,145,1,-1,-1,-1
52,288,518,194,172,153,1,-1,-1,-1
53,262,456,56,233,124,1,-1,-1,-1
53,271,1267,151,161,148,1,-1,-1,-1
53,273,1036,185,198,245,1,-1,-1,-1
53,275,1339,275,213,183,1,-1,-1,-1
53,284,0,656,321,351,1,-1,-1,-1
53,287,722,266,188,151,1,-1,-1,-1
53,288,516,197,172,154,1,-1,-1,-1
54,262,463,56,228,128,1,-1,-1,-1
54,271,1267,150,161,147,1,-1,-1,-1
54,273,1036,184,198,245,1,-1,-1,-1
54,275,1338,273,210,181,1,-1,-1,-1
54,284,0,668,312,353,1,-1,-1,-1
54,287,721,269,189,155,1,-1,-1,-1
54,288,516,200,171,152,1,-1,-1,-1
55,262,466,57,229,129,1,-1,-1,-1
55,271,1267,150,161,147,1,-1,-1,-1
55,273,1036,184,197,245,1,-1,-1,-1
55,275,1337,271,206,180,1,-1,-1,-1
55,284,0,680,306,359,1,-1,-1,-1
55,287,720,273,190,153,1,-1,-1,-1
55,288,511,214,177,146,1,-1,-1,-1
55,306,1058,80,157,137,1,-1,-1,-1
56,262,468,57,227,129,1,-1,-1,-1
56,271,1267,149,161,147,1,-1,-1,-1
56,273,1036,183,197,244,1,-1,-1,-1
56,275,1337,269,203,178,1,-1,-1,-1
56,287,718,284,196,154,1,-1,-1,-1
56,288,510,217,179,146,1,-1,-1,-1
56,306,1060,79,156,137,1,-1,-1,-1
56,311,1334,126,162,129,1,-1,-1,-1
57,262,471,58,224,127,1,-1,-1,-1
57,271,1267,149,160,147,1,-1,-1,-1
57,273,1036,183,197,244,1,-1,-1,-1
57,275,1336,267,200,177,1,-1,-1,-1
57,287,717,286,196,156,1,-1,-1,-1
57,288,509,221,180,147,1,-1,-1,-1
57,306,1061,77,155,136,1,-1,-1,-1
57,311,1341,125,167,127,1,-1,-1,-1
58,262,474,59,221,126,1,-1,-1,-1
58,271,1267,148,160,147,1,-1,-1,-1
58,273,1036,182,197,244,1,-1,-1,-1
58,275,1335,264,196,175,1,-1,-1,-1
58,287,718,290,194,155,1,-1,-1,-1
58,288,508,225,181,147,1,-1,-1,-1
58,306,1063,76,154,136,1,-1,-1,-1
58,311,1348,125,171,124,1,-1,-1,-1
59,262,478,60,217,124,1,-1,-1,-1
59,271,1267,148,160,146,1,-1,-1,-1
59,273,1036,182,196,244,1,-1,-1,-1
59,275,1334,262,193,174,1,-1,-1,-1
59,287,718,295,193,155,1,-1,-1,-1
59,288,507,229,182,148,1,-1,-1,-1
59,306,1065,74,153,136,1,-1,-1,-1
59,311,1359,124,177,123,1,-1,-1,-1
60,262,481,61,214,122,1,-1,-1,-1
60,271,1267,147,160,146,1,-1,-1,-1
60,273,1036,181,196,244,1,-1,-1,-1
60,275,1334,260,190,172,1,-1,-1,-1
60,287,717,301,194,155,1,-1,-1,-1
60,288,506,233,183,149,1,-1,-1,-1
60,306,1067,72,151,136,1,-1,-1,-1
60,311,1371,122,184,121,1,-1,-1,-1
61,262,484,62,211,121,1,-1,-1,-1
61,271,1267,147,159,146,1,-1,-1,-1
61,273,1036,181,196,244,1,-1,-1,-1
61,275,1333,258,186,171,1,-1,-1,-1
61,287,715,306,200,156,1,-1,-1,-1
61,288,504,236,183,149,1,-1,-1,-1
61,306,1069,71,150,136,1,-1,-1,-1
61,311,1382,121,190,120,1,-1,-1,-1
62,262,487,62,208,119,1,-1,-1,-1
62,271,1267,146,159,146,1,-1,-1,-1
62,273,1036,181,196,244,1,-1,-1,-1
62,275,1332,256,183,169,1,-1,-1,-1
62,287,713,311,206,152,1,-1,-1,-1
62,288,503,240,184,150,1,-1,-1,-1
62,306,1071,69,149,136,1,-1,-1,-1
62,311,1395,119,198,121,1,-1,-1,-1
63,262,490,63,205,117,1,-1,-1,-1
63,271,1267,146,159,146,1,-1,-1,-1
63,273,1036,180,196,244,1,-1,-1,-1
63,275,1330,252,184,169,1,-1,-1,-1
63,287,708,317,205,161,1,-1,-1,-1
63,288,502,244,185,150,1,-1,-1,-1
63,306,1067,67,151,136,1,-1,-1,-1
63,311,1407,116,205,122,1,-1,-1,-1
64,262,494,64,201,115,1,-1,-1,-1
64,271,1267,145,159,146,1,-1,-1,-1
64,273,1036,180,196,244,1,-1,-1,-1
64,275,1327,249,186,169,1,-1,-1,-1
64,287,708,320,204,162,1,-1,-1,-1
64,288,501,248,186,151,1,-1,-1,-1
64,306,1063,65,154,136,1,-1,-1,-1
64,311,1426,115,208,119,1,-1,-1,-1
65,262,497,65,198,114,1,-1,-1,-1
65,271,1267,145,158,146,1,-1,-1,-1
65,273,1036,180,196,244,1,-1,-1,-1
65,275,1325,245,187,169,1,-1,-1,-1
65,287,710,324,200,162,1,-1,-1,-1
65,288,501,250,186,152,1,-1,-1,-1
65,306,1059,63,156,136,1,-1,-1,-1
65,311,1445,114,211,115,1,-1,-1,-1
66,262,500,66,195,112,1,-1,-1,-1
66,271,1267,144,158,146,1,-1,-1,-1
66,273,1035,180,196,244,1,-1,-1,-1
66,275,1323,242,188,169,1,-1,-1,-1
66,287,709,327,200,167,1,-1,-1,-1
66,288,496,253,184,153,1,-1,-1,-1
66,306,1055,61,159,136,1,-1,-1,-1
66,311,1471,112,213,117,1,-1,-1,-1
67,262,501,66,194,112,1,-1,-1,-1
67,271,1267,144,158,145,1,-1,-1,-1
67,273,1035,179,196,244,1,-1,-1,-1
67,275,1320,238,189,168,1,-1,-1,-1
67,287,708,331,201,172,1,-1,-1,-1
67,288,494,256,186,154,1,-1,-1,-1
67,306,1051,58,161,135,1,-1,-1,-1
67,311,1497,109,215,118,1,-1,-1,-1
68,262,502,66,192,112,1,-1,-1,-1
68,271,1267,143,158,145,1,-1,-1,-1
68,273,1035,179,196,244,1,-1,-1,-1
68,275,1318,234,191,168,1,-1,-1,-1
68,287,706,335,205,174,1,-1,-1,-1
68,288,490,260,187,156,1,-1,-1,-1
68,306,1047,56,163,135,1,-1,-1,-1
68,311,1521,109,223,117,1,-1,-1,-1
69,262,503,66,191,112,1,-1,-1,-1
69,271,1267,143,157,145,1,-1,-1,-1
69,273,1035,179,196,244,1,-1,-1,-1
69,275,1315,231,192,168,1,-1,-1,-1
69,287,707,338,204,173,1,-1,-1,-1
69,288,485,263,190,160,1,-1,-1,-1
69,306,1043,54,166,135,1,-1,-1,-1
69,311,1544,108,230,115,1,-1,-1,-1
70,260,1554,600,366,368,1,-1,-1,-1
70,262,504,66,190,112,1,-1,-1,-1
70,271,1267,142,157,145,1,-1,-1,-1
70,273,1035,179,196,244,1,-1,-1,-1
70,275,1313,227,193,168,1,-1,-1,-1
70,287,707,348,204,171,1,-1,-1,-1
70,288,482,266,190,163,1,-1,-1,-1
70,306,1039,52,168,135,1,-1,-1,-1
70,311,1573,105,235,119,1,-1,-1,-1
71,260,1544,586,376,362,1,-1,-1,-1
71,262,504,66,188,113,1,-1,-1,-1
71,271,1267,142,156,145,1,-1,-1,-1
71,273,1035,178,196,244,1,-1,-1,-1
71,275,1313,226,191,168,1,-1,-1,-1
71,287,706,349,206,174,1,-1,-1,-1
71,288,479,268,189,165,1,-1,-1,-1
71,306,1026,50,175,136,1,-1,-1,-1
71,311,1602,102,240,123,1,-1,-1,-1
72,260,1535,573,385,356,1,-1,-1,-1
72,262,505,66,187,113,1,-1,-1,-1
72,271,1267,141,156,144,1,-1,-1,-1
72,273,1035,178,196,244,1,-1,-1,-1
72,275,1310,224,192,167,1,-1,-1,-1
72,287,701,354,212,174,1,-1,-1,-1
72,288,474,284,194,154,1,-1,-1,-1
72,306,1013,47,181,137,1,-1,-1,-1
72,311,1638,101,238,122,1,-1,-1,-1
73,260,1525,559,395,350,1,-1,-1,-1
73,262,506,66,186,113,1,-1,-1,-1
73,271,1268,141,155,144,1,-1,-1,-1
73,273,1035,178,196,244,1,-1,-1,-1
73,275,1307,223,193,165,1,-1,-1,-1
73,287,699,360,218,174,1,-1,-1,-1
73,288,470,286,197,154,1,-1,-1,-1
73,306,1001,45,188,137,1,-1,-1,-1
73,311,1674,99,236,120,1,-1,-1,-1
74,260,1527,560,393,343,1,-1,-1,-1
74,262,507,66,184,113,1,-1,-1,-1
74,271,1268,140,154,144,1,-1,-1,-1
74,273,1035,178,196,244,1,-1,-1,-1
74,275,1304,221,194,164,1,-1,-1,-1
74,287,698,366,221,175,1,-1,-1,-1
74,288,465,288,200,155,1,-1,-1,-1
74,306,988,42,194,138,1,-1,-1,-1
74,311,1708,97,212,114,1,-1,-1,-1
75,260,1512,547,399,344,1,-1,-1,-1
75,262,508,66,183,113,1,-1,-1,-1
75,271,1268,140,154,144,1,-1,-1,-1
75,273,1035,177,196,244,1,-1,-1,-1
75,275,1302,219,194,162,1,-1,-1,-1
75,287,696,370,224,176,1,-1,-1,-1
75,288,461,289,199,158,1,-1,-1,-1
75,306,975,40,201,139,1,-1,-1,-1
76,260,1498,535,404,346,1,-1,-1,-1
76,262,509,66,183,113,1,-1,-1,-1
76,271,1268,139,153,143,1,-1,-1,-1
76,273,1035,177,196,244,1,-1,-1,-1
76,275,1299,217,195,161,1,-1,-1,-1
76,287,695,374,227,173,1,-1,-1,-1
76,288,459,292,198,164,1,-1,-1,-1
76,306,953,36,211,142,1,-1,-1,-1
77,260,1483,522,410,347,1,-1,-1,-1
77,262,509,66,182,113,1,-1,-1,-1
77,271,1268,139,153,143,1,-1,-1,-1
77,273,1034,177,197,244,1,-1,-1,-1
77,275,1296,216,196,159,1,-1,-1,-1
77,287,698,383,221,177,1,-1,-1,-1
77,288,458,295,197,166,1,-1,-1,-1
77,306,930,32,222,145,1,-1,-1,-1
78,260,1485,505,388,342,1,-1,-1,-1
78,262,510,67,182,113,1,-1,-1,-1
78,271,1268,138,152,143,1,-1,-1,-1
78,273,1034,177,197,244,1,-1,-1,-1
78,275,1293,214,197,158,1,-1,-1,-1
78,287,697,387,222,177,1,-1,-1,-1
78,288,453,299,191,167,1,-1,-1,-1
78,306,908,29,232,147,1,-1,-1,-1
79,260,1481,499,380,337,1,-1,-1,-1
79,262,510,67,182,113,1,-1,-1,-1
79,271,1269,138,151,143,1,-1,-1,-1
79,273,1034,176,197,244,1,-1,-1,-1
79,275,1293,212,194,158,1,-1,-1,-1
79,287,696,392,226,178,1,-1,-1,-1
79,288,451,300,193,169,1,-1,-1,-1
79,306,885,25,243,150,1,-1,-1,-1
80,260,1471,492,377,330,1,-1,-1,-1
80,262,511,67,182,113,1,-1,-1,-1
80,271,1269,137,151,142,1,-1,-1,-1
80,273,1034,176,197,244,1,-1,-1,-1
80,275,1293,210,192,158,1,-1,-1,-1
80,287,693,399,231,179,1,-1,-1,-1
80,288,447,302,195,168,1,-1,-1,-1
80,306,863,21,253,153,1,-1,-1,-1
81,260,1462,479,374,330,1,-1,-1,-1
81,262,511,67,181,113,1,-1,-1,-1
81,271,1269,137,150,142,1,-1,-1,-1
81,273,1034,176,197,244,1,-1,-1,-1
81,275,1293,208,189,157,1,-1,-1,-1
81,287,691,405,234,182,1,-1,-1,-1
81,288,440,318,201,161,1,-1,-1,-1
81,306,845,19,259,152,1,-1,-1,-1
82,260,1453,468,375,331,1,-1,-1,-1
82,262,512,67,181,113,1,-1,-1,-1
82,271,1269,137,150,142,1,-1,-1,-1
82,273,1034,176,197,244,1,-1,-1,-1
82,275,1293,206,187,157,1,-1,-1,-1
82,287,689,410,237,185,1,-1,-1,-1
82,288,438,321,199,160,1,-1,-1,-1
82,306,820,20,259,148,1,-1,-1,-1
83,260,1448,459,372,330,1,-1,-1,-1
83,262,512,67,181,113,1,-1,-1,-1
83,271,1269,136,150,141,1,-1,-1,-1
83,273,1034,175,197,244,1,-1,-1,-1
83,275,1293,205,184,157,1,-1,-1,-1
83,287,687,416,240,188,1,-1,-1,-1
83,288,434,324,198,158,1,-1,-1,-1
83,306,795,21,259,143,1,-1,-1,-1
84,260,1434,462,373,319,1,-1,-1,-1
84,262,513,68,181,113,1,-1,-1,-1
84,271,1270,136,150,141,1,-1,-1,-1
84,273,1034,175,197,244,1,-1,-1,-1
84,275,1293,203,181,157,1,-1,-1,-1
84,287,685,422,243,192,1,-1,-1,-1
84,288,429,324,198,166,1,-1,-1,-1
84,306,769,21,258,139,1,-1,-1,-1
85,260,1435,442,362,333,1,-1,-1,-1
85,262,513,68,180,113,1,-1,-1,-1
85,271,1270,136,150,141,1,-1,-1,-1
85,273,1034,175,197,244,1,-1,-1,-1
85,275,1293,201,179,157,1,-1,-1,-1
85,287,682,427,245,195,1,-1,-1,-1
85,288,425,327,199,174,1,-1,-1,-1
85,306,744,22,258,134,1,-1,-1,-1
86,260,1432,438,360,333,1,-1,-1,-1
86,262,514,68,180,113,1,-1,-1,-1
86,271,1270,136,150,140,1,-1,-1,-1
86,273,1034,175,197,244,1,-1,-1,-1
86,275,1293,199,176,156,1,-1,-1,-1
86,287,680,433,248,198,1,-1,-1,-1
86,288,420,330,202,179,1,-1,-1,-1
86,306,719,23,258,130,1,-1,-1,-1
87,260,1425,434,355,323,1,-1,-1,-1
87,262,513,66,183,116,1,-1,-1,-1
87,271,1270,135,150,140,1,-1,-1,-1
87,273,1034,174,197,244,1,-1,-1,-1
87,275,1293,197,174,156,1,-1,-1,-1
87,287,678,438,251,201,1,-1,-1,-1
87,288,412,336,201,175,1,-1,-1,-1
87,306,687,22,262,129,1,-1,-1,-1
88,260,1420,430,347,316,1,-1,-1,-1
88,262,513,65,186,119,1,-1,-1,-1
88,271,1270,135,150,140,1,-1,-1,-1
88,273,1033,174,197,244,1,-1,-1,-1
88,275,1293,195,171,156,1,-1,-1,-1
88,287,676,444,254,204,1,-1,-1,-1
88,288,408,348,209,168,1,-1,-1,-1
88,306,654,21,265,128,1,-1,-1,-1
89,260,1414,424,338,306,1,-1,-1,-1
89,262,512,63,189,122,1,-1,-1,-1
89,271,1270,135,150,139,1,-1,-1,-1
89,273,1033,174,197,244,1,-1,-1,-1
89,275,1292,194,171,156,1,-1,-1,-1
89,287,674,446,254,208,1,-1,-1,-1
89,288,406,348,208,171,1,-1,-1,-1
89,306,622,20,269,128,1,-1,-1,-1
90,260,1410,415,330,305,1,-1,-1,-1
90,262,511,61,192,125,1,-1,-1,-1
90,273,1033,174,197,244,1,-1,-1,-1
90,275,1292,193,170,155,1,-1,-1,-1
90,287,670,452,257,211,1,-1,-1,-1
90,288,403,350,208,174,1,-1,-1,-1
90,306,589,19,272,127,1,-1,-1,-1
91,260,1405,408,325,301,1,-1,-1,-1
91,262,511,60,195,128,1,-1,-1,-1
91,273,1033,173,197,244,1,-1,-1,-1
91,275,1291,191,170,155,1,-1,-1,-1
91,287,665,458,264,216,1,-1,-1,-1
91,288,399,354,208,172,1,-1,-1,-1
91,306,557,18,276,126,1,-1,-1,-1
92,260,1399,402,327,299,1,-1,-1,-1
92,262,510,58,198,131,1,-1,-1,-1
92,273,1033,173,197,244,1,-1,-1,-1
92,275,1290,190,170,154,1,-1,-1,-1
92,287,658,464,271,221,1,-1,-1,-1
92,288,392,357,211,175,1,-1,-1,-1
92,306,517,18,282,126,1,-1,-1,-1
93,260,1381,403,330,286,1,-1,-1,-1
93,262,513,63,195,127,1,-1,-1,-1
93,273,1033,173,197,244,1,-1,-1,-1
93,275,1289,189,169,154,1,-1,-1,-1
93,287,652,469,276,227,1,-1,-1,-1
93,288,385,362,217,175,1,-1,-1,-1
93,306,477,17,288,126,1,-1,-1,-1
94,260,1381,387,326,294,1,-1,-1,-1
94,262,515,67,193,123,1,-1,-1,-1
94,273,1033,173,197,244,1,-1,-1,-1
94,275,1289,188,169,154,1,-1,-1,-1
94,287,650,475,276,230,1,-1,-1,-1
94,288,379,365,221,179,1,-1,-1,-1
94,306,437,17,294,126,1,-1,-1,-1
95,260,1384,388,319,285,1,-1,-1,-1
95,262,519,66,190,124,1,-1,-1,-1
95,273,1032,172,197,243,1,-1,-1,-1
95,275,1288,186,169,153,1,-1,-1,-1
95,287,650,482,275,231,1,-1,-1,-1
95,288,376,370,222,178,1,-1,-1,-1
96,260,1382,387,316,276,1,-1,-1,-1
96,262,526,65,186,125,1,-1,-1,-1
96,273,1032,172,197,243,1,-1,-1,-1
96,275,1287,185,168,153,1,-1,-1,-1
96,287,645,487,276,232,1,-1,-1,-1
96,288,374,381,224,184,1,-1,-1,-1
97,260,1380,384,310,271,1,-1,-1,-1
97,262,529,64,183,128,1,-1,-1,-1
97,273,1032,171,197,242,1,-1,-1,-1
97,275,1286,184,168,152,1,-1,-1,-1
97,287,637,490,282,235,1,-1,-1,-1
97,288,375,383,219,185,1,-1,-1,-1
98,260,1378,378,301,267,1,-1,-1,-1
98,262,532,64,179,129,1,-1,-1,-1
98,273,1032,171,197,242,1,-1,-1,-1
98,275,1286,183,168,152,1,-1,-1,-1
98,287,633,510,288,227,1,-1,-1,-1
98,288,375,385,218,190,1,-1,-1,-1
99,260,1378,372,292,265,1,-1,-1,-1
99,262,534,63,179,132,1,-1,-1,-1
99,273,1031,171,197,241,1,-1,-1,-1
99,275,1285,181,167,152,1,-1,-1,-1
99,287,629,516,296,229,1,-1,-1,-1
99,288,368,396,210,183,1,-1,-1,-1
100,260,1374,367,287,265,1,-1,-1,-1
100,262,537,66,180,130,1,-1,-1,-1
100,273,1031,170,197,241,1,-1,-1,-1
100,275,1284,180,167,151,1,-1,-1,-1
100,287,624,525,301,231,1,-1,-1,-1
100,288,360,400,219,186,1,-1,-1,-1
101,260,1369,362,286,265,1,-1,-1,-1
101,262,541,70,182,128,1,-1,-1,-1
101,273,1031,170,197,240,1,-1,-1,-1
101,275,1283,179,166,151,1,-1,-1,-1
101,287,620,533,300,234,1,-1,-1,-1
101,288,352,404,226,185,1,-1,-1,-1
102,260,1365,355,284,266,1,-1,-1,-1
102,262,544,73,183,125,1,-1,-1,-1
102,273,1031,170,198,240,1,-1,-1,-1
102,275,1283,178,166,150,1,-1,-1,-1
102,287,617,542,298,233,1,-1,-1,-1
102,288,348,416,231,185,1,-1,-1,-1
103,260,1363,349,281,266,1,-1,-1,-1
103,262,547,76,184,123,1,-1,-1,-1
103,273,1030,169,198,240,1,-1,-1,-1
103,275,1282,176,166,150,1,-1,-1,-1
103,287,615,549,296,237,1,-1,-1,-1
103,288,340,418,239,184,1,-1,-1,-1
104,260,1360,345,276,265,1,-1,-1,-1
104,262,550,76,183,123,1,-1,-1,-1
104,273,1030,169,198,239,1,-1,-1,-1
104,275,1281,175,165,150,1,-1,-1,-1
104,287,608,554,298,240,1,-1,-1,-1
104,288,336,422,240,189,1,-1,-1,-1
105,260,1356,340,275,263,1,-1,-1,-1
105,262,554,78,177,122,1,-1,-1,-1
105,273,1030,168,198,239,1,-1,-1,-1
105,275,1280,174,165,149,1,-1,-1,-1
105,287,604,556,300,248,1,-1,-1,-1
105,288,331,426,241,193,1,-1,-1,-1
106,260,1352,334,273,261,1,-1,-1,-1
106,262,559,79,171,120,1,-1,-1,-1
106,273,1029,168,198,238,1,-1,-1,-1
106,275,1280,173,165,149,1,-1,-1,-1
106,287,601,575,301,249,1,-1,-1,-1
106,288,327,430,242,198,1,-1,-1,-1
107,260,1348,329,272,259,1,-1,-1,-1
107,262,563,81,165,119,1,-1,-1,-1
107,273,1029,168,198,238,1,-1,-1,-1
107,275,1279,171,164,148,1,-1,-1,-1
107,287,596,583,306,250,1,-1,-1,-1
107,288,323,434,243,202,1,-1,-1,-1
108,260,1343,323,271,257,1,-1,-1,-1
108,262,568,83,160,118,1,-1,-1,-1
108,273,1029,167,198,237,1,-1,-1,-1
108,275,1278,170,164,148,1,-1,-1,-1
108,287,591,594,312,250,1,-1,-1,-1
108,288,318,438,244,207,1,-1,-1,-1
109,260,1339,318,269,255,1,-1,-1,-1
109,262,572,85,154,117,1,-1,-1,-1
109,273,1029,167,198,237,1,-1,-1,-1
109,275,1278,169,164,148,1,-1,-1,-1
109,287,568,606,327,249,1,-1,-1,-1
109,288,314,442,245,211,1,-1,-1,-1
110,260,1335,312,268,253,1,-1,-1,-1
110,262,577,86,148,115,1,-1,-1,-1
110,273,1028,166,198,236,1,-1,-1,-1
110,275,1277,168,164,148,1,-1,-1,-1
110,287,566,614,328,255,1,-1,-1,-1
110,288,311,445,248,215,1,-1,-1,-1
111,260,1334,308,265,249,1,-1,-1,-1
111,262,581,88,142,114,1,-1,-1,-1
111,273,1028,166,198,236,1,-1,-1,-1
111,275,1277,167,164,147,1,-1,-1,-1
111,287,559,619,338,263,1,-1,-1,-1
111,288,308,453,250,216,1,-1,-1,-1
112,260,1331,305,265,244,1,-1,-1,-1
112,262,579,89,146,116,1,-1,-1,-1
112,273,1028,165,197,236,1,-1,-1,-1
112,275,1277,167,164,147,1,-1,-1,-1
112,287,552,633,345,274,1,-1,-1,-1
112,288,304,461,252,218,1,-1,-1,-1
113,260,1327,302,264,241,1,-1,-1,-1
113,262,577,89,149,118,1,-1,-1,-1
113,273,1029,165,197,236,1,-1,-1,-1
113,275,1276,166,164,147,1,-1,-1,-1
113,287,547,640,348,275,1,-1,-1,-1
113,288,296,471,259,220,1,-1,-1,-1
114,260,1322,299,264,235,1,-1,-1,-1
114,262,575,90,153,121,1,-1,-1,-1
114,273,1029,164,196,235,1,-1,-1,-1
114,275,1276,165,164,147,1,-1,-1,-1
114,287,542,648,350,276,1,-1,-1,-1
114,288,288,476,262,222,1,-1,-1,-1
115,260,1322,295,262,232,1,-1,-1,-1
115,262,573,90,156,123,1,-1,-1,-1
115,273,1030,164,195,235,1,-1,-1,-1
115,275,1276,164,164,146,1,-1,-1,-1
115,287,538,657,353,279,1,-1,-1,-1
115,288,279,481,265,223,1,-1,-1,-1
116,260,1320,296,263,227,1,-1,-1,-1
116,262,571,91,160,125,1,-1,-1,-1
116,273,1030,163,195,235,1,-1,-1,-1
116,275,1275,163,164,146,1,-1,-1,-1
116,287,529,669,361,282,1,-1,-1,-1
116,288,269,485,271,223,1,-1,-1,-1
117,260,1317,294,263,222,1,-1,-1,-1
117,262,569,91,163,127,1,-1,-1,-1
117,273,1031,163,194,235,1,-1,-1,-1
117,275,1275,162,164,146,1,-1,-1,-1
117,287,520,677,366,289,1,-1,-1,-1
117,288,260,489,277,227,1,-1,-1,-1
118,260,1315,293,256,219,1,-1,-1,-1
118,262,569,94,163,127,1,-1,-1,-1
118,273,1031,162,193,235,1,-1,-1,-1
118,275,1275,162,164,146,1,-1,-1,-1
118,287,517,700,365,293,1,-1,-1,-1
118,288,255,509,276,226,1,-1,-1,-1
119,260,1313,291,254,218,1,-1,-1,-1
119,262,569,97,162,125,1,-1,-1,-1
119,273,1031,162,193,234,1,-1,-1,-1
119,275,1274,161,163,145,1,-1,-1,-1
119,287,511,708,369,297,1,-1,-1,-1
119,288,252,516,270,223,1,-1,-1,-1
120,260,1311,290,251,217,1,-1,-1,-1
120,262,568,99,163,129,1,-1,-1,-1
120,273,1032,161,192,234,1,-1,-1,-1
120,275,1274,160,163,145,1,-1,-1,-1
120,287,500,722,381,299,1,-1,-1,-1
120,288,247,524,268,222,1,-1,-1,-1
121,260,1301,274,255,228,1,-1,-1,-1
121,262,566,101,162,130,1,-1,-1,-1
121,273,1032,161,191,234,1,-1,-1,-1
121,275,1273,159,163,145,1,-1,-1,-1
121,287,489,734,391,307,1,-1,-1,-1
121,288,242,532,273,221,1,-1,-1,-1
122,260,1299,274,254,227,1,-1,-1,-1
122,262,564,105,163,130,1,-1,-1,-1
122,273,1033,160,191,234,1,-1,-1,-1
122,275,1273,158,163,145,1,-1,-1,-1
122,287,493,755,368,302,1,-1,-1,-1
122,288,235,538,281,224,1,-1,-1,-1
123,260,1300,272,252,228,1,-1,-1,-1
123,262,561,109,163,129,1,-1,-1,-1
123,273,1033,160,190,234,1,-1,-1,-1
123,275,1273,157,163,144,1,-1,-1,-1
123,287,497,775,344,297,1,-1,-1,-1
123,288,221,547,286,224,1,-1,-1,-1
124,260,1297,270,254,227,1,-1,-1,-1
124,262,559,112,164,129,1,-1,-1,-1
124,273,1034,159,189,234,1,-1,-1,-1
124,275,1272,156,163,144,1,-1,-1,-1
124,287,490,786,350,294,1,-1,-1,-1
124,288,215,553,293,229,1,-1,-1,-1
125,260,1294,268,257,222,1,-1,-1,-1
125,262,556,116,164,128,1,-1,-1,-1
125,273,1034,159,189,233,1,-1,-1,-1
125,275,1272,156,163,144,1,-1,-1,-1
125,287,478,799,360,281,1,-1,-1,-1
125,288,211,556,296,233,1,-1,-1,-1
126,260,1292,265,260,219,1,-1,-1,-1
126,262,553,118,164,128,1,-1,-1,-1
126,273,1034,158,188,233,1,-1,-1,-1
126,275,1272,155,163,144,1,-1,-1,-1
126,287,470,813,366,267,1,-1,-1,-1
126,288,203,558,300,240,1,-1,-1,-1
127,260,1290,261,256,218,1,-1,-1,-1
127,262,551,119,164,130,1,-1,-1,-1
127,273,1035,158,187,233,1,-1,-1,-1
127,275,1271,154,163,143,1,-1,-1,-1
127,288,190,565,312,254,1,-1,-1,-1
128,260,1290,257,253,218,1,-1,-1,-1
128,262,548,122,166,131,1,-1,-1,-1
128,273,1035,157,187,233,1,-1,-1,-1
128,275,1271,153,163,143,1,-1,-1,-1
128,288,185,566,312,259,1,-1,-1,-1
129,260,1288,255,250,215,1,-1,-1,-1
129,262,546,127,168,130,1,-1,-1,-1
129,273,1036,157,186,233,1,-1,-1,-1
129,275,1271,152,162,143,1,-1,-1,-1
129,288,177,573,315,257,1,-1,-1,-1
130,260,1287,255,246,209,1,-1,-1,-1
130,262,543,130,169,131,1,-1,-1,-1
130,273,1036,156,185,232,1,-1,-1,-1
130,275,1271,152,162,143,1,-1,-1,-1
130,288,172,586,317,253,1,-1,-1,-1
130,299,1062,80,146,128,1,-1,-1,-1
130,302,374,1,312,174,1,-1,-1,-1
131,260,1289,254,238,209,1,-1,-1,-1
131,262,540,132,170,131,1,-1,-1,-1
131,271,1297,109,198,144,1,-1,-1,-1
131,273,1037,156,185,232,1,-1,-1,-1
131,275,1271,151,161,143,1,-1,-1,-1
131,288,165,594,317,255,1,-1,-1,-1
131,299,1064,79,145,126,1,-1,-1,-1
131,302,379,1,309,174,1,-1,-1,-1
132,260,1279,249,238,210,1,-1,-1,-1
132,262,537,135,171,132,1,-1,-1,-1
132,271,1302,107,204,144,1,-1,-1,-1
132,273,1037,155,184,232,1,-1,-1,-1
132,275,1271,150,161,143,1,-1,-1,-1
132,288,158,602,317,259,1,-1,-1,-1
132,299,1065,77,144,125,1,-1,-1,-1
132,302,384,2,305,173,1,-1,-1,-1
133,260,1280,245,233,213,1,-1,-1,-1
133,262,535,138,172,133,1,-1,-1,-1
133,271,1306,105,211,143,1,-1,-1,-1
133,273,1037,154,184,232,1,-1,-1,-1
133,275,1271,150,160,143,1,-1,-1,-1
133,288,147,608,321,267,1,-1,-1,-1
133,299,1061,75,147,126,1,-1,-1,-1
133,302,389,2,302,173,1,-1,-1,-1
134,260,1280,240,231,215,1,-1,-1,-1
134,262,532,141,173,134,1,-1,-1,-1
134,271,1310,103,217,142,1,-1,-1,-1
134,273,1036,154,184,232,1,-1,-1,-1
134,275,1271,149,160,143,1,-1,-1,-1
134,278,1180,815,381,265,1,-1,-1,-1
134,288,138,614,328,274,1,-1,-1,-1
134,299,1057,73,149,127,1,-1,-1,-1
134,302,394,2,298,173,1,-1,-1,-1
135,260,1281,236,229,215,1,-1,-1,-1
135,262,529,143,174,134,1,-1,-1,-1
135,271,1321,103,219,141,1,-1,-1,-1
135,273,1036,153,184,232,1,-1,-1,-1
135,275,1271,149,159,143,1,-1,-1,-1
135,278,1140,793,426,287,1,-1,-1,-1
135,288,121,619,330,273,1,-1,-1,-1
135,299,1052,70,152,128,1,-1,-1,-1
135,302,399,3,295,173,1,-1,-1,-1
136,260,1272,239,242,198,1,-1,-1,-1
136,262,526,146,175,135,1,-1,-1,-1
136,271,1331,102,220,139,1,-1,-1,-1
136,273,1036,153,185,231,1,-1,-1,-1
136,275,1270,148,158,143,1,-1,-1,-1
136,278,1135,781,425,299,1,-1,-1,-1
136,288,113,635,333,283,1,-1,-1,-1
136,299,1048,68,155,129,1,-1,-1,-1
136,302,404,3,291,173,1,-1,-1,-1
137,260,1273,236,240,198,1,-1,-1,-1
137,262,524,146,177,138,1,-1,-1,-1
137,271,1342,102,222,138,1,-1,-1,-1
137,273,1036,152,185,231,1,-1,-1,-1
137,275,1270,147,158,143,1,-1,-1,-1
137,278,1131,770,425,310,1,-1,-1,-1
137,288,101,646,337,278,1,-1,-1,-1
137,299,1044,66,157,130,1,-1,-1,-1
137,302,405,3,290,174,1,-1,-1,-1
138,260,1277,235,230,196,1,-1,-1,-1
138,262,523,149,176,139,1,-1,-1,-1
138,271,1354,101,228,137,1,-1,-1,-1
138,273,1035,152,185,231,1,-1,-1,-1
138,275,1270,147,157,143,1,-1,-1,-1
138,278,1125,759,428,321,1,-1,-1,-1
138,288,87,657,343,278,1,-1,-1,-1
138,299,1040,64,160,131,1,-1,-1,-1
138,302,406,2,290,174,1,-1,-1,-1
139,260,1278,232,226,194,1,-1,-1,-1
139,262,523,153,175,136,1,-1,-1,-1
139,271,1366,100,234,136,1,-1,-1,-1
139,273,1035,151,185,231,1,-1,-1,-1
139,275,1270,146,157,143,1,-1,-1,-1
139,278,1108,751,422,329,1,-1,-1,-1
139,288,77,666,349,282,1,-1,-1,-1
139,299,1035,61,163,132,1,-1,-1,-1
139,302,407,2,289,175,1,-1,-1,-1
140,260,1278,230,220,194,1,-1,-1,-1
140,262,524,157,173,135,1,-1,-1,-1
140,271,1378,100,240,135,1,-1,-1,-1
140,273,1035,151,185,231,1,-1,-1,-1
140,275,1270,145,156,143,1,-1,-1,-1
140,278,1106,747,415,333,1,-1,-1,-1
140,288,68,674,349,288,1,-1,-1,-1
140,299,1031,59,165,133,1,-1,-1,-1
140,302,408,1,288,175,1,-1,-1,-1
141,260,1277,228,218,194,1,-1,-1,-1
141,262,524,159,173,138,1,-1,-1,-1
141,271,1389,99,246,134,1,-1,-1,-1
141,273,1035,150,185,231,1,-1,-1,-1
141,275,1270,145,156,143,1,-1,-1,-1
141,278,1095,735,414,331,1,-1,-1,-1
141,288,58,679,350,297,1,-1,-1,-1
141,299,1027,57,168,134,1,-1,-1,-1
141,302,409,1,288,176,1,-1,-1,-1
142,260,1276,224,217,193,1,-1,-1,-1
142,262,524,162,173,139,1,-1,-1,-1
142,271,1401,98,252,133,1,-1,-1,-1
142,273,1034,150,186,230,1,-1,-1,-1
142,275,1270,144,155,143,1,-1,-1,-1
142,278,1084,734,410,320,1,-1,-1,-1
142,288,21,693,382,305,1,-1,-1,-1
142,299,1016,55,173,134,1,-1,-1,-1
142,302,410,0,287,176,1,-1,-1,-1
143,260,1275,220,216,191,1,-1,-1,-1
143,262,524,165,172,140,1,-1,-1,-1
143,271,1413,97,258,132,1,-1,-1,-1
143,273,1034,149,186,230,1,-1,-1,-1
143,275,1270,144,155,143,1,-1,-1,-1
143,278,1068,731,418,315,1,-1,-1,-1
143,288,15,703,375,303,1,-1,-1,-1
143,299,1005,53,178,134,1,-1,-1,-1
143,302,410,0,287,176,1,-1,-1,-1
144,260,1274,216,215,190,1,-1,-1,-1
144,262,524,168,172,140,1,-1,-1,-1
144,271,1432,96,262,132,1,-1,-1,-1
144,273,1034,149,186,230,1,-1,-1,-1
144,275,1270,143,155,143,1,-1,-1,-1
144,278,1056,724,422,314,1,-1,-1,-1
144,288,4,719,373,301,1,-1,-1,-1
144,299,993,50,182,133,1,-1,-1,-1
144,302,410,0,287,176,1,-1,-1,-1
145,260,1273,211,214,189,1,-1,-1,-1
145,262,522,174,176,142,1,-1,-1,-1
145,271,1450,95,266,132,1,-1,-1,-1
145,273,1034,148,186,230,1,-1,-1,-1
145,278,1024,718,438,312,1,-1,-1,-1
145,288,0,731,370,307,1,-1,-1,-1
145,299,982,48,187,133,1,-1,-1,-1
145,302,410,0,288,176,1,-1,-1,-1
146,260,1272,207,213,187,1,-1,-1,-1
146,262,520,179,179,143,1,-1,-1,-1
146,271,1469,93,271,131,1,-1,-1,-1
146,273,1033,148,186,230,1,-1,-1,-1
146,278,992,712,454,310,1,-1,-1,-1
146,288,0,740,373,314,1,-1,-1,-1
146,299,963,45,198,135,1,-1,-1,-1
146,302,409,0,288,176,1,-1,-1,-1
147,260,1271,203,212,186,1,-1,-1,-1
147,262,519,180,182,144,1,-1,-1,-1
147,271,1487,92,275,131,1,-1,-1,-1
147,273,1033,147,186,230,1,-1,-1,-1
147,278,959,705,470,307,1,-1,-1,-1
147,288,0,766,330,298,1,-1,-1,-1
147,299,944,42,208,137,1,-1,-1,-1
147,302,409,0,288,176,1,-1,-1,-1
148,260,1270,200,213,186,1,-1,-1,-1
148,262,519,182,183,144,1,-1,-1,-1
148,271,1506,91,279,131,1,-1,-1,-1
148,273,1033,147,187,229,1,-1,-1,-1
148,278,927,699,486,305,1,-1,-1,-1
148,288,0,778,316,302,1,-1,-1,-1
148,299,924,38,219,140,1,-1,-1,-1
148,302,409,0,288,176,1,-1,-1,-1
149,260,1268,198,213,187,1,-1,-1,-1
149,262,520,186,184,143,1,-1,-1,-1
149,271,1530,90,283,131,1,-1,-1,-1
149,273,1033,146,187,229,1,-1,-1,-1
149,278,895,693,502,303,1,-1,-1,-1
149,288,0,795,304,285,1,-1,-1,-1
149,299,905,35,229,142,1,-1,-1,-1
149,302,409,0,288,176,1,-1,-1,-1
150,260,1268,196,211,186,1,-1,-1,-1
150,262,520,188,184,143,1,-1,-1,-1
150,271,1554,89,287,131,1,-1,-1,-1
150,273,1032,146,187,229,1,-1,-1,-1
150,278,848,691,513,299,1,-1,-1,-1
150,299,886,32,240,144,1,-1,-1,-1
150,302,409,0,289,176,1,-1,-1,-1
151,260,1267,194,210,186,1,-1,-1,-1
151,262,521,189,183,146,1,-1,-1,-1
151,271,1578,87,291,130,1,-1,-1,-1
151,273,1032,145,187,229,1,-1,-1,-1
151,278,802,689,524,294,1,-1,-1,-1
151,299,861,30,243,144,1,-1,-1,-1
151,302,409,0,289,176,1,-1,-1,-1
152,260,1267,192,208,185,1,-1,-1,-1
152,262,522,192,182,149,1,-1,-1,-1
152,271,1602,86,295,130,1,-1,-1,-1
152,273,1032,145,187,229,1,-1,-1,-1
152,278,755,687,535,290,1,-1,-1,-1
152,299,843,31,240,139,1,-1,-1,-1
152,302,409,0,289,176,1,-1,-1,-1
153,260,1267,190,207,184,1,-1,-1,-1
153,262,523,196,182,150,1,-1,-1,-1
153,271,1628,85,292,134,1,-1,-1,-1
153,273,1032,144,186,228,1,-1,-1,-1
153,278,708,685,545,286,1,-1,-1,-1
153,299,826,33,237,134,1,-1,-1,-1
153,302,409,0,289,176,1,-1,-1,-1
154,260,1266,188,205,183,1,-1,-1,-1
154,262,524,200,180,150,1,-1,-1,-1
154,271,1660,83,260,133,1,-1,-1,-1
154,273,1032,144,186,228,1,-1,-1,-1
154,278,661,683,556,282,1,-1,-1,-1
154,299,808,34,233,129,1,-1,-1,-1
154,302,408,0,289,176,1,-1,-1,-1
155,260,1266,186,204,183,1,-1,-1,-1
155,262,520,211,187,150,1,-1,-1,-1
155,273,1032,144,186,227,1,-1,-1,-1
155,278,615,681,567,277,1,-1,-1,-1
155,299,790,35,230,124,1,-1,-1,-1
155,302,408,0,290,176,1,-1,-1,-1
156,260,1266,184,202,182,1,-1,-1,-1
156,262,520,211,188,151,1,-1,-1,-1
156,273,1032,144,185,227,1,-1,-1,-1
156,278,568,679,578,273,1,-1,-1,-1
156,299,758,30,242,131,1,-1,-1,-1
156,302,408,0,290,176,1,-1,-1,-1
157,260,1266,182,201,181,1,-1,-1,-1
157,262,518,214,191,151,1,-1,-1,-1
157,273,1033,143,185,226,1,-1,-1,-1
157,278,521,679,582,271,1,-1,-1,-1
157,299,726,25,254,139,1,-1,-1,-1
157,302,408,0,290,176,1,-1,-1,-1
158,260,1265,179,199,180,1,-1,-1,-1
158,262,518,217,194,151,1,-1,-1,-1
158,273,1033,143,185,226,1,-1,-1,-1
158,278,474,679,587,269,1,-1,-1,-1
158,299,693,19,265,146,1,-1,-1,-1
158,302,410,0,289,176,1,-1,-1,-1
159,260,1265,177,197,180,1,-1,-1,-1
159,262,518,220,194,151,1,-1,-1,-1
159,273,1033,143,184,226,1,-1,-1,-1
159,278,426,679,591,266,1,-1,-1,-1
159,299,661,14,277,153,1,-1,-1,-1
159,302,413,0,288,177,1,-1,-1,-1
160,260,1265,175,196,179,1,-1,-1,-1
160,262,518,222,195,154,1,-1,-1,-1
160,273,1033,142,184,225,1,-1,-1,-1
160,278,379,679,596,264,1,-1,-1,-1
160,299,637,13,282,154,1,-1,-1,-1
160,302,415,0,288,177,1,-1,-1,-1
160,308,1579,72,326,132,1,-1,-1,-1
161,260,1264,173,194,178,1,-1,-1,-1
161,262,517,224,196,157,1,-1,-1,-1
161,273,1033,142,184,225,1,-1,-1,-1
161,278,332,679,600,262,1,-1,-1,-1
161,302,417,0,287,177,1,-1,-1,-1
161,308,1559,72,323,131,1,-1,-1,-1
162,260,1264,171,193,177,1,-1,-1,-1
162,262,517,228,197,160,1,-1,-1,-1
162,273,1033,142,183,224,1,-1,-1,-1
162,278,271,673,617,273,1,-1,-1,-1
162,302,420,0,286,177,1,-1,-1,-1
162,308,1548,75,316,126,1,-1,-1,-1
163,260,1264,169,191,177,1,-1,-1,-1
163,262,519,232,193,157,1,-1,-1,-1
163,273,1033,142,183,224,1,-1,-1,-1
163,278,210,666,634,284,1,-1,-1,-1
163,302,422,0,285,178,1,-1,-1,-1
163,308,1536,79,308,120,1,-1,-1,-1
164,260,1263,167,190,176,1,-1,-1,-1
164,262,523,236,187,153,1,-1,-1,-1
164,273,1033,141,183,223,1,-1,-1,-1
164,278,148,660,651,294,1,-1,-1,-1
164,302,424,0,284,178,1,-1,-1,-1
164,308,1525,82,301,115,1,-1,-1,-1
165,260,1263,165,188,175,1,-1,-1,-1
165,262,521,249,193,150,1,-1,-1,-1
165,273,1033,141,182,223,1,-1,-1,-1
165,278,87,653,668,305,1,-1,-1,-1
165,302,427,0,283,178,1,-1,-1,-1
165,308,1513,85,293,109,1,-1,-1,-1
166,260,1263,164,187,175,1,-1,-1,-1
166,262,521,251,193,150,1,-1,-1,-1
166,273,1033,141,182,223,1,-1,-1,-1
166,278,41,661,688,296,1,-1,-1,-1
166,302,429,0,283,179,1,-1,-1,-1
166,308,1487,83,297,114,1,-1,-1,-1
167,260,1262,162,187,174,1,-1,-1,-1
167,262,519,253,193,151,1,-1,-1,-1
167,273,1034,140,182,222,1,-1,-1,-1
167,278,0,663,689,297,1,-1,-1,-1
167,302,431,0,282,179,1,-1,-1,-1
167,308,1461,82,302,119,1,-1,-1,-1
168,260,1262,161,186,174,1,-1,-1,-1
168,262,517,256,194,153,1,-1,-1,-1
168,273,1034,140,181,222,1,-1,-1,-1
168,278,0,685,620,267,1,-1,-1,-1
168,302,434,0,281,179,1,-1,-1,-1
168,308,1434,80,306,124,1,-1,-1,-1
169,260,1262,160,185,173,1,-1,-1,-1
169,262,516,259,195,157,1,-1,-1,-1
169,273,1034,140,181,221,1,-1,-1,-1
169,278,0,685,578,269,1,-1,-1,-1
169,302,436,0,280,179,1,-1,-1,-1
169,308,1408,78,310,129,1,-1,-1,-1
170,260,1261,159,184,173,1,-1,-1,-1
170,262,514,262,198,161,1,-1,-1,-1
170,273,1034,140,181,221,1,-1,-1,-1
170,302,438,0,279,180,1,-1,-1,-1
170,308,1389,79,309,129,1,-1,-1,-1
171,260,1261,157,184,172,1,-1,-1,-1
171,262,511,266,200,163,1,-1,-1,-1
171,273,1034,139,180,220,1,-1,-1,-1
171,302,441,0,278,180,1,-1,-1,-1
171,308,1368,81,305,127,1,-1,-1,-1
172,260,1260,156,183,172,1,-1,-1,-1
172,262,507,268,202,163,1,-1,-1,-1
172,273,1034,139,180,220,1,-1,-1,-1
172,302,443,0,278,180,1,-1,-1,-1
172,308,1347,82,302,124,1,-1,-1,-1
173,260,1260,155,182,171,1,-1,-1,-1
173,262,507,280,201,158,1,-1,-1,-1
173,273,1034,138,180,220,1,-1,-1,-1
173,302,445,0,277,180,1,-1,-1,-1
173,308,1326,84,298,122,1,-1,-1,-1
174,260,1260,154,181,171,1,-1,-1,-1
174,262,505,282,201,158,1,-1,-1,-1
174,273,1034,138,180,220,1,-1,-1,-1
174,281,1257,801,415,279,1,-1,-1,-1
174,302,448,0,276,181,1,-1,-1,-1
174,308,1306,86,294,120,1,-1,-1,-1
175,260,1259,152,181,170,1,-1,-1,-1
175,262,505,285,201,157,1,-1,-1,-1
175,273,1034,137,179,221,1,-1,-1,-1
175,281,1247,786,410,294,1,-1,-1,-1
175,302,450,0,275,181,1,-1,-1,-1
175,308,1285,88,290,118,1,-1,-1,-1
176,260,1259,151,180,170,1,-1,-1,-1
176,262,503,288,202,155,1,-1,-1,-1
176,273,1034,137,179,221,1,-1,-1,-1
176,281,1209,757,448,323,1,-1,-1,-1
176,302,456,0,270,182,1,-1,-1,-1
176,308,1264,89,287,115,1,-1,-1,-1
177,260,1259,150,179,170,1,-1,-1,-1
177,262,502,290,200,158,1,-1,-1,-1
177,273,1035,136,179,221,1,-1,-1,-1
177,281,1233,760,390,307,1,-1,-1,-1
177,302,462,0,265,183,1,-1,-1,-1
177,308,1243,91,283,113,1,-1,-1,-1
178,260,1259,149,179,169,1,-1,-1,-1
178,262,499,291,202,163,1,-1,-1,-1
178,273,1035,135,179,221,1,-1,-1,-1
178,281,1188,727,452,329,1,-1,-1,-1
178,302,468,0,260,183,1,-1,-1,-1
178,308,1220,92,281,113,1,-1,-1,-1
179,260,1259,148,178,169,1,-1,-1,-1
179,262,497,291,202,168,1,-1,-1,-1
179,273,1035,135,178,222,1,-1,-1,-1
179,281,1179,712,429,326,1,-1,-1,-1
179,302,474,0,255,184,1,-1,-1,-1
179,308,1198,93,278,113,1,-1,-1,-1
180,260,1258,147,178,169,1,-1,-1,-1
180,262,493,295,208,172,1,-1,-1,-1
180,273,1035,134,178,222,1,-1,-1,-1
180,281,1176,703,424,315,1,-1,-1,-1
180,302,480,0,250,185,1,-1,-1,-1
180,308,1175,94,276,112,1,-1,-1,-1
181,260,1258,146,177,169,1,-1,-1,-1
181,262,489,298,213,171,1,-1,-1,-1
181,273,1035,134,178,222,1,-1,-1,-1
181,281,1173,693,414,308,1,-1,-1,-1
181,302,486,0,245,186,1,-1,-1,-1
181,308,1152,95,273,112,1,-1,-1,-1
182,260,1258,145,177,168,1,-1,-1,-1
182,262,484,309,219,173,1,-1,-1,-1
182,273,1035,133,178,222,1,-1,-1,-1
182,281,1158,677,421,295,1,-1,-1,-1
182,302,491,0,240,186,1,-1,-1,-1
182,308,1130,96,271,112,1,-1,-1,-1
183,260,1258,145,176,168,1,-1,-1,-1
183,262,483,309,221,176,1,-1,-1,-1
183,273,1035,132,178,222,1,-1,-1,-1
183,281,1154,668,413,297,1,-1,-1,-1
183,302,497,0,235,187,1,-1,-1,-1
183,308,1107,96,268,112,1,-1,-1,-1
184,260,1258,144,175,168,1,-1,-1,-1
184,262,480,316,215,167,1,-1,-1,-1
184,273,1035,132,177,223,1,-1,-1,-1
184,281,1149,657,406,293,1,-1,-1,-1
184,302,503,0,230,188,1,-1,-1,-1
184,308,1084,97,266,112,1,-1,-1,-1
185,260,1258,143,175,167,1,-1,-1,-1
185,262,479,318,213,171,1,-1,-1,-1
185,273,1035,131,177,223,1,-1,-1,-1
185,281,1142,643,405,293,1,-1,-1,-1
185,302,509,0,225,189,1,-1,-1,-1
185,308,1061,98,263,111,1,-1,-1,-1
186,260,1258,142,174,167,1,-1,-1,-1
186,262,477,321,213,174,1,-1,-1,-1
186,273,1036,130,177,223,1,-1,-1,-1
186,281,1137,632,404,290,1,-1,-1,-1
186,302,515,0,220,189,1,-1,-1,-1
186,308,1039,99,261,111,1,-1,-1,-1
187,260,1257,141,174,167,1,-1,-1,-1
187,262,476,325,211,177,1,-1,-1,-1
187,273,1036,130,177,223,1,-1,-1,-1
187,281,1127,628,389,281,1,-1,-1,-1
187,302,521,0,215,190,1,-1,-1,-1
188,260,1257,140,173,167,1,-1,-1,-1
188,262,473,329,213,177,1,-1,-1,-1
188,273,1036,129,176,224,1,-1,-1,-1
188,275,1316,118,197,140,1,-1,-1,-1
188,281,1133,610,373,282,1,-1,-1,-1
188,302,527,0,210,191,1,-1,-1,-1
189,260,1257,139,173,166,1,-1,-1,-1
189,262,469,332,216,176,1,-1,-1,-1
189,273,1036,129,176,224,1,-1,-1,-1
189,275,1320,117,202,138,1,-1,-1,-1
189,281,1136,606,362,272,1,-1,-1,-1
189,302,531,1,207,192,1,-1,-1,-1
190,260,1257,138,172,166,1,-1,-1,-1
190,262,464,336,220,169,1,-1,-1,-1
190,273,1036,128,176,224,1,-1,-1,-1
190,275,1325,116,207,135,1,-1,-1,-1
190,281,1137,597,352,266,1,-1,-1,-1
190,302,534,2,203,192,1,-1,-1,-1
191,260,1257,137,172,166,1,-1,-1,-1
191,262,461,346,226,175,1,-1,-1,-1
191,273,1036,128,176,224,1,-1,-1,-1
191,275,1332,114,213,135,1,-1,-1,-1
191,281,1137,586,343,266,1,-1,-1,-1
191,302,538,3,200,193,1,-1,-1,-1
192,260,1257,136,172,166,1,-1,-1,-1
192,262,456,347,227,177,1,-1,-1,-1
192,273,1036,128,176,224,1,-1,-1,-1
192,275,1339,113,220,135,1,-1,-1,-1
192,281,1136,574,338,267,1,-1,-1,-1
192,302,541,4,197,193,1,-1,-1,-1
192,308,916,106,250,123,1,-1,-1,-1
193,260,1257,135,172,166,1,-1,-1,-1
193,262,448,348,232,183,1,-1,-1,-1
193,273,1036,128,176,224,1,-1,-1,-1
193,275,1345,111,226,136,1,-1,-1,-1
193,281,1132,565,339,267,1,-1,-1,-1
193,302,545,5,194,194,1,-1,-1,-1
193,308,896,107,248,125,1,-1,-1,-1
194,260,1257,135,172,166,1,-1,-1,-1
194,262,445,350,233,188,1,-1,-1,-1
194,273,1036,128,175,223,1,-1,-1,-1
194,275,1352,110,233,136,1,-1,-1,-1
194,281,1129,550,340,257,1,-1,-1,-1
194,302,548,5,190,194,1,-1,-1,-1
194,308,876,108,246,128,1,-1,-1,-1
195,260,1257,134,172,166,1,-1,-1,-1
195,262,441,353,238,193,1,-1,-1,-1
195,273,1036,128,175,223,1,-1,-1,-1
195,275,1359,108,239,136,1,-1,-1,-1
195,281,1129,549,338,249,1,-1,-1,-1
195,302,552,6,187,195,1,-1,-1,-1
195,308,856,110,244,130,1,-1,-1,-1
196,260,1257,133,172,166,1,-1,-1,-1
196,262,436,363,226,183,1,-1,-1,-1
196,273,1036,127,175,223,1,-1,-1,-1
196,275,1373,107,242,135,1,-1,-1,-1
196,281,1130,542,332,243,1,-1,-1,-1
196,302,555,7,184,195,1,-1,-1,-1
196,308,836,111,243,133,1,-1,-1,-1
197,260,1257,132,172,166,1,-1,-1,-1
197,262,433,369,225,183,1,-1,-1,-1
197,273,1036,127,175,223,1,-1,-1,-1
197,275,1387,106,245,133,1,-1,-1,-1
197,281,1131,533,327,242,1,-1,-1,-1
197,302,559,8,180,196,1,-1,-1,-1
197,308,816,112,241,135,1,-1,-1,-1
198,260,1257,131,171,165,1,-1,-1,-1
198,262,430,374,225,182,1,-1,-1,-1
198,273,1036,127,175,223,1,-1,-1,-1
198,275,1400,105,249,132,1,-1,-1,-1
198,281,1133,524,323,243,1,-1,-1,-1
198,302,562,9,177,196,1,-1,-1,-1
198,308,797,113,232,135,1,-1,-1,-1
199,260,1257,130,171,165,1,-1,-1,-1
199,262,427,380,224,182,1,-1,-1,-1
199,273,1036,127,175,223,1,-1,-1,-1
199,275,1414,104,252,130,1,-1,-1,-1
199,281,1135,516,322,242,1,-1,-1,-1
199,302,561,11,178,197,1,-1,-1,-1
199,308,784,117,240,133,1,-1,-1,-1
200,260,1257,129,171,165,1,-1,-1,-1
200,262,423,386,223,182,1,-1,-1,-1
200,273,1036,127,175,223,1,-1,-1,-1
200,275,1428,103,255,129,1,-1,-1,-1
200,281,1135,508,322,242,1,-1,-1,-1
200,302,561,12,178,197,1,-1,-1,-1
200,308,781,120,228,131,1,-1,-1,-1
201,260,1257,129,171,165,1,-1,-1,-1
201,262,420,392,222,182,1,-1,-1,-1
201,273,1036,127,174,222,1,-1,-1,-1
201,275,1446,101,259,130,1,-1,-1,-1
201,281,1136,503,320,238,1,-1,-1,-1
201,302,560,14,179,198,1,-1,-1,-1
201,308,755,123,231,135,1,-1,-1,-1
202,260,1257,128,171,165,1,-1,-1,-1
202,262,417,397,222,181,1,-1,-1,-1
202,273,1036,127,174,222,1,-1,-1,-1
202,275,1463,100,263,130,1,-1,-1,-1
202,281,1142,482,308,244,1,-1,-1,-1
202,302,560,16,179,199,1,-1,-1,-1
202,308,746,124,230,135,1,-1,-1,-1
203,260,1257,127,171,165,1,-1,-1,-1
203,262,414,403,221,181,1,-1,-1,-1
203,273,1036,127,174,222,1,-1,-1,-1
203,275,1481,98,266,131,1,-1,-1,-1
203,281,1150,482,299,234,1,-1,-1,-1
203,302,559,17,180,199,1,-1,-1,-1
203,308,733,128,228,135,1,-1,-1,-1
204,260,1257,126,171,165,1,-1,-1,-1
204,262,406,408,228,185,1,-1,-1,-1
204,273,1036,127,174,222,1,-1,-1,-1
204,275,1498,97,270,131,1,-1,-1,-1
204,281,1156,478,294,230,1,-1,-1,-1
204,302,559,19,180,200,1,-1,-1,-1
204,308,721,131,225,135,1,-1,-1,-1
205,260,1257,126,171,165,1,-1,-1,-1
205,262,398,412,234,189,1,-1,-1,-1
205,273,1036,127,174,222,1,-1,-1,-1
205,275,1516,95,274,132,1,-1,-1,-1
205,281,1159,472,293,228,1,-1,-1,-1
205,302,558,20,181,201,1,-1,-1,-1
205,308,708,135,223,135,1,-1,-1,-1
206,260,1257,126,171,165,1,-1,-1,-1
206,262,389,417,241,193,1,-1,-1,-1
206,273,1036,126,174,222,1,-1,-1,-1
206,275,1539,95,277,131,1,-1,-1,-1
206,281,1161,466,290,228,1,-1,-1,-1
206,302,558,22,182,202,1,-1,-1,-1
206,308,695,138,220,135,1,-1,-1,-1
207,260,1257,125,171,165,1,-1,-1,-1
207,262,381,422,248,197,1,-1,-1,-1
207,273,1036,126,173,221,1,-1,-1,-1
207,275,1563,95,280,130,1,-1,-1,-1
207,281,1164,460,288,226,1,-1,-1,-1
207,302,557,24,182,202,1,-1,-1,-1
207,308,682,142,218,135,1,-1,-1,-1
208,260,1257,125,171,164,1,-1,-1,-1
208,262,373,426,254,200,1,-1,-1,-1
208,273,1036,126,173,221,1,-1,-1,-1
208,275,1586,94,283,128,1,-1,-1,-1
208,281,1166,455,286,222,1,-1,-1,-1
208,302,556,25,183,203,1,-1,-1,-1
208,308,670,145,215,135,1,-1,-1,-1
209,260,1257,125,171,164,1,-1,-1,-1
209,262,365,431,261,204,1,-1,-1,-1
209,273,1036,126,173,221,1,-1,-1,-1
209,275,1609,94,286,127,1,-1,-1,-1
209,281,1171,451,282,215,1,-1,-1,-1
209,302,556,27,183,204,1,-1,-1,-1
209,308,657,149,213,135,1,-1,-1,-1
210,260,1257,125,171,164,1,-1,-1,-1
210,262,356,435,267,208,1,-1,-1,-1
210,273,1036,126,173,221,1,-1,-1,-1
210,275,1633,89,287,130,1,-1,-1,-1
210,281,1174,450,277,205,1,-1,-1,-1
210,302,555,29,184,204,1,-1,-1,-1
210,308,644,152,210,135,1,-1,-1,-1
211,260,1257,125,171,164,1,-1,-1,-1
211,262,348,440,274,212,1,-1,-1,-1
211,273,1036,125,173,221,1,-1,-1,-1
211,275,1662,89,258,132,1,-1,-1,-1
211,281,1181,448,270,198,1,-1,-1,-1
211,302,555,30,184,205,1,-1,-1,-1
211,308,635,156,206,137,1,-1,-1,-1
212,260,1258,124,172,164,1,-1,-1,-1
212,262,342,446,271,211,1,-1,-1,-1
212,273,1036,125,173,220,1,-1,-1,-1
212,281,1184,448,266,193,1,-1,-1,-1
212,302,554,32,185,206,1,-1,-1,-1
212,308,625,160,202,138,1,-1,-1,-1
213,260,1258,124,172,164,1,-1,-1,-1
213,262,334,453,271,210,1,-1,-1,-1
213,273,1036,124,172,220,1,-1,-1,-1
213,281,1188,425,263,210,1,-1,-1,-1
213,302,554,33,185,206,1,-1,-1,-1
213,308,617,162,202,142,1,-1,-1,-1
214,260,1258,124,172,164,1,-1,-1,-1
214,262,329,459,273,212,1,-1,-1,-1
214,273,1037,123,172,220,1,-1,-1,-1
214,281,1190,421,262,209,1,-1,-1,-1
214,302,553,35,186,207,1,-1,-1,-1
214,308,609,167,204,142,1,-1,-1,-1
215,260,1258,124,172,164,1,-1,-1,-1
215,262,324,465,275,216,1,-1,-1,-1
215,273,1037,123,172,219,1,-1,-1,-1
215,281,1193,416,259,206,1,-1,-1,-1
215,302,551,38,187,208,1,-1,-1,-1
215,308,599,172,203,143,1,-1,-1,-1
216,260,1258,124,172,163,1,-1,-1,-1
216,262,318,470,278,218,1,-1,-1,-1
216,273,1037,122,172,219,1,-1,-1,-1
216,281,1198,409,253,204,1,-1,-1,-1
216,302,549,40,187,208,1,-1,-1,-1
216,308,589,177,202,143,1,-1,-1,-1
216,309,1099,77,155,142,1,-1,-1,-1
217,260,1258,123,172,163,1,-1,-1,-1
217,262,313,476,281,219,1,-1,-1,-1
217,273,1037,121,172,219,1,-1,-1,-1
217,281,1201,403,248,200,1,-1,-1,-1
217,302,547,43,188,209,1,-1,-1,-1
217,308,584,180,201,142,1,-1,-1,-1
217,309,1101,74,153,143,1,-1,-1,-1
218,260,1258,123,172,163,1,-1,-1,-1
218,262,311,480,277,222,1,-1,-1,-1
218,273,1037,121,171,218,1,-1,-1,-1
218,281,1201,395,248,198,1,-1,-1,-1
218,302,546,45,189,210,1,-1,-1,-1
218,308,579,184,199,141,1,-1,-1,-1
218,309,1103,71,152,143,1,-1,-1,-1
219,260,1258,123,172,163,1,-1,-1,-1
219,262,296,485,283,229,1,-1,-1,-1
219,273,1037,120,171,218,1,-1,-1,-1
219,281,1206,390,254,198,1,-1,-1,-1
219,302,544,48,189,211,1,-1,-1,-1
219,308,573,189,199,139,1,-1,-1,-1
219,309,1105,68,150,143,1,-1,-1,-1
220,260,1258,123,172,163,1,-1,-1,-1
220,262,291,486,284,235,1,-1,-1,-1
220,273,1037,119,171,218,1,-1,-1,-1
220,281,1206,384,255,197,1,-1,-1,-1
220,302,542,50,190,211,1,-1,-1,-1
220,308,560,196,196,136,1,-1,-1,-1
220,309,1099,66,154,143,1,-1,-1,-1
221,260,1258,123,172,163,1,-1,-1,-1
221,262,283,501,292,232,1,-1,-1,-1
221,273,1037,119,171,217,1,-1,-1,-1
221,281,1211,379,251,196,1,-1,-1,-1
221,302,540,53,191,212,1,-1,-1,-1
221,308,556,199,195,141,1,-1,-1,-1
221,309,1093,64,158,142,1,-1,-1,-1
222,260,1258,123,173,163,1,-1,-1,-1
222,262,277,506,294,231,1,-1,-1,-1
222,273,1038,118,171,217,1,-1,-1,-1
222,281,1213,375,250,194,1,-1,-1,-1
222,302,538,55,191,213,1,-1,-1,-1
222,308,553,200,190,145,1,-1,-1,-1
222,309,1087,63,163,142,1,-1,-1,-1
223,260,1257,123,173,163,1,-1,-1,-1
223,262,269,512,300,227,1,-1,-1,-1
223,273,1038,117,170,217,1,-1,-1,-1
223,281,1212,371,256,186,1,-1,-1,-1
223,302,536,58,192,213,1,-1,-1,-1
223,308,551,203,185,145,1,-1,-1,-1
223,309,1080,61,167,142,1,-1,-1,-1
224,260,1257,122,173,163,1,-1,-1,-1
224,262,260,520,309,224,1,-1,-1,-1
224,273,1038,117,170,216,1,-1,-1,-1
224,281,1211,366,262,178,1,-1,-1,-1
224,302,534,60,192,214,1,-1,-1,-1
224,308,547,207,185,146,1,-1,-1,-1
224,309,1074,59,171,141,1,-1,-1,-1
225,260,1257,122,173,163,1,-1,-1,-1
225,262,252,527,314,224,1,-1,-1,-1
225,273,1038,116,170,216,1,-1,-1,-1
225,281,1215,358,255,179,1,-1,-1,-1
225,302,533,63,193,215,1,-1,-1,-1
225,308,543,211,185,146,1,-1,-1,-1
225,309,1068,57,175,141,1,-1,-1,-1
226,260,1257,122,173,162,1,-1,-1,-1
226,262,246,534,314,226,1,-1,-1,-1
226,273,1037,115,171,216,1,-1,-1,-1
226,281,1219,352,251,178,1,-1,-1,-1
226,302,531,65,194,216,1,-1,-1,-1
226,308,539,215,185,147,1,-1,-1,-1
226,309,1054,55,180,140,1,-1,-1,-1
227,260,1257,122,174,162,1,-1,-1,-1
227,262,239,540,311,229,1,-1,-1,-1
227,273,1036,115,171,215,1,-1,-1,-1
227,281,1221,348,248,175,1,-1,-1,-1
227,302,529,68,194,216,1,-1,-1,-1
227,308,530,223,186,141,1,-1,-1,-1
228,260,1257,122,174,162,1,-1,-1,-1
228,262,230,548,314,229,1,-1,-1,-1
228,273,1036,114,172,215,1,-1,-1,-1
228,281,1226,341,244,175,1,-1,-1,-1
228,302,527,70,195,217,1,-1,-1,-1
228,308,527,225,186,143,1,-1,-1,-1
228,309,1025,51,191,139,1,-1,-1,-1
229,260,1256,122,174,162,1,-1,-1,-1
229,262,222,553,317,232,1,-1,-1,-1
229,273,1035,113,172,214,1,-1,-1,-1
229,281,1230,334,239,174,1,-1,-1,-1
229,302,525,73,196,218,1,-1,-1,-1
229,308,524,226,186,146,1,-1,-1,-1
229,309,1011,48,196,138,1,-1,-1,-1
230,260,1256,122,174,162,1,-1,-1,-1
230,262,215,558,322,238,1,-1,-1,-1
230,273,1034,112,173,214,1,-1,-1,-1
230,281,1236,330,232,178,1,-1,-1,-1
230,302,523,76,196,219,1,-1,-1,-1
230,308,521,228,186,150,1,-1,-1,-1
230,309,997,46,201,137,1,-1,-1,-1
231,260,1256,122,174,162,1,-1,-1,-1
231,262,204,560,319,242,1,-1,-1,-1
231,273,1033,112,173,213,1,-1,-1,-1
231,281,1241,328,229,179,1,-1,-1,-1
231,302,521,79,197,220,1,-1,-1,-1
231,308,520,230,184,152,1,-1,-1,-1
231,309,982,44,207,137,1,-1,-1,-1
232,260,1256,122,175,162,1,-1,-1,-1
232,262,205,569,314,252,1,-1,-1,-1
232,273,1033,111,174,213,1,-1,-1,-1
232,281,1245,324,222,180,1,-1,-1,-1
232,302,518,82,198,221,1,-1,-1,-1
232,303,1653,59,267,130,1,-1,-1,-1
232,308,519,234,182,151,1,-1,-1,-1
232,309,968,42,212,136,1,-1,-1,-1
233,260,1256,121,175,162,1,-1,-1,-1
233,262,203,573,309,253,1,-1,-1,-1
233,273,1032,110,174,212,1,-1,-1,-1
233,281,1250,321,218,178,1,-1,-1,-1
233,302,516,85,199,222,1,-1,-1,-1
233,303,1625,61,295,127,1,-1,-1,-1
233,308,518,237,179,149,1,-1,-1,-1
233,309,946,41,217,134,1,-1,-1,-1
234,260,1256,121,175,162,1,-1,-1,-1
234,262,194,579,314,253,1,-1,-1,-1
234,273,1031,110,175,212,1,-1,-1,-1
234,281,1253,318,215,175,1,-1,-1,-1
234,302,514,88,199,223,1,-1,-1,-1
234,303,1597,61,311,129,1,-1,-1,-1
234,308,514,242,182,149,1,-1,-1,-1
234,309,923,40,222,132,1,-1,-1,-1
235,260,1256,121,175,162,1,-1,-1,-1
235,262,183,587,325,253,1,-1,-1,-1
235,273,1030,109,175,211,1,-1,-1,-1
235,281,1261,316,219,172,1,-1,-1,-1
235,302,512,91,200,224,1,-1,-1,-1
235,303,1544,53,348,152,1,-1,-1,-1
235,308,511,247,184,149,1,-1,-1,-1
235,309,901,38,227,130,1,-1,-1,-1
236,260,1255,121,175,162,1,-1,-1,-1
236,262,172,591,336,255,1,-1,-1,-1
236,273,1029,108,176,211,1,-1,-1,-1
236,281,1261,315,220,168,1,-1,-1,-1
236,302,510,93,201,224,1,-1,-1,-1
236,303,1518,53,347,152,1,-1,-1,-1
236,308,507,252,187,149,1,-1,-1,-1
236,309,878,37,232,128,1,-1,-1,-1
237,260,1255,121,175,162,1,-1,-1,-1
237,262,161,596,345,263,1,-1,-1,-1
237,273,1029,107,176,210,1,-1,-1,-1
237,281,1262,312,219,169,1,-1,-1,-1
237,302,508,96,201,225,1,-1,-1,-1
237,303,1492,54,347,152,1,-1,-1,-1
237,308,504,255,187,150,1,-1,-1,-1
237,309,845,30,246,137,1,-1,-1,-1
238,260,1255,121,176,162,1,-1,-1,-1
238,262,149,601,352,275,1,-1,-1,-1
238,273,1028,107,177,210,1,-1,-1,-1
238,281,1262,311,219,167,1,-1,-1,-1
238,302,506,99,202,226,1,-1,-1,-1
238,303,1466,54,345,152,1,-1,-1,-1
238,308,502,257,186,154,1,-1,-1,-1
238,309,811,24,260,145,1,-1,-1,-1
239,260,1255,121,176,161,1,-1,-1,-1
239,262,138,604,356,286,1,-1,-1,-1
239,273,1027,106,177,209,1,-1,-1,-1
239,281,1266,301,212,168,1,-1,-1,-1
239,302,503,102,203,227,1,-1,-1,-1
239,303,1440,55,345,151,1,-1,-1,-1
239,308,491,265,191,153,1,-1,-1,-1
239,309,778,17,274,154,1,-1,-1,-1
240,260,1255,121,176,161,1,-1,-1,-1
240,262,129,610,359,289,1,-1,-1,-1
240,273,1027,106,176,209,1,-1,-1,-1
240,281,1269,298,208,171,1,-1,-1,-1
240,302,501,105,204,228,1,-1,-1,-1
240,303,1413,57,340,149,1,-1,-1,-1
240,308,489,265,194,160,1,-1,-1,-1
240,309,753,15,277,154,1,-1,-1,-1
241,260,1255,120,176,161,1,-1,-1,-1
241,262,119,624,371,293,1,-1,-1,-1
241,273,1028,105,176,209,1,-1,-1,-1
241,281,1271,296,204,171,1,-1,-1,-1
241,302,499,108,204,229,1,-1,-1,-1
241,303,1386,58,336,147,1,-1,-1,-1
241,308,488,267,194,163,1,-1,-1,-1
241,309,730,13,281,155,1,-1,-1,-1
242,260,1254,120,176,161,1,-1,-1,-1
242,262,111,635,352,283,1,-1,-1,-1
242,273,1028,105,175,210,1,-1,-1,-1
242,281,1274,293,201,171,1,-1,-1,-1
242,302,497,111,205,230,1,-1,-1,-1
242,303,1360,60,331,145,1,-1,-1,-1
242,308,485,275,199,159,1,-1,-1,-1
242,309,698,13,282,152,1,-1,-1,-1
243,260,1254,120,177,161,1,-1,-1,-1
243,262,104,644,353,281,1,-1,-1,-1
243,273,1028,104,175,210,1,-1,-1,-1
243,281,1274,290,204,168,1,-1,-1,-1
243,302,495,114,206,231,1,-1,-1,-1
243,303,1333,61,326,143,1,-1,-1,-1
243,308,481,283,204,155,1,-1,-1,-1
243,309,666,13,283,150,1,-1,-1,-1
244,260,1254,120,177,161,1,-1,-1,-1
244,262,99,653,352,279,1,-1,-1,-1
244,273,1028,104,174,210,1,-1,-1,-1
244,281,1274,290,206,163,1,-1,-1,-1
244,302,493,117,207,231,1,-1,-1,-1
244,303,1306,63,322,142,1,-1,-1,-1
244,308,479,288,202,152,1,-1,-1,-1
244,309,634,13,285,147,1,-1,-1,-1
245,260,1254,120,177,161,1,-1,-1,-1
245,262,90,661,355,281,1,-1,-1,-1
245,273,1029,103,174,210,1,-1,-1,-1
245,281,1274,286,204,162,1,-1,-1,-1
245,302,491,120,208,232,1,-1,-1,-1
245,303,1279,64,317,140,1,-1,-1,-1
245,308,480,292,199,150,1,-1,-1,-1
245,309,602,13,286,145,1,-1,-1,-1
246,260,1255,119,176,161,1,-1,-1,-1
246,262,79,666,362,292,1,-1,-1,-1
246,273,1029,103,173,210,1,-1,-1,-1
246,281,1275,282,203,162,1,-1,-1,-1
246,302,488,123,209,233,1,-1,-1,-1
246,303,1252,66,312,138,1,-1,-1,-1
246,308,479,295,196,149,1,-1,-1,-1
246,309,570,14,288,143,1,-1,-1,-1
247,260,1256,118,175,161,1,-1,-1,-1
247,262,66,670,371,300,1,-1,-1,-1
247,273,1029,103,173,211,1,-1,-1,-1
247,281,1275,277,201,161,1,-1,-1,-1
247,302,486,126,210,234,1,-1,-1,-1
247,303,1226,67,307,136,1,-1,-1,-1
247,308,477,298,196,147,1,-1,-1,-1
247,309,538,14,289,141,1,-1,-1,-1
248,260,1257,116,174,161,1,-1,-1,-1
248,262,57,688,369,307,1,-1,-1,-1
248,273,1029,102,172,211,1,-1,-1,-1
248,281,1276,273,200,161,1,-1,-1,-1
248,302,484,129,211,234,1,-1,-1,-1
248,303,1199,69,303,134,1,-1,-1,-1
248,308,473,300,198,149,1,-1,-1,-1
248,309,506,14,290,139,1,-1,-1,-1
249,260,1258,115,174,160,1,-1,-1,-1
249,262,48,693,372,306,1,-1,-1,-1
249,273,1030,102,172,211,1,-1,-1,-1
249,281,1276,269,198,160,1,-1,-1,-1
249,302,482,133,213,235,1,-1,-1,-1
249,303,1172,70,298,132,1,-1,-1,-1
249,308,469,304,202,150,1,-1,-1,-1
249,309,474,14,293,136,1,-1,-1,-1
250,260,1259,114,173,160,1,-1,-1,-1
250,262,12,702,399,306,1,-1,-1,-1
250,273,1030,101,171,211,1,-1,-1,-1
250,281,1277,265,196,159,1,-1,-1,-1
250,302,480,136,214,236,1,-1,-1,-1
250,303,1146,71,295,133,1,-1,-1,-1
250,308,468,306,202,154,1,-1,-1,-1
250,309,442,14,294,134,1,-1,-1,-1
251,260,1260,113,172,160,1,-1,-1,-1
251,262,9,710,394,314,1,-1,-1,-1
251,273,1030,101,171,212,1,-1,-1,-1
251,281,1277,260,195,159,1,-1,-1,-1
251,302,478,139,215,236,1,-1,-1,-1
251,303,1119,71,293,135,1,-1,-1,-1
251,308,468,308,199,154,1,-1,-1,-1
251,309,410,15,296,132,1,-1,-1,-1
252,260,1261,112,171,160,1,-1,-1,-1
252,262,4,716,389,330,1,-1,-1,-1
252,273,1030,101,170,212,1,-1,-1,-1
252,281,1278,256,193,158,1,-1,-1,-1
252,302,476,142,216,237,1,-1,-1,-1
252,303,1093,72,290,136,1,-1,-1,-1
252,308,463,314,203,156,1,-1,-1,-1
253,260,1262,110,170,160,1,-1,-1,-1
253,262,6,739,365,310,1,-1,-1,-1
253,273,1031,100,170,212,1,-1,-1,-1
253,281,1278,252,191,157,1,-1,-1,-1
253,302,473,145,217,238,1,-1,-1,-1
253,303,1067,72,287,137,1,-1,-1,-1
253,308,457,320,207,157,1,-1,-1,-1
254,260,1263,109,169,160,1,-1,-1,-1
254,262,0,749,361,313,1,-1,-1,-1
254,273,1031,100,169,212,1,-1,-1,-1
254,281,1279,248,190,157,1,-1,-1,-1
254,302,471,148,218,239,1,-1,-1,-1
254,303,1041,73,284,138,1,-1,-1,-1
254,308,457,322,206,161,1,-1,-1,-1
255,260,1264,108,168,160,1,-1,-1,-1
255,262,0,759,352,317,1,-1,-1,-1
255,273,1031,99,169,212,1,-1,-1,-1
255,281,1279,243,188,156,1,-1,-1,-1
255,302,469,151,219,239,1,-1,-1,-1
255,303,1014,73,282,140,1,-1,-1,-1
255,308,457,320,202,166,1,-1,-1,-1
256,260,1265,107,167,160,1,-1,-1,-1
256,262,0,771,341,309,1,-1,-1,-1
256,273,1031,99,168,213,1,-1,-1,-1
256,281,1280,239,187,156,1,-1,-1,-1
256,302,467,154,220,240,1,-1,-1,-1
256,303,988,74,279,141,1,-1,-1,-1
256,308,456,320,202,173,1,-1,-1,-1
257,260,1266,106,167,159,1,-1,-1,-1
257,262,0,782,334,298,1,-1,-1,-1
257,273,1032,98,168,213,1,-1,-1,-1
257,281,1280,235,185,155,1,-1,-1,-1
257,302,465,157,221,241,1,-1,-1,-1
257,308,451,326,198,172,1,-1,-1,-1
258,260,1267,104,166,159,1,-1,-1,-1
258,273,1032,98,167,213,1,-1,-1,-1
258,281,1281,231,186,158,1,-1,-1,-1
258,302,462,160,222,242,1,-1,-1,-1
258,308,448,331,200,172,1,-1,-1,-1
259,260,1268,103,165,159,1,-1,-1,-1
259,273,1032,98,167,213,1,-1,-1,-1
259,281,1280,227,188,158,1,-1,-1,-1
259,302,460,162,223,243,1,-1,-1,-1
259,308,447,334,202,175,1,-1,-1,-1
260,260,1269,102,164,159,1,-1,-1,-1
260,273,1032,98,167,213,1,-1,-1,-1
260,281,1279,222,189,157,1,-1,-1,-1
260,302,457,165,225,244,1,-1,-1,-1
260,303,903,80,274,146,1,-1,-1,-1
260,308,443,342,208,171,1,-1,-1,-1
261,260,1270,100,164,158,1,-1,-1,-1
261,273,1032,97,167,213,1,-1,-1,-1
261,281,1279,220,188,153,1,-1,-1,-1
261,302,455,168,226,245,1,-1,-1,-1
261,303,882,82,273,148,1,-1,-1,-1
261,308,438,350,213,167,1,-1,-1,-1
262,260,1270,98,164,158,1,-1,-1,-1
262,273,1031,97,168,213,1,-1,-1,-1
262,281,1278,220,188,150,1,-1,-1,-1
262,302,452,171,227,246,1,-1,-1,-1
262,303,860,83,272,149,1,-1,-1,-1
262,308,438,353,210,167,1,-1,-1,-1
263,260,1271,96,164,157,1,-1,-1,-1
263,273,1031,97,168,213,1,-1,-1,-1
263,281,1277,217,189,151,1,-1,-1,-1
263,302,450,174,228,248,1,-1,-1,-1
263,303,839,85,271,150,1,-1,-1,-1
263,308,438,355,206,166,1,-1,-1,-1
264,260,1271,94,163,157,1,-1,-1,-1
264,273,1031,97,168,213,1,-1,-1,-1
264,281,1276,214,189,154,1,-1,-1,-1
264,302,448,176,229,249,1,-1,-1,-1
264,303,818,86,269,151,1,-1,-1,-1
264,308,434,358,206,166,1,-1,-1,-1
265,260,1272,92,163,156,1,-1,-1,-1
265,273,1031,96,168,213,1,-1,-1,-1
265,281,1275,210,189,157,1,-1,-1,-1
265,302,445,179,230,250,1,-1,-1,-1
265,303,796,88,268,153,1,-1,-1,-1
265,308,428,362,211,166,1,-1,-1,-1
266,260,1273,90,163,155,1,-1,-1,-1
266,273,1031,96,168,213,1,-1,-1,-1
266,281,1270,212,186,150,1,-1,-1,-1
266,302,443,182,231,251,1,-1,-1,-1
266,303,775,89,267,154,1,-1,-1,-1
266,308,423,365,215,168,1,-1,-1,-1
267,260,1273,88,163,155,1,-1,-1,-1
267,273,1031,96,168,213,1,-1,-1,-1
267,281,1270,211,185,149,1,-1,-1,-1
267,302,440,185,233,252,1,-1,-1,-1
267,303,774,99,250,149,1,-1,-1,-1
267,308,418,369,221,171,1,-1,-1,-1
268,260,1274,86,163,154,1,-1,-1,-1
268,273,1031,96,168,213,1,-1,-1,-1
268,281,1273,198,176,156,1,-1,-1,-1
268,302,438,187,234,253,1,-1,-1,-1
268,303,751,100,251,153,1,-1,-1,-1
268,308,415,373,222,169,1,-1,-1,-1
269,260,1274,84,163,154,1,-1,-1,-1
269,273,1031,96,169,213,1,-1,-1,-1
269,281,1273,194,178,160,1,-1,-1,-1
269,302,435,190,235,254,1,-1,-1,-1
269,303,742,99,248,158,1,-1,-1,-1
269,308,406,381,235,178,1,-1,-1,-1
270,260,1275,82,163,153,1,-1,-1,-1
270,273,1030,95,169,213,1,-1,-1,-1
270,281,1272,192,178,161,1,-1,-1,-1
270,302,433,193,236,255,1,-1,-1,-1
270,303,725,103,231,156,1,-1,-1,-1
270,308,405,380,233,184,1,-1,-1,-1
271,260,1276,80,163,152,1,-1,-1,-1
271,273,1030,95,169,213,1,-1,-1,-1
271,281,1272,188,180,161,1,-1,-1,-1
271,302,432,195,237,257,1,-1,-1,-1
271,303,719,100,230,163,1,-1,-1,-1
271,308,403,382,233,186,1,-1,-1,-1
272,260,1276,78,162,152,1,-1,-1,-1
272,273,1030,95,169,213,1,-1,-1,-1
272,281,1270,186,182,158,1,-1,-1,-1
272,302,430,198,237,259,1,-1,-1,-1
272,303,713,103,224,161,1,-1,-1,-1
272,308,392,390,240,183,1,-1,-1,-1
273,260,1277,76,162,151,1,-1,-1,-1
273,273,1030,95,169,213,1,-1,-1,-1
273,281,1269,184,183,156,1,-1,-1,-1
273,302,429,200,238,260,1,-1,-1,-1
273,303,691,105,224,169,1,-1,-1,-1
273,308,384,396,248,183,1,-1,-1,-1
274,260,1277,74,162,151,1,-1,-1,-1
274,273,1030,94,169,213,1,-1,-1,-1
274,281,1269,184,184,152,1,-1,-1,-1
274,302,428,202,238,262,1,-1,-1,-1
274,303,683,105,224,174,1,-1,-1,-1
274,308,380,401,251,184,1,-1,-1,-1
275,260,1278,72,162,150,1,-1,-1,-1
275,273,1030,94,169,213,1,-1,-1,-1
275,281,1268,183,185,149,1,-1,-1,-1
275,302,426,204,239,264,1,-1,-1,-1
275,303,677,108,221,175,1,-1,-1,-1
275,308,376,406,252,180,1,-1,-1,-1
276,260,1275,70,164,149,1,-1,-1,-1
276,273,1030,94,169,213,1,-1,-1,-1
276,281,1268,181,184,146,1,-1,-1,-1
276,302,425,207,239,266,1,-1,-1,-1
276,303,660,116,217,169,1,-1,-1,-1
276,308,380,405,251,199,1,-1,-1,-1
277,260,1271,69,165,148,1,-1,-1,-1
277,273,1029,94,170,213,1,-1,-1,-1
277,281,1269,181,182,145,1,-1,-1,-1
277,302,424,209,240,268,1,-1,-1,-1
277,303,652,116,221,173,1,-1,-1,-1
277,308,376,407,255,202,1,-1,-1,-1
278,260,1268,67,167,147,1,-1,-1,-1
278,273,1029,93,170,213,1,-1,-1,-1
278,281,1268,179,183,144,1,-1,-1,-1
278,302,422,211,241,269,1,-1,-1,-1
278,303,646,116,219,174,1,-1,-1,-1
278,308,373,410,260,204,1,-1,-1,-1
279,260,1264,66,168,146,1,-1,-1,-1
279,273,1029,93,170,213,1,-1,-1,-1
279,281,1267,180,184,143,1,-1,-1,-1
279,302,421,214,241,271,1,-1,-1,-1
279,303,640,126,216,171,1,-1,-1,-1
279,308,371,413,259,207,1,-1,-1,-1
280,260,1261,64,170,145,1,-1,-1,-1
280,273,1029,93,170,213,1,-1,-1,-1
280,281,1266,177,182,144,1,-1,-1,-1
280,285,1112,737,451,343,1,-1,-1,-1
280,302,419,216,242,273,1,-1,-1,-1
280,303,638,129,211,169,1,-1,-1,-1
280,308,366,418,260,206,1,-1,-1,-1
281,260,1257,63,171,144,1,-1,-1,-1
281,273,1029,92,170,212,1,-1,-1,-1
281,281,1267,177,179,143,1,-1,-1,-1
281,285,1106,719,462,361,1,-1,-1,-1
281,302,418,218,242,275,1,-1,-1,-1
281,303,627,134,207,168,1,-1,-1,-1
281,308,359,422,261,206,1,-1,-1,-1
282,260,1254,61,173,143,1,-1,-1,-1
282,273,1029,92,170,212,1,-1,-1,-1
282,281,1270,165,171,149,1,-1,-1,-1
282,285,1100,701,474,379,1,-1,-1,-1
282,302,417,220,243,276,1,-1,-1,-1
282,303,622,139,205,166,1,-1,-1,-1
282,308,352,424,263,210,1,-1,-1,-1
283,260,1244,59,179,144,1,-1,-1,-1
283,273,1028,91,170,211,1,-1,-1,-1
283,281,1268,164,173,146,1,-1,-1,-1
283,285,1094,683,485,397,1,-1,-1,-1
283,302,415,223,243,278,1,-1,-1,-1
283,303,619,139,201,171,1,-1,-1,-1
283,308,342,444,265,205,1,-1,-1,-1
284,260,1234,56,186,145,1,-1,-1,-1
284,273,1028,91,170,211,1,-1,-1,-1
284,281,1267,163,174,146,1,-1,-1,-1
284,285,1064,678,501,402,1,-1,-1,-1
284,302,414,225,244,280,1,-1,-1,-1
284,303,615,141,198,175,1,-1,-1,-1
284,308,338,445,267,211,1,-1,-1,-1
285,260,1224,54,192,146,1,-1,-1,-1
285,273,1028,90,170,210,1,-1,-1,-1
285,281,1266,162,177,144,1,-1,-1,-1
285,285,1067,669,484,396,1,-1,-1,-1
285,302,413,227,245,281,1,-1,-1,-1
285,303,611,142,197,178,1,-1,-1,-1
285,308,334,449,271,213,1,-1,-1,-1
286,260,1214,51,198,147,1,-1,-1,-1
286,273,1028,90,170,210,1,-1,-1,-1
286,281,1263,162,180,143,1,-1,-1,-1
286,285,1070,662,468,387,1,-1,-1,-1
286,302,411,230,247,283,1,-1,-1,-1
286,303,609,147,195,176,1,-1,-1,-1
286,308,331,454,275,218,1,-1,-1,-1
287,260,1199,49,203,146,1,-1,-1,-1
287,273,1028,89,170,209,1,-1,-1,-1
287,281,1261,159,183,143,1,-1,-1,-1
287,285,1065,654,466,381,1,-1,-1,-1
287,302,410,232,248,284,1,-1,-1,-1
287,303,602,155,195,174,1,-1,-1,-1
287,308,326,459,278,222,1,-1,-1,-1
288,260,1184,47,208,145,1,-1,-1,-1
288,273,1027,89,170,209,1,-1,-1,-1
288,281,1260,157,183,142,1,-1,-1,-1
288,285,1058,644,471,378,1,-1,-1,-1
288,302,408,234,250,286,1,-1,-1,-1
288,303,595,163,194,172,1,-1,-1,-1
288,308,323,466,279,223,1,-1,-1,-1
289,260,1169,46,213,143,1,-1,-1,-1
289,273,1027,88,170,208,1,-1,-1,-1
289,281,1259,155,183,141,1,-1,-1,-1
289,285,1060,634,457,373,1,-1,-1,-1
289,302,407,236,251,287,1,-1,-1,-1
289,303,587,162,198,177,1,-1,-1,-1
289,308,320,472,278,223,1,-1,-1,-1
290,260,1154,44,218,142,1,-1,-1,-1
290,273,1027,88,170,208,1,-1,-1,-1
290,281,1258,153,182,141,1,-1,-1,-1
290,285,1062,625,444,368,1,-1,-1,-1
290,302,405,239,253,289,1,-1,-1,-1
290,303,581,167,199,175,1,-1,-1,-1
290,308,320,478,275,221,1,-1,-1,-1
291,260,1139,42,223,141,1,-1,-1,-1
291,273,1027,87,170,207,1,-1,-1,-1
291,281,1258,151,183,143,1,-1,-1,-1
291,285,1065,615,430,362,1,-1,-1,-1
291,302,404,241,254,290,1,-1,-1,-1
291,303,576,169,199,177,1,-1,-1,-1
291,308,318,483,271,221,1,-1,-1,-1
292,260,1118,40,230,142,1,-1,-1,-1
292,273,1027,87,170,207,1,-1,-1,-1
292,281,1259,150,182,142,1,-1,-1,-1
292,285,1067,606,417,357,1,-1,-1,-1
292,302,402,243,256,292,1,-1,-1,-1
292,303,572,173,195,180,1,-1,-1,-1
292,308,316,487,267,223,1,-1,-1,-1
293,260,1096,37,238,143,1,-1,-1,-1
293,273,1026,86,170,206,1,-1,-1,-1
293,281,1259,150,182,141,1,-1,-1,-1
293,285,1069,596,403,352,1,-1,-1,-1
293,302,401,246,257,293,1,-1,-1,-1
293,303,569,176,192,182,1,-1,-1,-1
293,308,292,492,292,226,1,-1,-1,-1
294,260,1075,35,245,144,1,-1,-1,-1
294,273,1026,86,170,206,1,-1,-1,-1
294,281,1259,151,182,138,1,-1,-1,-1
294,285,1068,590,398,348,1,-1,-1,-1
294,302,399,248,259,295,1,-1,-1,-1
294,303,565,180,188,185,1,-1,-1,-1
294,308,293,507,286,224,1,-1,-1,-1
295,260,1053,32,252,145,1,-1,-1,-1
295,273,1026,85,170,205,1,-1,-1,-1
295,281,1260,150,180,136,1,-1,-1,-1
295,285,1067,584,393,344,1,-1,-1,-1
295,302,398,250,260,296,1,-1,-1,-1
295,303,561,185,188,184,1,-1,-1,-1
295,308,290,510,286,227,1,-1,-1,-1
296,260,1030,32,254,143,1,-1,-1,-1
296,273,1026,84,170,205,1,-1,-1,-1
296,281,1261,150,178,134,1,-1,-1,-1
296,285,1066,578,388,339,1,-1,-1,-1
296,302,396,253,262,298,1,-1,-1,-1
296,303,558,190,188,183,1,-1,-1,-1
296,308,284,514,289,229,1,-1,-1,-1
297,260,1007,31,256,140,1,-1,-1,-1
297,273,1026,83,169,204,1,-1,-1,-1
297,281,1262,150,177,132,1,-1,-1,-1
297,282,1124,811,405,269,1,-1,-1,-1
297,285,1065,572,382,335,1,-1,-1,-1
297,302,395,255,263,299,1,-1,-1,-1
297,303,554,195,188,183,1,-1,-1,-1
297,308,278,520,296,231,1,-1,-1,-1
298,260,984,31,257,138,1,-1,-1,-1
298,273,1026,83,169,204,1,-1,-1,-1
298,281,1262,149,176,133,1,-1,-1,-1
298,282,1111,786,419,294,1,-1,-1,-1
298,285,1064,566,377,331,1,-1,-1,-1
298,302,393,257,265,301,1,-1,-1,-1
298,303,551,201,188,182,1,-1,-1,-1
298,308,267,524,301,235,1,-1,-1,-1
299,260,961,30,259,135,1,-1,-1,-1
299,273,1026,82,169,204,1,-1,-1,-1
299,281,1262,148,176,134,1,-1,-1,-1
299,282,1098,761,432,319,1,-1,-1,-1
299,285,1063,560,372,327,1,-1,-1,-1
299,302,392,259,266,302,1,-1,-1,-1
299,303,547,206,188,181,1,-1,-1,-1
299,308,259,529,307,238,1,-1,-1,-1
300,260,928,26,269,138,1,-1,-1,-1
300,273,1026,81,168,203,1,-1,-1,-1
300,281,1262,147,176,134,1,-1,-1,-1
300,282,1101,754,425,326,1,-1,-1,-1
300,285,1062,554,367,322,1,-1,-1,-1
300,302,390,262,268,304,1,-1,-1,-1
300,303,543,211,188,180,1,-1,-1,-1
300,308,251,537,310,238,1,-1,-1,-1
301,260,895,23,279,141,1,-1,-1,-1
301,273,1027,80,168,203,1,-1,-1,-1
301,281,1262,148,175,133,1,-1,-1,-1
301,282,1101,755,417,321,1,-1,-1,-1
301,285,1061,548,362,318,1,-1,-1,-1
301,302,389,264,269,305,1,-1,-1,-1
301,303,540,216,188,180,1,-1,-1,-1
301,305,375,18,290,154,1,-1,-1,-1
301,308,247,545,309,237,1,-1,-1,-1
302,260,862,19,289,145,1,-1,-1,-1
302,273,1027,79,168,203,1,-1,-1,-1
302,281,1263,148,176,132,1,-1,-1,-1
302,282,1096,723,407,333,1,-1,-1,-1
302,285,1060,542,357,314,1,-1,-1,-1
302,302,383,266,274,306,1,-1,-1,-1
302,303,536,221,188,179,1,-1,-1,-1
302,305,386,18,285,155,1,-1,-1,-1
302,308,242,551,308,240,1,-1,-1,-1
303,260,828,15,299,148,1,-1,-1,-1
303,273,1027,78,167,202,1,-1,-1,-1
303,281,1264,145,174,134,1,-1,-1,-1
303,282,1091,716,404,320,1,-1,-1,-1
303,285,1059,536,352,310,1,-1,-1,-1
303,302,377,268,278,307,1,-1,-1,-1
303,303,532,226,188,178,1,-1,-1,-1
303,305,397,18,280,157,1,-1,-1,-1
303,308,232,554,316,245,1,-1,-1,-1
304,260,795,12,309,151,1,-1,-1,-1
304,273,1027,78,167,202,1,-1,-1,-1
304,281,1266,142,172,135,1,-1,-1,-1
304,282,1086,707,403,311,1,-1,-1,-1
304,285,1059,531,346,305,1,-1,-1,-1
304,302,372,269,283,309,1,-1,-1,-1
304,305,408,18,275,158,1,-1,-1,-1
304,308,222,556,322,251,1,-1,-1,-1
305,260,762,8,319,154,1,-1,-1,-1
305,273,1027,77,167,202,1,-1,-1,-1
305,281,1267,140,170,137,1,-1,-1,-1
305,282,1081,703,399,299,1,-1,-1,-1
305,285,1058,525,341,301,1,-1,-1,-1
305,302,366,271,287,310,1,-1,-1,-1
305,305,413,19,273,158,1,-1,-1,-1
305,308,214,569,330,252,1,-1,-1,-1
306,260,727,7,322,154,1,-1,-1,-1
306,273,1027,76,166,201,1,-1,-1,-1
306,281,1269,137,168,138,1,-1,-1,-1
306,282,1079,701,394,290,1,-1,-1,-1
306,285,1057,519,336,297,1,-1,-1,-1
306,302,360,273,292,311,1,-1,-1,-1
306,305,418,19,272,157,1,-1,-1,-1
306,308,211,574,330,253,1,-1,-1,-1
307,260,693,5,326,154,1,-1,-1,-1
307,273,1027,75,166,201,1,-1,-1,-1
307,281,1270,134,166,140,1,-1,-1,-1
307,282,1071,668,399,301,1,-1,-1,-1
307,285,1056,513,331,293,1,-1,-1,-1
307,302,344,275,308,312,1,-1,-1,-1
307,304,1688,91,232,102,1,-1,-1,-1
307,305,423,20,270,157,1,-1,-1,-1
307,308,193,582,331,252,1,-1,-1,-1
308,260,658,4,328,153,1,-1,-1,-1
308,273,1027,75,166,201,1,-1,-1,-1
308,281,1272,133,167,140,1,-1,-1,-1
308,282,1071,661,391,299,1,-1,-1,-1
308,285,1055,507,326,288,1,-1,-1,-1
308,302,328,277,324,313,1,-1,-1,-1
308,304,1654,80,266,121,1,-1,-1,-1
308,305,428,21,268,156,1,-1,-1,-1
308,308,184,585,336,257,1,-1,-1,-1
309,260,624,0,331,156,1,-1,-1,-1
309,273,1027,75,166,201,1,-1,-1,-1
309,281,1273,133,169,140,1,-1,-1,-1
309,282,1071,657,385,288,1,-1,-1,-1
309,285,1054,501,321,284,1,-1,-1,-1
309,302,312,279,340,315,1,-1,-1,-1
309,304,1618,81,286,121,1,-1,-1,-1
309,305,433,21,266,156,1,-1,-1,-1
309,308,178,588,336,263,1,-1,-1,-1
310,260,590,2,326,151,1,-1,-1,-1
310,273,1027,74,166,201,1,-1,-1,-1
310,281,1274,132,171,141,1,-1,-1,-1
310,282,1068,649,378,283,1,-1,-1,-1
310,285,1053,495,316,280,1,-1,-1,-1
310,302,296,281,356,316,1,-1,-1,-1
310,304,1584,81,287,122,1,-1,-1,-1
310,305,438,22,265,155,1,-1,-1,-1
310,308,171,597,340,261,1,-1,-1,-1
311,260,556,4,321,146,1,-1,-1,-1
311,273,1027,74,166,202,1,-1,-1,-1
311,281,1276,132,171,142,1,-1,-1,-1
311,282,1066,641,371,277,1,-1,-1,-1
311,285,1052,489,310,276,1,-1,-1,-1
311,302,280,283,372,317,1,-1,-1,-1
311,304,1550,82,288,123,1,-1,-1,-1
311,305,443,22,263,155,1,-1,-1,-1
311,308,162,605,343,266,1,-1,-1,-1
312,273,1027,74,166,202,1,-1,-1,-1
312,281,1277,133,171,140,1,-1,-1,-1
312,282,1063,634,364,272,1,-1,-1,-1
312,285,1051,483,305,271,1,-1,-1,-1
312,302,249,286,397,320,1,-1,-1,-1
312,304,1516,83,290,124,1,-1,-1,-1
312,305,448,23,261,154,1,-1,-1,-1
312,308,152,612,350,272,1,-1,-1,-1
313,273,1027,74,166,202,1,-1,-1,-1
313,281,1278,135,171,138,1,-1,-1,-1
313,282,1061,626,357,266,1,-1,-1,-1
313,285,1050,477,300,267,1,-1,-1,-1
313,302,218,288,423,322,1,-1,-1,-1
313,304,1482,84,292,125,1,-1,-1,-1
313,305,454,24,258,154,1,-1,-1,-1
313,308,142,614,348,279,1,-1,-1,-1
314,272,929,61,160,111,1,-1,-1,-1
314,273,1028,74,166,202,1,-1,-1,-1
314,281,1279,136,171,135,1,-1,-1,-1
314,282,1058,618,350,261,1,-1,-1,-1
314,285,1049,471,295,263,1,-1,-1,-1
314,302,187,291,448,325,1,-1,-1,-1
314,304,1447,85,293,127,1,-1,-1,-1
314,305,460,25,256,154,1,-1,-1,-1
314,308,128,624,358,288,1,-1,-1,-1
315,272,911,60,169,108,1,-1,-1,-1
315,273,1028,73,166,202,1,-1,-1,-1
315,281,1280,137,171,133,1,-1,-1,-1
315,282,1054,611,349,260,1,-1,-1,-1
315,285,1048,466,292,261,1,-1,-1,-1
315,302,156,293,473,327,1,-1,-1,-1
315,304,1413,86,294,128,1,-1,-1,-1
315,305,465,25,253,153,1,-1,-1,-1
315,308,123,630,360,290,1,-1,-1,-1
316,272,892,60,178,106,1,-1,-1,-1
316,273,1028,73,166,202,1,-1,-1,-1
316,281,1280,138,170,131,1,-1,-1,-1
316,282,1051,602,350,259,1,-1,-1,-1
316,285,1047,460,289,258,1,-1,-1,-1
316,302,118,297,498,328,1,-1,-1,-1
316,304,1379,87,296,129,1,-1,-1,-1
316,305,471,26,250,153,1,-1,-1,-1
316,308,103,640,360,287,1,-1,-1,-1
317,272,874,59,187,103,1,-1,-1,-1
317,273,1028,73,166,202,1,-1,-1,-1
317,281,1281,140,170,129,1,-1,-1,-1
317,282,1049,594,348,255,1,-1,-1,-1
317,285,1046,455,285,256,1,-1,-1,-1
317,302,80,300,522,328,1,-1,-1,-1
317,304,1348,90,291,125,1,-1,-1,-1
317,305,477,27,247,153,1,-1,-1,-1
317,308,96,648,359,287,1,-1,-1,-1
318,272,853,57,191,104,1,-1,-1,-1
318,273,1028,73,166,203,1,-1,-1,-1
318,281,1282,141,170,126,1,-1,-1,-1
318,282,1046,587,343,254,1,-1,-1,-1
318,285,1046,450,282,254,1,-1,-1,-1
318,302,42,304,547,329,1,-1,-1,-1
318,303,462,283,230,203,1,-1,-1,-1
318,304,1316,93,285,121,1,-1,-1,-1
318,305,483,28,245,153,1,-1,-1,-1
318,308,88,655,362,288,1,-1,-1,-1
319,272,833,55,195,106,1,-1,-1,-1
319,273,1028,72,166,203,1,-1,-1,-1
319,281,1283,142,170,124,1,-1,-1,-1
319,282,1046,579,340,253,1,-1,-1,-1
319,285,1045,444,279,251,1,-1,-1,-1
319,302,4,307,571,329,1,-1,-1,-1
319,303,457,286,233,206,1,-1,-1,-1
319,304,1285,97,280,117,1,-1,-1,-1
319,305,488,28,242,152,1,-1,-1,-1
319,308,75,664,369,294,1,-1,-1,-1
320,272,812,53,199,107,1,-1,-1,-1
320,273,1028,72,166,203,1,-1,-1,-1
320,281,1282,141,172,126,1,-1,-1,-1
320,282,1042,573,341,250,1,-1,-1,-1
320,285,1044,439,276,249,1,-1,-1,-1
320,302,0,312,553,328,1,-1,-1,-1
320,303,452,290,237,208,1,-1,-1,-1
320,304,1254,100,275,112,1,-1,-1,-1
320,305,494,29,239,152,1,-1,-1,-1
320,308,63,672,375,297,1,-1,-1,-1
321,272,784,49,207,112,1,-1,-1,-1
321,273,1028,72,167,203,1,-1,-1,-1
321,281,1282,140,174,129,1,-1,-1,-1
321,282,1040,565,335,247,1,-1,-1,-1
321,285,1043,434,273,247,1,-1,-1,-1
321,302,0,314,527,327,1,-1,-1,-1
321,303,447,293,241,211,1,-1,-1,-1
321,304,1222,103,269,108,1,-1,-1,-1
321,305,500,30,235,152,1,-1,-1,-1
321,308,53,677,378,300,1,-1,-1,-1
322,272,756,44,216,117,1,-1,-1,-1
322,273,1028,72,167,203,1,-1,-1,-1
322,281,1281,138,176,131,1,-1,-1,-1
322,282,1039,558,328,245,1,-1,-1,-1
322,285,1042,428,269,244,1,-1,-1,-1
322,302,0,318,501,327,1,-1,-1,-1
322,303,444,294,241,213,1,-1,-1,-1
322,304,1191,106,264,104,1,-1,-1,-1
322,305,507,30,230,153,1,-1,-1,-1
322,308,40,691,383,307,1,-1,-1,-1
323,272,727,40,224,122,1,-1,-1,-1
323,273,1028,72,167,203,1,-1,-1,-1
323,281,1280,137,178,134,1,-1,-1,-1
323,282,1037,550,322,242,1,-1,-1,-1
323,285,1041,423,266,242,1,-1,-1,-1
323,303,442,298,239,215,1,-1,-1,-1
323,304,1159,108,261,105,1,-1,-1,-1
323,305,513,31,226,153,1,-1,-1,-1
323,308,11,701,395,305,1,-1,-1,-1
324,272,699,35,232,127,1,-1,-1,-1
324,273,1028,71,167,203,1,-1,-1,-1
324,281,1279,136,180,136,1,-1,-1,-1
324,282,1035,546,321,237,1,-1,-1,-1
324,285,1040,417,263,239,1,-1,-1,-1
324,303,439,303,237,215,1,-1,-1,-1
324,304,1127,110,258,106,1,-1,-1,-1
324,305,520,31,221,154,1,-1,-1,-1
324,308,4,710,391,308,1,-1,-1,-1
325,272,672,37,232,123,1,-1,-1,-1
325,273,1028,71,167,204,1,-1,-1,-1
325,281,1279,135,182,138,1,-1,-1,-1
325,282,1033,538,321,234,1,-1,-1,-1
325,285,1040,412,260,237,1,-1,-1,-1
325,303,438,306,233,217,1,-1,-1,-1
325,304,1096,112,255,106,1,-1,-1,-1
325,305,526,32,217,154,1,-1,-1,-1
325,308,2,721,382,315,1,-1,-1,-1
326,272,645,39,231,118,1,-1,-1,-1
326,273,1028,71,167,204,1,-1,-1,-1
326,281,1278,133,184,141,1,-1,-1,-1
326,282,1033,537,319,228,1,-1,-1,-1
326,285,1039,407,256,235,1,-1,-1,-1
326,303,438,309,231,218,1,-1,-1,-1
326,305,532,33,213,154,1,-1,-1,-1
326,308,0,726,381,326,1,-1,-1,-1
327,273,1028,71,167,204,1,-1,-1,-1
327,281,1277,132,186,143,1,-1,-1,-1
327,282,1036,531,310,223,1,-1,-1,-1
327,285,1038,401,253,232,1,-1,-1,-1
327,303,434,313,233,219,1,-1,-1,-1
327,305,539,33,208,155,1,-1,-1,-1
327,308,0,732,376,336,1,-1,-1,-1
328,273,1029,71,167,204,1,-1,-1,-1
328,281,1278,132,185,142,1,-1,-1,-1
328,282,1038,527,301,219,1,-1,-1,-1
328,285,1037,396,250,230,1,-1,-1,-1
328,303,427,317,239,222,1,-1,-1,-1
328,305,545,34,204,155,1,-1,-1,-1
328,308,0,752,377,328,1,-1,-1,-1
329,273,1029,70,167,204,1,-1,-1,-1
329,281,1278,131,185,143,1,-1,-1,-1
329,282,1040,522,297,215,1,-1,-1,-1
329,285,1036,391,249,228,1,-1,-1,-1
329,303,418,322,245,226,1,-1,-1,-1
329,305,552,34,199,156,1,-1,-1,-1
329,308,0,779,341,301,1,-1,-1,-1
330,273,1029,70,167,204,1,-1,-1,-1
330,281,1278,129,186,144,1,-1,-1,-1
330,282,1038,514,293,217,1,-1,-1,-1
330,285,1035,387,247,227,1,-1,-1,-1
330,303,412,325,248,229,1,-1,-1,-1
330,305,558,35,195,156,1,-1,-1,-1
330,308,0,787,334,293,1,-1,-1,-1
331,273,1029,70,167,204,1,-1,-1,-1
331,281,1278,129,186,144,1,-1,-1,-1
331,282,1036,505,290,218,1,-1,-1,-1
331,285,1034,382,246,225,1,-1,-1,-1
331,303,408,329,249,230,1,-1,-1,-1
331,304,905,125,237,111,1,-1,-1,-1
331,305,562,36,190,157,1,-1,-1,-1
331,308,0,798,325,282,1,-1,-1,-1
332,273,1029,70,167,205,1,-1,-1,-1
332,281,1278,128,186,145,1,-1,-1,-1
332,282,1033,497,286,220,1,-1,-1,-1
332,285,1033,378,244,223,1,-1,-1,-1
332,303,404,330,250,234,1,-1,-1,-1
332,304,873,127,234,112,1,-1,-1,-1
332,305,567,36,186,158,1,-1,-1,-1
333,272,424,36,248,112,1,-1,-1,-1
333,273,1029,69,167,205,1,-1,-1,-1
333,281,1279,129,184,144,1,-1,-1,-1
333,282,1031,488,282,221,1,-1,-1,-1
333,285,1032,373,243,221,1,-1,-1,-1
333,303,400,334,250,238,1,-1,-1,-1
333,304,841,129,231,113,1,-1,-1,-1
333,305,571,37,181,158,1,-1,-1,-1
334,272,387,32,254,116,1,-1,-1,-1
334,273,1029,69,167,205,1,-1,-1,-1
334,281,1280,130,184,143,1,-1,-1,-1
334,282,1029,484,283,218,1,-1,-1,-1
334,285,1030,369,241,220,1,-1,-1,-1
334,303,397,335,251,242,1,-1,-1,-1
334,304,812,130,231,120,1,-1,-1,-1
334,305,575,38,176,159,1,-1,-1,-1
335,273,1029,69,167,205,1,-1,-1,-1
335,281,1280,131,183,143,1,-1,-1,-1
335,282,1027,477,284,217,1,-1,-1,-1
335,285,1029,364,240,218,1,-1,-1,-1
335,303,382,341,260,234,1,-1,-1,-1
335,304,783,131,231,128,1,-1,-1,-1
335,305,580,39,172,160,1,-1,-1,-1
336,273,1029,68,167,205,1,-1,-1,-1
336,281,1280,131,184,143,1,-1,-1,-1
336,282,1025,474,283,213,1,-1,-1,-1
336,285,1028,360,238,216,1,-1,-1,-1
336,303,383,357,259,231,1,-1,-1,-1
336,304,754,132,231,135,1,-1,-1,-1
336,305,584,39,167,161,1,-1,-1,-1
337,273,1029,68,166,204,1,-1,-1,-1
337,281,1279,129,186,145,1,-1,-1,-1
337,282,1020,466,285,215,1,-1,-1,-1
337,285,1027,355,237,214,1,-1,-1,-1
337,303,384,361,255,231,1,-1,-1,-1
337,304,726,136,224,134,1,-1,-1,-1
337,305,588,40,162,162,1,-1,-1,-1
338,273,1029,67,166,204,1,-1,-1,-1
338,281,1278,129,186,145,1,-1,-1,-1
338,282,1018,458,282,216,1,-1,-1,-1
338,285,1026,351,235,213,1,-1,-1,-1
338,303,380,363,260,232,1,-1,-1,-1
338,304,713,145,230,129,1,-1,-1,-1
338,305,592,41,157,162,1,-1,-1,-1
339,273,1030,66,165,203,1,-1,-1,-1
339,281,1278,129,186,145,1,-1,-1,-1
339,282,1015,452,279,215,1,-1,-1,-1
339,285,1025,346,234,211,1,-1,-1,-1
339,303,376,366,264,234,1,-1,-1,-1
339,304,686,149,219,130,1,-1,-1,-1
339,305,597,41,153,163,1,-1,-1,-1
340,273,1030,65,165,203,1,-1,-1,-1
340,281,1278,130,186,143,1,-1,-1,-1
340,282,1016,448,271,211,1,-1,-1,-1
340,285,1025,342,232,209,1,-1,-1,-1
340,303,370,371,271,237,1,-1,-1,-1
340,304,682,150,211,131,1,-1,-1,-1
340,305,601,42,148,164,1,-1,-1,-1
341,273,1030,65,165,202,1,-1,-1,-1
341,281,1278,130,186,143,1,-1,-1,-1
341,282,1015,449,265,206,1,-1,-1,-1
341,285,1025,338,231,208,1,-1,-1,-1
341,303,363,376,276,239,1,-1,-1,-1
341,304,653,156,205,131,1,-1,-1,-1
341,305,598,44,149,165,1,-1,-1,-1
342,273,1030,64,164,202,1,-1,-1,-1
342,281,1279,131,185,143,1,-1,-1,-1
342,282,1017,444,259,204,1,-1,-1,-1
342,285,1026,334,229,206,1,-1,-1,-1
342,286,1616,641,304,272,1,-1,-1,-1
342,303,357,380,279,242,1,-1,-1,-1
342,304,651,159,194,131,1,-1,-1,-1
342,305,596,46,151,166,1,-1,-1,-1
343,273,1030,63,164,201,1,-1,-1,-1
343,281,1280,131,184,143,1,-1,-1,-1
343,282,1019,439,254,201,1,-1,-1,-1
343,285,1026,330,228,204,1,-1,-1,-1
343,286,1612,634,308,260,1,-1,-1,-1
343,303,352,386,283,243,1,-1,-1,-1
343,304,626,165,194,138,1,-1,-1,-1
343,305,593,48,152,167,1,-1,-1,-1
344,273,1030,62,163,201,1,-1,-1,-1
344,281,1281,131,182,143,1,-1,-1,-1
344,282,1021,435,248,199,1,-1,-1,-1
344,285,1026,326,226,202,1,-1,-1,-1
344,286,1579,608,341,286,1,-1,-1,-1
344,303,346,394,283,244,1,-1,-1,-1
344,304,620,170,187,133,1,-1,-1,-1
344,305,591,50,154,168,1,-1,-1,-1
345,273,1030,62,163,200,1,-1,-1,-1
345,281,1281,130,183,144,1,-1,-1,-1
345,282,1023,430,242,197,1,-1,-1,-1
345,285,1026,321,225,201,1,-1,-1,-1
345,286,1571,601,349,283,1,-1,-1,-1
345,303,337,400,287,249,1,-1,-1,-1
345,304,607,177,186,133,1,-1,-1,-1
345,305,588,52,155,169,1,-1,-1,-1
346,273,1030,61,163,200,1,-1,-1,-1
346,281,1281,129,182,145,1,-1,-1,-1
346,282,1024,425,237,194,1,-1,-1,-1
346,285,1026,317,223,199,1,-1,-1,-1
346,286,1559,593,361,278,1,-1,-1,-1
346,303,329,400,290,260,1,-1,-1,-1
346,304,595,183,186,133,1,-1,-1,-1
346,305,585,53,156,170,1,-1,-1,-1
347,273,1031,60,162,199,1,-1,-1,-1
347,281,1279,129,184,145,1,-1,-1,-1
347,282,1026,420,231,192,1,-1,-1,-1
347,285,1026,313,222,197,1,-1,-1,-1
347,286,1552,587,365,274,1,-1,-1,-1
347,303,323,396,294,275,1,-1,-1,-1
347,304,582,190,185,133,1,-1,-1,-1
347,305,583,55,158,171,1,-1,-1,-1
348,273,1031,59,162,199,1,-1,-1,-1
348,281,1279,129,184,145,1,-1,-1,-1
348,282,1028,416,225,190,1,-1,-1,-1
348,285,1027,309,220,195,1,-1,-1,-1
348,286,1554,584,344,265,1,-1,-1,-1
348,303,322,413,290,268,1,-1,-1,-1
348,304,568,195,180,134,1,-1,-1,-1
348,305,580,57,159,172,1,-1,-1,-1
349,273,1031,59,161,198,1,-1,-1,-1
349,281,1280,128,184,147,1,-1,-1,-1
349,282,1030,411,220,187,1,-1,-1,-1
349,285,1027,305,219,194,1,-1,-1,-1
349,286,1555,580,323,255,1,-1,-1,-1
349,303,316,421,289,266,1,-1,-1,-1
349,304,562,200,180,135,1,-1,-1,-1
349,305,578,59,161,173,1,-1,-1,-1
350,273,1031,58,161,198,1,-1,-1,-1
350,281,1287,142,169,125,1,-1,-1,-1
350,282,1032,406,214,185,1,-1,-1,-1
350,285,1027,301,217,192,1,-1,-1,-1
350,286,1557,577,302,246,1,-1,-1,-1
350,303,331,439,256,243,1,-1,-1,-1
350,304,569,206,157,129,1,-1,-1,-1
350,305,575,61,162,174,1,-1,-1,-1
