1,291,1198,263,244,165,1,-1,-1,-1
2,291,1177,258,242,165,1,-1,-1,-1
3,291,1157,252,240,165,1,-1,-1,-1
4,291,1136,247,239,164,1,-1,-1,-1
5,291,1116,241,237,164,1,-1,-1,-1
6,291,1095,236,235,164,1,-1,-1,-1
7,291,1082,232,222,160,1,-1,-1,-1
8,291,1061,228,225,160,1,-1,-1,-1
9,291,1040,223,228,160,1,-1,-1,-1
10,291,1018,219,220,157,1,-1,-1,-1
11,291,1012,220,215,149,1,-1,-1,-1
12,291,982,219,220,144,1,-1,-1,-1
13,291,966,217,215,144,1,-1,-1,-1
14,291,950,215,209,144,1,-1,-1,-1
15,291,937,209,206,146,1,-1,-1,-1
16,291,924,203,203,148,1,-1,-1,-1
17,291,911,197,200,150,1,-1,-1,-1
18,291,888,193,199,147,1,-1,-1,-1
18,301,1513,307,407,281,1,-1,-1,-1
19,291,880,194,196,140,1,-1,-1,-1
19,301,1494,306,426,267,1,-1,-1,-1
20,291,873,191,190,136,1,-1,-1,-1
20,301,1456,297,427,271,1,-1,-1,-1
21,291,845,187,198,138,1,-1,-1,-1
21,301,1431,289,435,270,1,-1,-1,-1
22,291,838,186,195,135,1,-1,-1,-1
22,301,1405,285,413,262,1,-1,-1,-1
23,291,815,184,196,135,1,-1,-1,-1
23,301,1381,276,429,265,1,-1,-1,-1
24,291,812,183,186,133,1,-1,-1,-1
24,301,1359,273,431,263,1,-1,-1,-1
25,291,808,182,178,132,1,-1,-1,-1
25,301,1333,271,410,259,1,-1,-1,-1
26,291,785,182,183,129,1,-1,-1,-1
26,301,1318,268,406,261,1,-1,-1,-1
27,291,781,170,171,139,1,-1,-1,-1
27,301,1300,255,402,261,1,-1,-1,-1
28,291,770,170,174,131,1,-1,-1,-1
28,301,1269,260,391,248,1,-1,-1,-1
29,291,754,172,174,124,1,-1,-1,-1
29,301,1254,255,389,250,1,-1,-1,-1
30,291,747,173,171,118,1,-1,-1,-1
30,301,1241,249,375,248,1,-1,-1,-1
31,291,739,170,166,117,1,-1,-1,-1
31,301,1232,242,365,244,1,-1,-1,-1
32,291,728,165,166,120,1,-1,-1,-1
32,301,1200,239,363,239,1,-1,-1,-1
33,291,716,159,165,123,1,-1,-1,-1
33,301,1189,236,350,233,1,-1,-1,-1
34,291,706,158,163,123,1,-1,-1,-1
34,301,1171,235,349,227,1,-1,-1,-1
35,291,697,156,160,122,1,-1,-1,-1
35,301,1138,239,355,213,1,-1,-1,-1
36,291,687,155,158,122,1,-1,-1,-1
36,301,1130,234,342,213,1,-1,-1,-1
37,291,681,157,155,119,1,-1,-1,-1
37,301,1122,233,327,209,1,-1,-1,-1
38,291,674,157,151,116,1,-1,-1,-1
38,301,1114,228,315,211,1,-1,-1,-1
39,291,671,157,145,112,1,-1,-1,-1
39,301,1093,226,314,210,1,-1,-1,-1
40,291,661,153,147,111,1,-1,-1,-1
40,301,1072,224,312,209,1,-1,-1,-1
41,291,650,150,148,111,1,-1,-1,-1
41,301,1056,219,312,205,1,-1,-1,-1
42,291,640,146,150,110,1,-1,-1,-1
42,301,1040,213,311,200,1,-1,-1,-1
43,291,636,145,146,109,1,-1,-1,-1
43,301,1023,208,311,196,1,-1,-1,-1
44,291,630,144,144,108,1,-1,-1,-1
44,301,1007,202,310,191,1,-1,-1,-1
45,291,625,143,143,107,1,-1,-1,-1
45,301,999,200,301,195,1,-1,-1,-1
46,291,619,141,141,106,1,-1,-1,-1
46,301,992,194,295,200,1,-1,-1,-1
47,291,613,140,140,104,1,-1,-1,-1
47,301,980,187,295,206,1,-1,-1,-1
48,291,608,139,138,103,1,-1,-1,-1
48,301,975,183,288,207,1,-1,-1,-1
49,291,602,138,137,102,1,-1,-1,-1
49,301,945,181,303,207,1,-1,-1,-1
50,291,596,137,135,101,1,-1,-1,-1
50,301,939,181,297,201,1,-1,-1,-1
51,291,591,135,134,100,1,-1,-1,-1
51,301,930,180,288,196,1,-1,-1,-1
52,291,585,134,132,99,1,-1,-1,-1
52,301,921,179,279,191,1,-1,-1,-1
53,291,579,133,131,98,1,-1,-1,-1
53,301,912,179,270,186,1,-1,-1,-1
54,291,574,132,129,96,1,-1,-1,-1
54,301,903,178,261,181,1,-1,-1,-1
55,291,568,131,128,95,1,-1,-1,-1
55,301,894,177,252,176,1,-1,-1,-1
56,291,562,130,126,94,1,-1,-1,-1
56,292,1569,372,351,222,1,-1,-1,-1
56,301,885,177,253,176,1,-1,-1,-1
57,291,557,128,125,93,1,-1,-1,-1
57,292,1550,369,366,210,1,-1,-1,-1
57,301,872,178,249,172,1,-1,-1,-1
58,291,551,127,123,92,1,-1,-1,-1
58,292,1511,355,367,214,1,-1,-1,-1
58,301,858,178,245,168,1,-1,-1,-1
59,291,545,126,122,91,1,-1,-1,-1
59,292,1471,340,367,217,1,-1,-1,-1
59,301,846,176,252,166,1,-1,-1,-1
60,291,540,125,120,90,1,-1,-1,-1
60,292,1423,335,358,211,1,-1,-1,-1
60,301,840,174,251,165,1,-1,-1,-1
61,291,534,124,119,88,1,-1,-1,-1
61,292,1397,329,364,207,1,-1,-1,-1
61,301,833,172,231,164,1,-1,-1,-1
62,291,528,122,117,87,1,-1,-1,-1
62,292,1349,322,359,198,1,-1,-1,-1
62,301,826,171,230,162,1,-1,-1,-1
63,291,523,121,116,86,1,-1,-1,-1
63,292,1325,311,363,199,1,-1,-1,-1
63,301,820,171,229,160,1,-1,-1,-1
64,291,517,120,114,85,1,-1,-1,-1
64,292,1279,304,355,196,1,-1,-1,-1
64,301,800,169,227,161,1,-1,-1,-1
65,291,513,119,113,84,1,-1,-1,-1
65,292,1268,283,332,205,1,-1,-1,-1
65,301,790,167,234,162,1,-1,-1,-1
66,291,508,118,112,84,1,-1,-1,-1
66,292,1213,283,351,198,1,-1,-1,-1
66,301,787,155,227,171,1,-1,-1,-1
67,291,504,117,111,83,1,-1,-1,-1
67,292,1209,281,328,191,1,-1,-1,-1
67,301,781,154,227,168,1,-1,-1,-1
68,291,500,116,110,83,1,-1,-1,-1
68,292,1190,274,322,188,1,-1,-1,-1
68,301,771,157,212,162,1,-1,-1,-1
69,291,496,115,109,82,1,-1,-1,-1
69,292,1170,269,311,185,1,-1,-1,-1
69,301,766,156,211,158,1,-1,-1,-1
70,291,491,114,108,82,1,-1,-1,-1
70,292,1149,265,300,182,1,-1,-1,-1
70,301,762,156,209,155,1,-1,-1,-1
71,291,487,113,107,81,1,-1,-1,-1
71,292,1129,260,289,180,1,-1,-1,-1
71,301,756,154,207,157,1,-1,-1,-1
72,291,483,112,106,81,1,-1,-1,-1
72,292,1109,255,277,177,1,-1,-1,-1
72,301,741,151,202,158,1,-1,-1,-1
73,291,478,111,105,80,1,-1,-1,-1
73,292,1088,251,266,174,1,-1,-1,-1
73,301,736,151,205,154,1,-1,-1,-1
74,291,474,110,104,80,1,-1,-1,-1
74,292,1068,246,255,171,1,-1,-1,-1
74,301,729,152,206,147,1,-1,-1,-1
75,291,470,109,102,79,1,-1,-1,-1
75,292,1050,241,252,168,1,-1,-1,-1
75,301,724,155,207,143,1,-1,-1,-1
76,291,465,108,101,78,1,-1,-1,-1
76,292,1031,237,249,166,1,-1,-1,-1
76,301,715,153,205,144,1,-1,-1,-1
77,291,461,107,100,78,1,-1,-1,-1
77,292,1013,232,246,163,1,-1,-1,-1
77,301,705,150,202,144,1,-1,-1,-1
78,291,457,106,99,77,1,-1,-1,-1
78,292,994,228,243,161,1,-1,-1,-1
78,301,700,150,206,143,1,-1,-1,-1
79,291,453,105,98,77,1,-1,-1,-1
79,292,976,223,240,158,1,-1,-1,-1
79,301,695,150,206,141,1,-1,-1,-1
80,291,448,104,97,76,1,-1,-1,-1
80,292,959,221,236,154,1,-1,-1,-1
80,301,690,149,204,140,1,-1,-1,-1
81,291,444,103,96,76,1,-1,-1,-1
81,292,941,219,231,150,1,-1,-1,-1
81,301,684,146,205,143,1,-1,-1,-1
82,291,440,102,95,75,1,-1,-1,-1
82,292,933,218,229,146,1,-1,-1,-1
82,301,681,143,202,146,1,-1,-1,-1
83,291,435,101,94,75,1,-1,-1,-1
83,292,904,215,231,147,1,-1,-1,-1
83,301,668,142,200,145,1,-1,-1,-1
84,291,431,100,93,74,1,-1,-1,-1
84,292,898,212,226,149,1,-1,-1,-1
84,301,664,141,200,145,1,-1,-1,-1
85,291,428,99,92,74,1,-1,-1,-1
85,292,869,210,237,149,1,-1,-1,-1
85,301,663,141,196,143,1,-1,-1,-1
86,291,425,99,92,73,1,-1,-1,-1
86,292,871,195,219,154,1,-1,-1,-1
86,301,662,140,192,142,1,-1,-1,-1
87,291,422,98,91,73,1,-1,-1,-1
87,292,863,192,216,152,1,-1,-1,-1
87,301,662,140,188,140,1,-1,-1,-1
88,291,419,97,90,73,1,-1,-1,-1
88,292,842,190,216,147,1,-1,-1,-1
88,301,661,140,184,139,1,-1,-1,-1
89,291,416,96,90,73,1,-1,-1,-1
89,292,834,188,213,144,1,-1,-1,-1
89,301,660,139,180,137,1,-1,-1,-1
90,291,413,96,89,72,1,-1,-1,-1
90,292,825,186,215,142,1,-1,-1,-1
90,301,659,139,176,136,1,-1,-1,-1
91,291,410,95,88,72,1,-1,-1,-1
91,292,812,188,209,139,1,-1,-1,-1
91,301,658,138,172,134,1,-1,-1,-1
92,291,407,94,87,72,1,-1,-1,-1
92,292,808,188,206,134,1,-1,-1,-1
92,301,657,138,168,133,1,-1,-1,-1
93,291,404,93,87,71,1,-1,-1,-1
93,292,801,188,205,132,1,-1,-1,-1
93,301,657,138,164,131,1,-1,-1,-1
94,291,402,93,86,71,1,-1,-1,-1
94,292,795,186,202,133,1,-1,-1,-1
94,301,656,137,160,130,1,-1,-1,-1
95,260,165,59,68,52,1,-1,-1,-1
95,291,399,92,85,71,1,-1,-1,-1
95,292,777,182,206,138,1,-1,-1,-1
95,301,655,137,156,128,1,-1,-1,-1
96,260,167,58,67,52,1,-1,-1,-1
96,291,396,91,85,70,1,-1,-1,-1
96,292,776,181,199,136,1,-1,-1,-1
96,301,658,136,158,127,1,-1,-1,-1
97,260,169,58,66,53,1,-1,-1,-1
97,291,393,90,84,70,1,-1,-1,-1
97,292,769,178,197,136,1,-1,-1,-1
97,301,660,135,159,127,1,-1,-1,-1
98,260,171,57,65,53,1,-1,-1,-1
98,291,390,90,83,70,1,-1,-1,-1
98,292,763,176,196,136,1,-1,-1,-1
98,301,663,135,161,126,1,-1,-1,-1
99,260,172,57,64,54,1,-1,-1,-1
99,291,387,89,83,70,1,-1,-1,-1
99,292,756,173,194,135,1,-1,-1,-1
99,301,665,134,162,126,1,-1,-1,-1
100,260,174,56,63,54,1,-1,-1,-1
100,291,384,88,82,69,1,-1,-1,-1
100,292,750,171,193,135,1,-1,-1,-1
100,301,668,133,164,125,1,-1,-1,-1
101,260,176,56,62,55,1,-1,-1,-1
101,291,381,87,81,69,1,-1,-1,-1
101,292,743,168,191,135,1,-1,-1,-1
101,301,671,132,166,124,1,-1,-1,-1
102,260,178,55,61,55,1,-1,-1,-1
102,291,378,87,80,69,1,-1,-1,-1
102,292,738,166,190,135,1,-1,-1,-1
102,301,673,131,167,124,1,-1,-1,-1
103,260,179,55,62,55,1,-1,-1,-1
103,291,375,86,80,68,1,-1,-1,-1
103,292,731,167,193,130,1,-1,-1,-1
103,301,676,131,169,123,1,-1,-1,-1
104,260,180,55,64,55,1,-1,-1,-1
104,291,372,85,79,68,1,-1,-1,-1
104,292,725,164,191,129,1,-1,-1,-1
105,260,182,54,65,54,1,-1,-1,-1
105,291,370,85,79,68,1,-1,-1,-1
105,292,718,163,191,128,1,-1,-1,-1
106,260,183,54,67,54,1,-1,-1,-1
106,291,367,84,78,67,1,-1,-1,-1
106,292,711,163,191,127,1,-1,-1,-1
107,260,184,54,68,54,1,-1,-1,-1
107,291,365,84,78,67,1,-1,-1,-1
107,292,703,162,191,126,1,-1,-1,-1
107,293,1579,370,341,215,1,-1,-1,-1
108,260,185,54,69,55,1,-1,-1,-1
108,291,363,83,78,66,1,-1,-1,-1
108,292,696,162,191,125,1,-1,-1,-1
108,293,1551,367,369,212,1,-1,-1,-1
109,260,185,54,69,56,1,-1,-1,-1
109,291,360,83,78,66,1,-1,-1,-1
109,292,689,161,191,123,1,-1,-1,-1
109,293,1541,362,351,206,1,-1,-1,-1
110,260,186,54,70,56,1,-1,-1,-1
110,291,358,83,77,65,1,-1,-1,-1
110,292,682,161,191,122,1,-1,-1,-1
110,293,1513,353,341,211,1,-1,-1,-1
111,260,187,54,71,57,1,-1,-1,-1
111,291,356,82,77,65,1,-1,-1,-1
111,292,674,160,191,121,1,-1,-1,-1
111,293,1480,346,350,206,1,-1,-1,-1
112,260,187,54,71,58,1,-1,-1,-1
112,291,353,82,77,64,1,-1,-1,-1
112,292,667,160,191,120,1,-1,-1,-1
112,293,1435,343,352,195,1,-1,-1,-1
112,301,719,127,214,119,1,-1,-1,-1
113,260,188,54,72,59,1,-1,-1,-1
113,291,351,81,76,64,1,-1,-1,-1
113,292,660,159,191,119,1,-1,-1,-1
113,293,1416,341,351,189,1,-1,-1,-1
113,301,727,126,218,120,1,-1,-1,-1
114,260,189,54,73,59,1,-1,-1,-1
114,291,349,81,76,64,1,-1,-1,-1
114,292,654,161,188,114,1,-1,-1,-1
114,293,1390,336,362,186,1,-1,-1,-1
114,301,735,125,223,121,1,-1,-1,-1
115,260,189,54,73,60,1,-1,-1,-1
115,291,346,81,76,63,1,-1,-1,-1
115,292,652,161,185,112,1,-1,-1,-1
115,293,1357,324,347,189,1,-1,-1,-1
115,301,743,125,227,121,1,-1,-1,-1
116,260,190,54,74,61,1,-1,-1,-1
116,291,344,80,75,63,1,-1,-1,-1
116,292,646,160,180,111,1,-1,-1,-1
116,293,1335,316,350,189,1,-1,-1,-1
116,301,751,124,231,122,1,-1,-1,-1
117,260,192,54,74,61,1,-1,-1,-1
117,291,341,80,75,62,1,-1,-1,-1
117,292,641,158,174,109,1,-1,-1,-1
117,293,1313,309,355,193,1,-1,-1,-1
117,301,759,123,235,123,1,-1,-1,-1
118,260,193,55,75,62,1,-1,-1,-1
118,291,339,79,75,62,1,-1,-1,-1
118,292,635,157,169,108,1,-1,-1,-1
118,293,1282,304,340,189,1,-1,-1,-1
118,301,766,123,239,123,1,-1,-1,-1
119,260,195,55,75,62,1,-1,-1,-1
119,291,337,79,75,61,1,-1,-1,-1
119,292,630,155,163,106,1,-1,-1,-1
119,293,1268,285,322,199,1,-1,-1,-1
119,301,774,122,243,124,1,-1,-1,-1
120,260,196,55,76,62,1,-1,-1,-1
120,291,334,79,74,61,1,-1,-1,-1
120,292,624,154,158,105,1,-1,-1,-1
120,293,1252,282,323,196,1,-1,-1,-1
120,301,782,121,247,125,1,-1,-1,-1
121,260,198,56,76,63,1,-1,-1,-1
121,291,332,78,74,60,1,-1,-1,-1
121,292,619,152,152,103,1,-1,-1,-1
121,293,1217,284,323,191,1,-1,-1,-1
121,301,790,121,251,125,1,-1,-1,-1
122,260,199,56,77,63,1,-1,-1,-1
122,291,330,78,74,60,1,-1,-1,-1
122,292,613,151,147,102,1,-1,-1,-1
122,293,1201,280,317,188,1,-1,-1,-1
122,301,798,120,256,126,1,-1,-1,-1
123,260,201,57,77,64,1,-1,-1,-1
123,291,327,77,73,59,1,-1,-1,-1
123,292,607,150,147,102,1,-1,-1,-1
123,293,1181,277,320,184,1,-1,-1,-1
123,301,806,119,260,127,1,-1,-1,-1
124,260,203,57,77,64,1,-1,-1,-1
124,291,325,77,73,59,1,-1,-1,-1
124,292,602,149,146,101,1,-1,-1,-1
124,293,1152,276,312,180,1,-1,-1,-1
124,301,814,118,264,128,1,-1,-1,-1
125,260,204,57,78,64,1,-1,-1,-1
125,291,323,76,73,59,1,-1,-1,-1
125,292,596,148,146,101,1,-1,-1,-1
125,293,1133,272,310,179,1,-1,-1,-1
125,301,822,118,268,128,1,-1,-1,-1
126,260,206,58,78,65,1,-1,-1,-1
126,291,322,76,72,58,1,-1,-1,-1
126,292,590,147,146,101,1,-1,-1,-1
126,293,1120,267,303,178,1,-1,-1,-1
126,301,830,117,272,129,1,-1,-1,-1
127,260,207,58,79,65,1,-1,-1,-1
127,291,320,75,72,58,1,-1,-1,-1
127,292,584,146,146,101,1,-1,-1,-1
127,293,1108,263,289,177,1,-1,-1,-1
127,301,842,116,274,128,1,-1,-1,-1
128,260,209,58,79,65,1,-1,-1,-1
128,291,319,75,71,58,1,-1,-1,-1
128,292,579,145,145,100,1,-1,-1,-1
128,293,1097,258,276,175,1,-1,-1,-1
128,301,853,115,275,127,1,-1,-1,-1
129,260,210,59,80,66,1,-1,-1,-1
129,291,317,74,71,57,1,-1,-1,-1
129,292,573,144,145,100,1,-1,-1,-1
129,293,1085,254,262,174,1,-1,-1,-1
129,301,865,114,277,126,1,-1,-1,-1
130,260,212,59,80,66,1,-1,-1,-1
130,291,315,74,71,57,1,-1,-1,-1
130,292,573,146,141,97,1,-1,-1,-1
130,293,1073,249,248,172,1,-1,-1,-1
130,301,876,113,278,125,1,-1,-1,-1
131,260,214,60,81,67,1,-1,-1,-1
131,291,314,73,70,57,1,-1,-1,-1
131,292,572,145,136,96,1,-1,-1,-1
131,293,1044,246,251,167,1,-1,-1,-1
131,301,888,112,280,124,1,-1,-1,-1
132,260,216,60,81,68,1,-1,-1,-1
132,291,312,73,70,56,1,-1,-1,-1
132,292,570,144,133,96,1,-1,-1,-1
132,293,1034,246,253,165,1,-1,-1,-1
132,301,899,111,281,123,1,-1,-1,-1
133,260,218,61,82,68,1,-1,-1,-1
133,291,311,72,69,56,1,-1,-1,-1
133,292,569,143,131,96,1,-1,-1,-1
133,293,1036,249,233,156,1,-1,-1,-1
133,301,911,110,283,122,1,-1,-1,-1
134,260,220,61,82,69,1,-1,-1,-1
134,291,309,72,69,55,1,-1,-1,-1
134,292,567,140,132,97,1,-1,-1,-1
134,293,1007,240,240,166,1,-1,-1,-1
134,301,923,109,284,121,1,-1,-1,-1
135,260,222,62,83,70,1,-1,-1,-1
135,291,308,71,68,55,1,-1,-1,-1
135,292,564,139,131,96,1,-1,-1,-1
135,293,998,221,238,176,1,-1,-1,-1
135,301,934,108,286,120,1,-1,-1,-1
136,260,224,62,84,71,1,-1,-1,-1
136,291,306,71,68,55,1,-1,-1,-1
136,292,561,137,129,95,1,-1,-1,-1
136,293,986,229,227,162,1,-1,-1,-1
136,301,946,107,287,119,1,-1,-1,-1
137,260,226,63,84,72,1,-1,-1,-1
137,291,304,70,68,54,1,-1,-1,-1
137,292,557,136,128,94,1,-1,-1,-1
137,293,975,229,231,155,1,-1,-1,-1
137,301,957,106,289,118,1,-1,-1,-1
138,260,229,63,85,72,1,-1,-1,-1
138,291,303,70,67,54,1,-1,-1,-1
138,292,554,134,126,93,1,-1,-1,-1
138,293,960,226,225,152,1,-1,-1,-1
138,301,969,105,290,117,1,-1,-1,-1
139,260,231,64,85,73,1,-1,-1,-1
139,291,301,69,67,54,1,-1,-1,-1
139,292,551,133,125,92,1,-1,-1,-1
139,293,945,223,219,149,1,-1,-1,-1
140,260,233,64,86,74,1,-1,-1,-1
140,291,300,69,66,53,1,-1,-1,-1
140,292,548,131,123,91,1,-1,-1,-1
140,293,939,220,215,145,1,-1,-1,-1
141,260,235,65,87,75,1,-1,-1,-1
141,291,298,68,66,53,1,-1,-1,-1
141,292,544,130,122,90,1,-1,-1,-1
141,293,907,219,224,143,1,-1,-1,-1
142,260,237,65,87,76,1,-1,-1,-1
142,291,296,68,66,53,1,-1,-1,-1
142,292,541,128,120,89,1,-1,-1,-1
142,293,901,218,218,141,1,-1,-1,-1
143,260,239,66,88,76,1,-1,-1,-1
143,291,295,67,66,53,1,-1,-1,-1
143,292,538,127,119,88,1,-1,-1,-1
143,293,876,217,227,141,1,-1,-1,-1
144,260,241,66,88,77,1,-1,-1,-1
144,292,534,126,118,87,1,-1,-1,-1
144,293,871,214,220,143,1,-1,-1,-1
145,260,243,67,89,78,1,-1,-1,-1
145,292,530,125,117,86,1,-1,-1,-1
145,293,870,202,209,147,1,-1,-1,-1
146,260,244,67,91,79,1,-1,-1,-1
146,292,526,124,116,85,1,-1,-1,-1
146,293,844,199,215,147,1,-1,-1,-1
147,260,244,68,94,80,1,-1,-1,-1
147,292,522,123,115,85,1,-1,-1,-1
147,293,837,195,213,146,1,-1,-1,-1
148,260,246,68,96,82,1,-1,-1,-1
148,292,517,122,114,84,1,-1,-1,-1
148,293,832,191,206,144,1,-1,-1,-1
149,260,247,67,97,84,1,-1,-1,-1
149,292,513,121,113,83,1,-1,-1,-1
149,293,813,192,206,140,1,-1,-1,-1
150,260,249,67,99,86,1,-1,-1,-1
150,292,509,120,112,82,1,-1,-1,-1
150,293,808,191,199,136,1,-1,-1,-1
151,260,250,66,100,87,1,-1,-1,-1
151,292,505,119,111,81,1,-1,-1,-1
151,293,799,190,198,132,1,-1,-1,-1
152,260,252,66,102,89,1,-1,-1,-1
152,292,501,118,110,81,1,-1,-1,-1
152,293,779,188,201,133,1,-1,-1,-1
153,260,253,65,103,91,1,-1,-1,-1
153,292,497,117,109,80,1,-1,-1,-1
153,293,773,186,197,132,1,-1,-1,-1
154,260,255,67,103,90,1,-1,-1,-1
154,292,492,116,109,80,1,-1,-1,-1
154,293,764,185,197,131,1,-1,-1,-1
155,260,256,69,106,89,1,-1,-1,-1
155,292,488,115,108,79,1,-1,-1,-1
155,293,758,184,196,131,1,-1,-1,-1
156,260,259,71,105,87,1,-1,-1,-1
156,292,484,114,107,79,1,-1,-1,-1
156,293,742,183,194,130,1,-1,-1,-1
157,260,260,72,106,87,1,-1,-1,-1
157,292,479,112,109,81,1,-1,-1,-1
157,293,748,172,174,138,1,-1,-1,-1
158,260,262,73,107,86,1,-1,-1,-1
158,292,474,111,112,82,1,-1,-1,-1
158,293,738,173,176,133,1,-1,-1,-1
159,260,265,73,109,87,1,-1,-1,-1
159,292,469,109,114,84,1,-1,-1,-1
159,293,730,173,176,127,1,-1,-1,-1
160,260,266,75,112,87,1,-1,-1,-1
160,292,463,107,116,86,1,-1,-1,-1
160,293,717,169,180,128,1,-1,-1,-1
161,260,267,77,116,87,1,-1,-1,-1
161,292,458,106,119,87,1,-1,-1,-1
161,293,714,168,176,123,1,-1,-1,-1
162,260,267,78,119,88,1,-1,-1,-1
162,292,453,104,121,89,1,-1,-1,-1
162,293,708,170,174,119,1,-1,-1,-1
163,260,270,79,114,88,1,-1,-1,-1
163,292,449,103,123,87,1,-1,-1,-1
163,293,702,169,169,117,1,-1,-1,-1
164,260,276,79,120,90,1,-1,-1,-1
164,291,261,59,60,50,1,-1,-1,-1
164,292,448,102,119,85,1,-1,-1,-1
164,293,698,167,166,117,1,-1,-1,-1
165,260,275,78,123,94,1,-1,-1,-1
165,291,260,59,60,50,1,-1,-1,-1
165,292,446,102,114,83,1,-1,-1,-1
165,293,689,159,164,122,1,-1,-1,-1
166,260,277,79,123,95,1,-1,-1,-1
166,291,259,59,59,50,1,-1,-1,-1
166,292,442,102,113,80,1,-1,-1,-1
166,293,685,162,162,118,1,-1,-1,-1
167,260,279,79,122,95,1,-1,-1,-1
167,291,258,59,59,49,1,-1,-1,-1
167,292,440,101,109,78,1,-1,-1,-1
167,293,681,163,161,114,1,-1,-1,-1
168,260,285,80,118,95,1,-1,-1,-1
168,291,257,59,59,49,1,-1,-1,-1
168,292,439,101,104,77,1,-1,-1,-1
168,293,677,163,156,113,1,-1,-1,-1
169,260,289,81,113,95,1,-1,-1,-1
169,291,256,59,58,49,1,-1,-1,-1
169,292,437,100,100,75,1,-1,-1,-1
169,293,674,160,152,116,1,-1,-1,-1
170,260,293,81,111,95,1,-1,-1,-1
170,291,255,59,58,49,1,-1,-1,-1
170,292,436,100,95,74,1,-1,-1,-1
170,293,670,160,149,116,1,-1,-1,-1
171,260,296,81,110,96,1,-1,-1,-1
171,291,254,60,58,49,1,-1,-1,-1
171,292,434,99,91,72,1,-1,-1,-1
171,293,655,158,158,117,1,-1,-1,-1
172,260,299,81,110,96,1,-1,-1,-1
172,291,252,60,57,49,1,-1,-1,-1
172,292,431,98,90,72,1,-1,-1,-1
172,293,652,159,156,111,1,-1,-1,-1
173,260,304,82,110,99,1,-1,-1,-1
173,291,251,60,57,49,1,-1,-1,-1
173,292,429,97,89,71,1,-1,-1,-1
173,293,649,158,154,110,1,-1,-1,-1
174,260,307,87,113,97,1,-1,-1,-1
174,291,250,60,56,49,1,-1,-1,-1
174,292,426,96,88,71,1,-1,-1,-1
174,293,645,157,150,109,1,-1,-1,-1
175,260,310,85,133,100,1,-1,-1,-1
175,291,249,60,56,49,1,-1,-1,-1
175,292,423,95,88,70,1,-1,-1,-1
175,293,640,155,149,108,1,-1,-1,-1
176,260,312,85,130,100,1,-1,-1,-1
176,291,248,60,56,48,1,-1,-1,-1
176,292,420,94,87,70,1,-1,-1,-1
176,293,635,153,147,108,1,-1,-1,-1
177,260,311,90,129,95,1,-1,-1,-1
177,291,247,60,55,48,1,-1,-1,-1
177,292,418,93,86,69,1,-1,-1,-1
177,293,631,152,146,107,1,-1,-1,-1
178,260,315,91,127,97,1,-1,-1,-1
178,291,246,60,55,48,1,-1,-1,-1
178,292,415,92,85,69,1,-1,-1,-1
178,293,626,150,145,106,1,-1,-1,-1
179,260,319,92,124,100,1,-1,-1,-1
179,291,245,60,54,48,1,-1,-1,-1
179,292,412,91,84,68,1,-1,-1,-1
179,293,621,148,144,106,1,-1,-1,-1
180,260,320,91,133,109,1,-1,-1,-1
180,291,244,60,54,48,1,-1,-1,-1
180,293,616,146,142,105,1,-1,-1,-1
181,260,325,93,135,108,1,-1,-1,-1
181,291,243,60,54,48,1,-1,-1,-1
181,293,611,144,141,105,1,-1,-1,-1
182,260,330,93,134,109,1,-1,-1,-1
182,291,242,61,54,47,1,-1,-1,-1
182,293,606,142,140,104,1,-1,-1,-1
183,260,335,93,133,110,1,-1,-1,-1
183,291,241,61,53,47,1,-1,-1,-1
183,293,602,141,139,103,1,-1,-1,-1
184,260,337,91,132,113,1,-1,-1,-1
184,291,240,61,53,46,1,-1,-1,-1
184,293,597,139,137,103,1,-1,-1,-1
185,260,343,93,133,113,1,-1,-1,-1
185,291,239,62,53,46,1,-1,-1,-1
185,293,592,137,136,102,1,-1,-1,-1
186,260,348,95,134,113,1,-1,-1,-1
186,291,238,62,53,45,1,-1,-1,-1
186,293,590,136,134,101,1,-1,-1,-1
187,260,354,97,134,112,1,-1,-1,-1
187,291,237,62,53,45,1,-1,-1,-1
187,293,586,135,133,101,1,-1,-1,-1
188,260,360,100,135,112,1,-1,-1,-1
188,291,236,62,52,44,1,-1,-1,-1
188,293,583,133,132,102,1,-1,-1,-1
189,260,365,102,136,112,1,-1,-1,-1
189,291,235,63,52,44,1,-1,-1,-1
189,293,579,132,131,102,1,-1,-1,-1
190,260,371,104,137,112,1,-1,-1,-1
190,291,234,63,52,43,1,-1,-1,-1
190,293,575,131,129,102,1,-1,-1,-1
191,260,376,106,137,111,1,-1,-1,-1
191,293,572,129,128,103,1,-1,-1,-1
192,260,382,108,138,111,1,-1,-1,-1
192,292,367,81,80,64,1,-1,-1,-1
192,293,568,128,127,103,1,-1,-1,-1
193,260,386,108,140,116,1,-1,-1,-1
193,292,364,80,80,64,1,-1,-1,-1
193,293,563,129,128,101,1,-1,-1,-1
194,260,388,105,145,121,1,-1,-1,-1
194,292,362,79,79,64,1,-1,-1,-1
194,293,559,129,128,99,1,-1,-1,-1
195,260,395,108,143,120,1,-1,-1,-1
195,292,359,79,79,64,1,-1,-1,-1
195,293,554,130,129,97,1,-1,-1,-1
196,260,403,111,140,119,1,-1,-1,-1
196,292,357,78,78,63,1,-1,-1,-1
196,293,549,130,130,96,1,-1,-1,-1
197,260,410,113,138,117,1,-1,-1,-1
197,292,354,78,78,63,1,-1,-1,-1
197,293,544,131,131,94,1,-1,-1,-1
198,260,417,116,135,116,1,-1,-1,-1
198,292,352,77,77,63,1,-1,-1,-1
198,293,540,131,131,92,1,-1,-1,-1
199,260,420,118,142,119,1,-1,-1,-1
199,292,349,76,76,63,1,-1,-1,-1
199,293,535,132,132,90,1,-1,-1,-1
200,260,424,119,149,122,1,-1,-1,-1
200,292,347,76,76,62,1,-1,-1,-1
200,293,532,131,131,90,1,-1,-1,-1
201,260,427,121,156,124,1,-1,-1,-1
201,292,344,75,75,62,1,-1,-1,-1
201,293,528,129,130,90,1,-1,-1,-1
202,260,430,122,163,127,1,-1,-1,-1
202,292,342,74,75,62,1,-1,-1,-1
203,260,438,123,172,124,1,-1,-1,-1
203,292,339,74,74,62,1,-1,-1,-1
204,260,443,127,172,127,1,-1,-1,-1
204,292,337,73,74,61,1,-1,-1,-1
205,260,450,128,173,130,1,-1,-1,-1
205,292,334,73,74,61,1,-1,-1,-1
206,260,456,129,174,135,1,-1,-1,-1
206,292,332,72,73,61,1,-1,-1,-1
207,260,463,131,177,137,1,-1,-1,-1
207,292,329,71,73,61,1,-1,-1,-1
208,260,470,133,179,139,1,-1,-1,-1
208,292,327,71,73,60,1,-1,-1,-1
209,260,477,135,182,141,1,-1,-1,-1
209,292,324,70,73,60,1,-1,-1,-1
210,260,485,136,185,144,1,-1,-1,-1
210,292,322,69,72,60,1,-1,-1,-1
211,260,492,138,188,146,1,-1,-1,-1
211,292,319,69,72,60,1,-1,-1,-1
212,260,499,140,190,148,1,-1,-1,-1
212,292,317,68,72,59,1,-1,-1,-1
213,260,506,142,193,150,1,-1,-1,-1
213,292,314,68,71,59,1,-1,-1,-1
214,260,515,145,191,150,1,-1,-1,-1
214,292,312,67,71,59,1,-1,-1,-1
214,293,484,113,120,88,1,-1,-1,-1
215,260,524,145,188,154,1,-1,-1,-1
215,292,309,66,71,59,1,-1,-1,-1
215,293,481,112,119,88,1,-1,-1,-1
216,260,542,144,190,163,1,-1,-1,-1
216,292,307,66,70,58,1,-1,-1,-1
216,293,477,110,118,88,1,-1,-1,-1
217,260,548,148,194,163,1,-1,-1,-1
217,292,304,65,70,58,1,-1,-1,-1
217,293,474,109,117,88,1,-1,-1,-1
218,260,556,152,196,163,1,-1,-1,-1
218,292,302,65,70,58,1,-1,-1,-1
218,293,471,106,116,88,1,-1,-1,-1
219,260,574,152,198,168,1,-1,-1,-1
219,292,300,64,69,57,1,-1,-1,-1
219,293,467,104,117,90,1,-1,-1,-1
220,260,578,155,205,167,1,-1,-1,-1
220,292,298,64,69,57,1,-1,-1,-1
220,293,464,103,118,91,1,-1,-1,-1
221,260,580,162,217,172,1,-1,-1,-1
221,292,296,64,68,57,1,-1,-1,-1
221,293,462,104,117,91,1,-1,-1,-1
222,260,603,165,210,172,1,-1,-1,-1
222,292,294,63,68,56,1,-1,-1,-1
222,293,455,104,119,92,1,-1,-1,-1
223,260,610,168,210,171,1,-1,-1,-1
223,292,292,63,67,56,1,-1,-1,-1
223,293,449,105,124,89,1,-1,-1,-1
224,260,616,173,216,169,1,-1,-1,-1
224,292,290,63,67,55,1,-1,-1,-1
224,293,446,105,124,87,1,-1,-1,-1
225,260,631,171,230,184,1,-1,-1,-1
225,292,288,62,67,55,1,-1,-1,-1
225,293,446,104,121,85,1,-1,-1,-1
226,260,638,175,230,183,1,-1,-1,-1
226,292,286,62,66,55,1,-1,-1,-1
226,293,444,102,117,85,1,-1,-1,-1
227,260,649,181,227,177,1,-1,-1,-1
227,292,283,62,66,54,1,-1,-1,-1
227,293,441,100,113,85,1,-1,-1,-1
228,260,654,172,254,198,1,-1,-1,-1
228,292,281,62,65,54,1,-1,-1,-1
228,293,437,100,112,85,1,-1,-1,-1
229,260,666,181,259,193,1,-1,-1,-1
229,292,279,61,65,54,1,-1,-1,-1
229,293,433,100,114,84,1,-1,-1,-1
230,260,673,186,264,193,1,-1,-1,-1
230,292,277,61,65,53,1,-1,-1,-1
230,293,429,101,118,81,1,-1,-1,-1
231,260,697,191,262,190,1,-1,-1,-1
231,292,275,61,64,53,1,-1,-1,-1
231,293,425,101,121,79,1,-1,-1,-1
232,260,706,197,273,196,1,-1,-1,-1
232,292,273,60,64,52,1,-1,-1,-1
232,293,425,100,118,78,1,-1,-1,-1
233,260,719,202,279,198,1,-1,-1,-1
233,292,271,60,63,52,1,-1,-1,-1
233,293,416,101,119,79,1,-1,-1,-1
234,260,727,206,289,200,1,-1,-1,-1
234,292,269,60,63,52,1,-1,-1,-1
234,293,415,100,118,79,1,-1,-1,-1
235,260,762,206,266,210,1,-1,-1,-1
235,292,267,59,62,51,1,-1,-1,-1
235,293,414,99,114,79,1,-1,-1,-1
236,260,768,203,278,221,1,-1,-1,-1
236,292,265,59,62,51,1,-1,-1,-1
236,293,411,99,114,78,1,-1,-1,-1
236,298,1514,298,406,273,1,-1,-1,-1
237,260,780,215,296,219,1,-1,-1,-1
237,292,263,59,62,51,1,-1,-1,-1
237,293,409,98,109,79,1,-1,-1,-1
237,298,1499,302,407,251,1,-1,-1,-1
238,260,791,218,306,223,1,-1,-1,-1
238,292,262,59,62,51,1,-1,-1,-1
238,293,406,98,108,79,1,-1,-1,-1
238,298,1437,285,448,264,1,-1,-1,-1
239,260,817,225,314,231,1,-1,-1,-1
239,292,260,59,62,51,1,-1,-1,-1
239,293,404,97,107,79,1,-1,-1,-1
239,298,1417,286,451,251,1,-1,-1,-1
240,260,831,230,317,232,1,-1,-1,-1
240,292,258,59,62,51,1,-1,-1,-1
240,293,402,96,106,79,1,-1,-1,-1
240,298,1390,277,419,254,1,-1,-1,-1
241,260,843,237,326,234,1,-1,-1,-1
241,292,256,59,61,50,1,-1,-1,-1
241,293,399,95,105,78,1,-1,-1,-1
241,298,1368,276,422,250,1,-1,-1,-1
242,260,851,246,339,231,1,-1,-1,-1
242,292,255,59,61,50,1,-1,-1,-1
242,293,397,94,104,78,1,-1,-1,-1
242,298,1325,273,419,248,1,-1,-1,-1
243,260,881,249,349,233,1,-1,-1,-1
243,292,253,59,61,50,1,-1,-1,-1
243,293,395,94,104,78,1,-1,-1,-1
243,298,1309,252,415,259,1,-1,-1,-1
244,260,897,254,354,238,1,-1,-1,-1
244,292,251,59,61,50,1,-1,-1,-1
244,293,393,93,103,78,1,-1,-1,-1
244,298,1296,248,405,254,1,-1,-1,-1
245,260,914,256,352,241,1,-1,-1,-1
245,292,250,59,60,49,1,-1,-1,-1
245,293,391,92,102,78,1,-1,-1,-1
245,298,1258,246,381,251,1,-1,-1,-1
246,260,944,258,356,252,1,-1,-1,-1
246,292,249,60,60,48,1,-1,-1,-1
246,293,388,91,101,77,1,-1,-1,-1
246,298,1243,241,372,248,1,-1,-1,-1
247,260,955,264,377,275,1,-1,-1,-1
247,292,248,60,59,47,1,-1,-1,-1
247,293,386,90,100,77,1,-1,-1,-1
247,298,1223,238,366,243,1,-1,-1,-1
248,260,968,264,387,282,1,-1,-1,-1
248,292,247,60,58,46,1,-1,-1,-1
248,293,384,89,99,77,1,-1,-1,-1
248,298,1203,235,360,237,1,-1,-1,-1
249,260,1011,271,384,284,1,-1,-1,-1
249,292,246,61,58,45,1,-1,-1,-1
249,293,381,90,99,76,1,-1,-1,-1
249,298,1183,232,354,232,1,-1,-1,-1
250,260,1016,277,408,289,1,-1,-1,-1
250,292,245,61,57,44,1,-1,-1,-1
250,293,376,90,100,74,1,-1,-1,-1
251,260,1029,282,418,293,1,-1,-1,-1
251,293,373,90,101,74,1,-1,-1,-1
252,260,1061,289,430,303,1,-1,-1,-1
252,293,370,89,101,72,1,-1,-1,-1
253,260,1072,292,442,310,1,-1,-1,-1
253,293,368,89,99,72,1,-1,-1,-1
254,260,1073,302,476,348,1,-1,-1,-1
254,293,367,88,98,71,1,-1,-1,-1
255,260,1129,318,461,316,1,-1,-1,-1
255,261,172,63,57,45,1,-1,-1,-1
255,293,365,88,96,71,1,-1,-1,-1
255,298,1064,214,318,199,1,-1,-1,-1
256,260,1130,313,483,347,1,-1,-1,-1
256,261,173,64,57,45,1,-1,-1,-1
256,293,364,87,95,70,1,-1,-1,-1
256,298,1044,211,312,193,1,-1,-1,-1
257,260,1149,317,502,350,1,-1,-1,-1
257,261,174,64,56,46,1,-1,-1,-1
257,293,362,87,93,70,1,-1,-1,-1
257,298,1024,208,306,188,1,-1,-1,-1
258,260,1182,325,501,351,1,-1,-1,-1
258,261,175,65,56,46,1,-1,-1,-1
258,293,361,86,92,69,1,-1,-1,-1
258,298,1004,205,300,182,1,-1,-1,-1
259,260,1200,335,513,358,1,-1,-1,-1
259,261,176,65,55,46,1,-1,-1,-1
259,293,359,86,90,69,1,-1,-1,-1
259,298,996,197,293,189,1,-1,-1,-1
260,260,1254,351,504,362,1,-1,-1,-1
260,261,177,65,56,46,1,-1,-1,-1
260,293,358,85,89,68,1,-1,-1,-1
260,298,985,194,285,187,1,-1,-1,-1
261,260,1276,362,512,365,1,-1,-1,-1
261,261,177,66,56,46,1,-1,-1,-1
261,293,356,85,87,68,1,-1,-1,-1
261,298,973,192,278,185,1,-1,-1,-1
262,260,1308,375,516,360,1,-1,-1,-1
262,261,178,66,57,47,1,-1,-1,-1
262,293,355,84,86,67,1,-1,-1,-1
262,298,962,189,270,183,1,-1,-1,-1
263,260,1339,389,520,356,1,-1,-1,-1
263,261,179,67,57,47,1,-1,-1,-1
263,293,353,84,84,67,1,-1,-1,-1
263,298,950,187,263,182,1,-1,-1,-1
264,260,1371,402,524,351,1,-1,-1,-1
264,261,179,67,58,47,1,-1,-1,-1
264,293,352,83,83,66,1,-1,-1,-1
264,298,939,184,255,180,1,-1,-1,-1
265,260,1399,409,521,364,1,-1,-1,-1
265,261,180,67,58,47,1,-1,-1,-1
265,293,350,83,81,66,1,-1,-1,-1
265,298,927,181,247,178,1,-1,-1,-1
266,260,1429,420,491,372,1,-1,-1,-1
266,261,181,68,59,47,1,-1,-1,-1
266,293,349,82,80,65,1,-1,-1,-1
266,298,916,179,240,176,1,-1,-1,-1
267,261,182,68,60,48,1,-1,-1,-1
267,293,347,82,78,65,1,-1,-1,-1
267,298,904,176,232,174,1,-1,-1,-1
268,261,182,68,60,48,1,-1,-1,-1
268,293,346,81,77,64,1,-1,-1,-1
268,298,896,178,234,172,1,-1,-1,-1
269,261,183,69,61,48,1,-1,-1,-1
269,293,344,81,75,64,1,-1,-1,-1
269,298,879,176,234,170,1,-1,-1,-1
270,261,184,69,61,48,1,-1,-1,-1
270,293,343,81,74,63,1,-1,-1,-1
270,298,862,173,233,168,1,-1,-1,-1
271,261,184,70,62,48,1,-1,-1,-1
271,293,341,80,74,63,1,-1,-1,-1
271,298,852,174,235,164,1,-1,-1,-1
272,261,185,70,62,48,1,-1,-1,-1
272,293,340,80,73,62,1,-1,-1,-1
272,298,838,173,229,163,1,-1,-1,-1
273,261,186,70,63,49,1,-1,-1,-1
273,293,338,79,72,62,1,-1,-1,-1
273,298,832,172,229,162,1,-1,-1,-1
274,261,186,71,63,49,1,-1,-1,-1
274,293,337,79,72,61,1,-1,-1,-1
274,298,828,169,221,164,1,-1,-1,-1
275,261,187,71,64,49,1,-1,-1,-1
275,293,335,78,71,60,1,-1,-1,-1
275,298,816,167,221,163,1,-1,-1,-1
276,261,189,71,64,49,1,-1,-1,-1
276,293,334,78,70,60,1,-1,-1,-1
276,298,803,164,220,162,1,-1,-1,-1
277,261,190,71,64,50,1,-1,-1,-1
277,293,332,77,69,59,1,-1,-1,-1
277,298,791,162,220,162,1,-1,-1,-1
278,261,192,72,63,50,1,-1,-1,-1
278,293,331,77,69,59,1,-1,-1,-1
278,298,778,159,219,161,1,-1,-1,-1
279,261,193,72,63,50,1,-1,-1,-1
279,293,329,76,68,58,1,-1,-1,-1
279,298,766,157,219,160,1,-1,-1,-1
280,261,195,72,63,50,1,-1,-1,-1
280,293,328,76,68,58,1,-1,-1,-1
280,298,759,157,221,156,1,-1,-1,-1
281,261,196,72,63,51,1,-1,-1,-1
281,293,327,76,67,57,1,-1,-1,-1
281,298,755,155,218,156,1,-1,-1,-1
282,261,198,72,63,51,1,-1,-1,-1
282,293,326,75,67,57,1,-1,-1,-1
282,298,752,153,211,155,1,-1,-1,-1
283,261,200,73,63,51,1,-1,-1,-1
283,293,325,75,66,57,1,-1,-1,-1
283,298,729,152,216,153,1,-1,-1,-1
284,261,201,73,62,51,1,-1,-1,-1
284,293,324,75,66,57,1,-1,-1,-1
284,298,722,151,215,149,1,-1,-1,-1
285,261,203,73,62,52,1,-1,-1,-1
285,293,323,75,66,56,1,-1,-1,-1
285,298,716,150,213,146,1,-1,-1,-1
286,261,204,73,62,52,1,-1,-1,-1
286,293,322,75,65,56,1,-1,-1,-1
286,298,699,144,211,152,1,-1,-1,-1
287,261,206,73,62,52,1,-1,-1,-1
287,293,321,74,65,56,1,-1,-1,-1
287,298,689,143,217,152,1,-1,-1,-1
288,261,207,73,62,52,1,-1,-1,-1
288,293,320,74,64,55,1,-1,-1,-1
288,298,682,138,217,156,1,-1,-1,-1
289,261,209,74,61,53,1,-1,-1,-1
289,293,319,74,64,55,1,-1,-1,-1
289,298,676,134,216,161,1,-1,-1,-1
290,261,210,74,61,53,1,-1,-1,-1
290,293,318,74,64,55,1,-1,-1,-1
290,298,653,137,223,154,1,-1,-1,-1
291,261,212,74,61,53,1,-1,-1,-1
291,293,317,73,64,54,1,-1,-1,-1
291,298,643,138,228,152,1,-1,-1,-1
292,261,214,74,62,53,1,-1,-1,-1
292,293,316,73,63,54,1,-1,-1,-1
292,298,636,137,226,152,1,-1,-1,-1
293,261,215,75,62,54,1,-1,-1,-1
293,293,314,73,63,54,1,-1,-1,-1
293,298,612,137,232,153,1,-1,-1,-1
294,261,217,75,63,54,1,-1,-1,-1
294,293,313,72,63,53,1,-1,-1,-1
294,298,600,135,242,153,1,-1,-1,-1
295,261,219,75,63,54,1,-1,-1,-1
295,293,312,72,63,53,1,-1,-1,-1
295,298,584,139,243,148,1,-1,-1,-1
296,261,221,76,64,55,1,-1,-1,-1
296,293,311,72,63,53,1,-1,-1,-1
296,298,567,142,244,143,1,-1,-1,-1
297,261,222,76,64,55,1,-1,-1,-1
297,293,310,71,62,52,1,-1,-1,-1
297,298,549,140,248,143,1,-1,-1,-1
298,261,224,76,65,55,1,-1,-1,-1
298,293,309,71,62,52,1,-1,-1,-1
298,298,531,138,252,144,1,-1,-1,-1
299,261,226,77,65,55,1,-1,-1,-1
299,293,307,71,62,52,1,-1,-1,-1
299,298,513,136,256,144,1,-1,-1,-1
300,261,227,77,66,56,1,-1,-1,-1
300,293,306,71,62,52,1,-1,-1,-1
300,298,495,135,260,144,1,-1,-1,-1
301,261,229,78,67,56,1,-1,-1,-1
301,293,305,70,61,51,1,-1,-1,-1
301,298,477,133,264,144,1,-1,-1,-1
302,261,231,78,67,56,1,-1,-1,-1
302,293,304,70,61,51,1,-1,-1,-1
302,298,459,131,268,145,1,-1,-1,-1
303,261,232,78,68,57,1,-1,-1,-1
303,293,303,70,61,51,1,-1,-1,-1
303,298,441,129,272,145,1,-1,-1,-1
304,261,234,79,68,57,1,-1,-1,-1
304,293,302,69,61,50,1,-1,-1,-1
304,298,432,130,272,143,1,-1,-1,-1
305,261,236,79,69,57,1,-1,-1,-1
305,293,300,69,61,50,1,-1,-1,-1
305,298,403,128,271,144,1,-1,-1,-1
306,261,238,79,69,58,1,-1,-1,-1
306,293,299,69,60,50,1,-1,-1,-1
306,298,395,127,268,145,1,-1,-1,-1
307,261,239,80,70,58,1,-1,-1,-1
307,293,298,68,60,49,1,-1,-1,-1
307,298,368,127,272,145,1,-1,-1,-1
308,261,241,80,70,58,1,-1,-1,-1
308,293,297,68,60,49,1,-1,-1,-1
308,298,345,129,277,143,1,-1,-1,-1
309,261,243,80,71,58,1,-1,-1,-1
309,293,296,68,60,49,1,-1,-1,-1
309,298,321,130,282,141,1,-1,-1,-1
310,261,244,81,71,59,1,-1,-1,-1
310,293,294,67,60,48,1,-1,-1,-1
310,298,286,132,285,139,1,-1,-1,-1
311,261,246,81,72,59,1,-1,-1,-1
311,293,293,67,60,48,1,-1,-1,-1
311,298,279,132,285,136,1,-1,-1,-1
312,261,248,82,72,59,1,-1,-1,-1
312,293,291,67,60,48,1,-1,-1,-1
312,298,238,135,297,131,1,-1,-1,-1
313,261,250,82,73,60,1,-1,-1,-1
313,293,290,66,60,48,1,-1,-1,-1
313,298,201,135,308,134,1,-1,-1,-1
314,261,252,83,73,60,1,-1,-1,-1
314,293,288,66,60,47,1,-1,-1,-1
314,298,193,135,308,132,1,-1,-1,-1
315,261,253,83,74,61,1,-1,-1,-1
315,293,287,66,60,47,1,-1,-1,-1
315,298,160,139,303,125,1,-1,-1,-1
316,261,255,84,74,61,1,-1,-1,-1
316,293,285,65,59,47,1,-1,-1,-1
316,298,130,142,308,124,1,-1,-1,-1
317,261,257,84,75,62,1,-1,-1,-1
317,293,284,65,59,46,1,-1,-1,-1
317,298,99,145,312,123,1,-1,-1,-1
318,261,259,85,75,62,1,-1,-1,-1
318,293,282,64,59,46,1,-1,-1,-1
318,298,69,148,317,121,1,-1,-1,-1
319,261,261,85,76,63,1,-1,-1,-1
319,298,38,151,321,120,1,-1,-1,-1
320,261,263,86,76,63,1,-1,-1,-1
320,298,25,149,302,119,1,-1,-1,-1
321,261,264,86,77,64,1,-1,-1,-1
321,293,278,63,59,45,1,-1,-1,-1
321,298,0,153,302,117,1,-1,-1,-1
322,261,266,87,77,64,1,-1,-1,-1
322,293,276,63,59,45,1,-1,-1,-1
322,298,0,153,268,120,1,-1,-1,-1
323,261,268,87,78,65,1,-1,-1,-1
323,293,275,63,58,45,1,-1,-1,-1
324,261,270,88,78,65,1,-1,-1,-1
324,293,274,62,58,45,1,-1,-1,-1
325,261,271,89,80,66,1,-1,-1,-1
325,293,272,62,57,45,1,-1,-1,-1
326,261,272,90,82,66,1,-1,-1,-1
326,293,271,62,57,45,1,-1,-1,-1
327,261,274,91,83,67,1,-1,-1,-1
327,293,270,61,56,46,1,-1,-1,-1
328,261,275,92,85,67,1,-1,-1,-1
328,293,269,61,56,46,1,-1,-1,-1
329,261,276,93,87,68,1,-1,-1,-1
329,293,267,61,55,46,1,-1,-1,-1
330,261,277,94,89,69,1,-1,-1,-1
330,293,266,60,55,46,1,-1,-1,-1
331,261,279,94,90,69,1,-1,-1,-1
331,293,265,60,54,46,1,-1,-1,-1
332,261,280,95,92,70,1,-1,-1,-1
332,293,264,60,54,46,1,-1,-1,-1
333,261,281,96,94,71,1,-1,-1,-1
333,293,262,61,54,46,1,-1,-1,-1
334,261,282,97,96,71,1,-1,-1,-1
334,293,261,61,54,46,1,-1,-1,-1
335,261,284,98,97,72,1,-1,-1,-1
335,293,259,62,55,45,1,-1,-1,-1
336,261,285,99,99,72,1,-1,-1,-1
336,293,258,62,55,45,1,-1,-1,-1
337,261,286,100,101,73,1,-1,-1,-1
337,293,256,63,55,45,1,-1,-1,-1
338,261,286,99,107,75,1,-1,-1,-1
338,293,255,63,55,45,1,-1,-1,-1
339,261,290,99,105,76,1,-1,-1,-1
340,261,294,100,103,76,1,-1,-1,-1
341,261,297,102,101,76,1,-1,-1,-1
342,261,299,104,100,75,1,-1,-1,-1
343,261,301,105,100,75,1,-1,-1,-1
344,261,304,106,98,75,1,-1,-1,-1
345,261,307,106,96,76,1,-1,-1,-1
346,261,311,103,92,79,1,-1,-1,-1
347,261,314,103,92,83,1,-1,-1,-1
348,261,315,102,96,87,1,-1,-1,-1
349,261,315,102,98,89,1,-1,-1,-1
350,261,319,103,99,89,1,-1,-1,-1
351,261,322,104,100,90,1,-1,-1,-1
352,261,326,105,101,90,1,-1,-1,-1
353,261,330,107,103,91,1,-1,-1,-1
354,261,333,108,104,91,1,-1,-1,-1
355,261,337,109,105,92,1,-1,-1,-1
356,261,341,110,106,92,1,-1,-1,-1
357,261,344,111,107,92,1,-1,-1,-1
358,261,348,112,108,93,1,-1,-1,-1
359,261,351,113,109,93,1,-1,-1,-1
360,261,355,115,111,94,1,-1,-1,-1
361,261,359,116,112,94,1,-1,-1,-1
362,261,362,117,113,95,1,-1,-1,-1
363,261,366,118,114,95,1,-1,-1,-1
364,261,369,118,116,96,1,-1,-1,-1
365,261,372,126,107,81,1,-1,-1,-1
