1,271,434,516,54,50,1,-1,-1,-1
1,273,172,591,204,117,1,-1,-1,-1
2,271,435,516,55,51,1,-1,-1,-1
2,273,172,591,204,117,1,-1,-1,-1
3,271,436,516,56,51,1,-1,-1,-1
3,273,172,591,204,117,1,-1,-1,-1
4,271,437,516,56,52,1,-1,-1,-1
4,273,172,591,204,117,1,-1,-1,-1
5,271,438,516,57,53,1,-1,-1,-1
5,273,172,591,204,117,1,-1,-1,-1
6,271,439,515,58,53,1,-1,-1,-1
6,273,172,591,204,117,1,-1,-1,-1
7,271,440,515,59,54,1,-1,-1,-1
7,273,172,590,204,118,1,-1,-1,-1
8,271,441,515,59,54,1,-1,-1,-1
8,273,172,590,204,118,1,-1,-1,-1
9,271,442,515,60,55,1,-1,-1,-1
9,273,172,590,203,118,1,-1,-1,-1
10,271,444,515,61,56,1,-1,-1,-1
10,273,172,590,203,118,1,-1,-1,-1
11,271,445,514,62,57,1,-1,-1,-1
11,273,172,590,203,118,1,-1,-1,-1
12,271,447,514,63,58,1,-1,-1,-1
12,273,172,590,203,118,1,-1,-1,-1
13,271,449,514,64,59,1,-1,-1,-1
13,273,173,590,203,118,1,-1,-1,-1
14,271,450,513,65,61,1,-1,-1,-1
14,273,173,590,203,118,1,-1,-1,-1
15,271,452,513,66,62,1,-1,-1,-1
15,273,173,590,203,118,1,-1,-1,-1
16,271,454,513,67,63,1,-1,-1,-1
16,273,173,590,203,118,1,-1,-1,-1
17,271,455,512,68,64,1,-1,-1,-1
17,273,173,590,203,118,1,-1,-1,-1
18,271,457,512,69,65,1,-1,-1,-1
18,273,173,589,203,119,1,-1,-1,-1
19,271,458,512,72,66,1,-1,-1,-1
19,273,173,589,203,119,1,-1,-1,-1
20,271,460,513,74,68,1,-1,-1,-1
20,272,436,523,43,42,1,-1,-1,-1
20,273,173,589,203,119,1,-1,-1,-1
21,271,461,513,77,69,1,-1,-1,-1
21,272,437,523,44,42,1,-1,-1,-1
21,273,173,589,203,119,1,-1,-1,-1
22,271,462,513,80,70,1,-1,-1,-1
22,272,438,523,44,43,1,-1,-1,-1
22,273,173,589,203,119,1,-1,-1,-1
23,270,1254,198,346,289,1,-1,-1,-1
23,271,463,513,83,71,1,-1,-1,-1
23,272,439,523,45,43,1,-1,-1,-1
23,273,173,589,203,119,1,-1,-1,-1
24,270,1197,197,403,292,1,-1,-1,-1
24,271,465,514,85,73,1,-1,-1,-1
24,272,440,523,46,43,1,-1,-1,-1
24,273,173,589,202,119,1,-1,-1,-1
25,270,1143,218,446,276,1,-1,-1,-1
25,271,466,514,88,74,1,-1,-1,-1
25,272,441,522,46,43,1,-1,-1,-1
25,273,173,589,202,119,1,-1,-1,-1
26,270,1098,232,422,265,1,-1,-1,-1
26,271,469,513,92,77,1,-1,-1,-1
26,272,442,522,47,44,1,-1,-1,-1
26,273,173,589,202,119,1,-1,-1,-1
27,270,1053,246,398,255,1,-1,-1,-1
27,271,471,512,95,79,1,-1,-1,-1
27,272,443,522,47,44,1,-1,-1,-1
27,273,173,589,202,119,1,-1,-1,-1
28,270,1007,259,374,244,1,-1,-1,-1
28,271,474,511,99,82,1,-1,-1,-1
28,272,444,522,48,44,1,-1,-1,-1
28,273,173,589,202,119,1,-1,-1,-1
29,270,962,273,350,233,1,-1,-1,-1
29,271,476,510,102,84,1,-1,-1,-1
29,272,445,522,49,45,1,-1,-1,-1
29,273,173,589,202,119,1,-1,-1,-1
30,270,928,287,316,220,1,-1,-1,-1
30,271,479,509,106,87,1,-1,-1,-1
30,272,447,522,50,46,1,-1,-1,-1
30,273,173,588,202,120,1,-1,-1,-1
31,270,908,299,295,209,1,-1,-1,-1
31,271,482,509,107,88,1,-1,-1,-1
31,272,448,522,51,47,1,-1,-1,-1
31,273,173,588,202,120,1,-1,-1,-1
32,270,888,312,274,197,1,-1,-1,-1
32,271,486,508,110,89,1,-1,-1,-1
32,272,450,522,52,48,1,-1,-1,-1
32,273,173,588,202,120,1,-1,-1,-1
33,270,867,324,254,186,1,-1,-1,-1
33,271,491,507,110,90,1,-1,-1,-1
33,272,451,521,53,50,1,-1,-1,-1
33,273,173,588,202,120,1,-1,-1,-1
34,270,847,337,233,174,1,-1,-1,-1
34,271,498,508,112,93,1,-1,-1,-1
34,272,453,521,54,51,1,-1,-1,-1
34,273,173,588,202,120,1,-1,-1,-1
35,270,827,349,212,163,1,-1,-1,-1
35,271,505,509,115,96,1,-1,-1,-1
35,272,454,521,55,52,1,-1,-1,-1
35,273,174,588,202,120,1,-1,-1,-1
36,270,807,354,206,161,1,-1,-1,-1
36,271,512,510,117,99,1,-1,-1,-1
36,272,456,521,56,53,1,-1,-1,-1
36,273,174,588,202,120,1,-1,-1,-1
37,270,787,359,200,159,1,-1,-1,-1
37,271,514,508,122,103,1,-1,-1,-1
37,272,457,521,57,54,1,-1,-1,-1
37,273,174,588,202,120,1,-1,-1,-1
38,270,766,365,194,156,1,-1,-1,-1
38,271,516,505,128,108,1,-1,-1,-1
38,272,459,521,59,55,1,-1,-1,-1
38,273,174,588,202,120,1,-1,-1,-1
39,270,746,370,188,154,1,-1,-1,-1
39,271,525,505,131,112,1,-1,-1,-1
39,272,460,520,61,56,1,-1,-1,-1
39,273,174,588,201,120,1,-1,-1,-1
40,270,726,375,182,152,1,-1,-1,-1
40,271,530,505,134,116,1,-1,-1,-1
40,272,462,520,63,58,1,-1,-1,-1
40,273,174,588,201,120,1,-1,-1,-1
41,270,715,381,173,145,1,-1,-1,-1
41,271,535,505,141,118,1,-1,-1,-1
41,272,464,520,65,59,1,-1,-1,-1
41,273,174,587,201,121,1,-1,-1,-1
42,270,705,387,164,138,1,-1,-1,-1
42,271,537,506,145,117,1,-1,-1,-1
42,272,465,519,66,60,1,-1,-1,-1
42,273,174,587,201,121,1,-1,-1,-1
43,270,694,394,155,131,1,-1,-1,-1
43,271,549,507,154,131,1,-1,-1,-1
43,272,467,519,68,61,1,-1,-1,-1
43,273,174,587,201,121,1,-1,-1,-1
44,270,684,400,146,124,1,-1,-1,-1
44,271,556,509,156,131,1,-1,-1,-1
44,272,469,519,70,63,1,-1,-1,-1
44,273,174,587,201,121,1,-1,-1,-1
45,270,673,406,137,117,1,-1,-1,-1
45,271,568,509,168,138,1,-1,-1,-1
45,272,470,518,72,64,1,-1,-1,-1
45,273,174,587,201,121,1,-1,-1,-1
46,270,662,408,135,116,1,-1,-1,-1
46,271,574,510,173,144,1,-1,-1,-1
46,272,472,518,74,65,1,-1,-1,-1
46,273,174,587,201,121,1,-1,-1,-1
47,270,652,410,132,115,1,-1,-1,-1
47,271,583,513,169,145,1,-1,-1,-1
47,272,475,519,79,68,1,-1,-1,-1
47,273,175,586,202,122,1,-1,-1,-1
48,270,641,413,130,114,1,-1,-1,-1
48,271,589,517,200,152,1,-1,-1,-1
48,272,479,519,83,71,1,-1,-1,-1
48,273,176,586,202,122,1,-1,-1,-1
49,270,630,415,127,113,1,-1,-1,-1
49,271,597,513,217,162,1,-1,-1,-1
49,272,482,520,88,73,1,-1,-1,-1
49,273,177,585,203,123,1,-1,-1,-1
50,270,620,417,125,112,1,-1,-1,-1
50,271,615,515,225,173,1,-1,-1,-1
50,272,485,520,92,76,1,-1,-1,-1
50,273,177,585,204,123,1,-1,-1,-1
51,270,609,419,122,111,1,-1,-1,-1
51,271,632,516,233,184,1,-1,-1,-1
51,272,488,521,94,75,1,-1,-1,-1
51,273,178,584,205,124,1,-1,-1,-1
52,270,604,422,118,108,1,-1,-1,-1
52,271,640,514,249,194,1,-1,-1,-1
52,272,493,520,96,78,1,-1,-1,-1
52,273,179,584,205,124,1,-1,-1,-1
53,270,599,425,114,105,1,-1,-1,-1
53,271,646,514,274,201,1,-1,-1,-1
53,272,498,519,91,78,1,-1,-1,-1
53,273,180,583,206,125,1,-1,-1,-1
54,270,593,428,110,102,1,-1,-1,-1
54,271,671,508,300,233,1,-1,-1,-1
54,272,503,520,98,81,1,-1,-1,-1
54,273,184,582,206,125,1,-1,-1,-1
55,270,588,432,106,99,1,-1,-1,-1
55,271,687,514,305,237,1,-1,-1,-1
55,272,509,521,106,83,1,-1,-1,-1
55,273,189,582,205,125,1,-1,-1,-1
56,270,583,435,101,95,1,-1,-1,-1
56,271,711,515,359,266,1,-1,-1,-1
56,272,514,522,113,86,1,-1,-1,-1
56,273,193,581,205,125,1,-1,-1,-1
57,270,578,438,97,92,1,-1,-1,-1
57,271,757,531,347,268,1,-1,-1,-1
57,272,521,521,113,88,1,-1,-1,-1
57,273,197,580,205,124,1,-1,-1,-1
58,270,572,441,93,89,1,-1,-1,-1
58,271,786,532,406,306,1,-1,-1,-1
58,272,534,521,117,91,1,-1,-1,-1
58,273,202,580,204,124,1,-1,-1,-1
59,270,567,444,89,86,1,-1,-1,-1
59,271,814,533,465,343,1,-1,-1,-1
59,272,542,521,119,100,1,-1,-1,-1
59,273,206,579,204,124,1,-1,-1,-1
60,270,563,446,87,85,1,-1,-1,-1
60,271,851,537,562,384,1,-1,-1,-1
60,272,544,520,129,103,1,-1,-1,-1
60,273,212,573,208,131,1,-1,-1,-1
61,270,559,447,85,84,1,-1,-1,-1
61,271,887,541,659,425,1,-1,-1,-1
61,272,557,520,141,109,1,-1,-1,-1
61,273,217,566,211,138,1,-1,-1,-1
62,270,555,449,83,82,1,-1,-1,-1
62,271,985,558,615,475,1,-1,-1,-1
62,272,563,519,146,112,1,-1,-1,-1
62,273,222,566,212,139,1,-1,-1,-1
63,270,551,451,81,81,1,-1,-1,-1
63,272,579,518,161,116,1,-1,-1,-1
63,273,228,568,208,136,1,-1,-1,-1
64,270,546,452,79,80,1,-1,-1,-1
64,272,586,517,164,118,1,-1,-1,-1
64,273,239,565,209,136,1,-1,-1,-1
65,270,542,454,77,79,1,-1,-1,-1
65,272,604,514,177,127,1,-1,-1,-1
65,273,251,563,210,136,1,-1,-1,-1
66,270,538,455,75,77,1,-1,-1,-1
66,272,624,516,188,129,1,-1,-1,-1
66,273,262,560,211,136,1,-1,-1,-1
67,270,534,457,73,76,1,-1,-1,-1
67,272,644,513,205,140,1,-1,-1,-1
67,273,273,558,212,136,1,-1,-1,-1
68,270,531,459,72,75,1,-1,-1,-1
68,272,665,510,222,151,1,-1,-1,-1
68,273,285,555,212,136,1,-1,-1,-1
69,270,528,461,70,73,1,-1,-1,-1
69,272,685,507,238,161,1,-1,-1,-1
69,273,296,553,213,136,1,-1,-1,-1
70,270,525,462,69,72,1,-1,-1,-1
70,272,705,504,255,172,1,-1,-1,-1
70,273,307,550,214,136,1,-1,-1,-1
71,270,522,464,68,70,1,-1,-1,-1
71,272,746,505,278,179,1,-1,-1,-1
71,273,319,548,215,136,1,-1,-1,-1
72,270,519,466,66,69,1,-1,-1,-1
72,272,787,505,301,187,1,-1,-1,-1
72,273,330,545,216,136,1,-1,-1,-1
73,270,516,468,65,67,1,-1,-1,-1
73,272,828,506,324,194,1,-1,-1,-1
73,273,337,542,217,136,1,-1,-1,-1
74,270,513,469,63,66,1,-1,-1,-1
74,272,869,506,347,201,1,-1,-1,-1
74,273,352,536,215,142,1,-1,-1,-1
75,270,510,471,62,64,1,-1,-1,-1
75,272,920,504,399,216,1,-1,-1,-1
75,273,366,529,212,147,1,-1,-1,-1
76,270,508,472,61,63,1,-1,-1,-1
76,272,984,500,452,241,1,-1,-1,-1
76,273,380,527,212,150,1,-1,-1,-1
77,270,506,473,60,62,1,-1,-1,-1
77,272,1058,494,527,267,1,-1,-1,-1
77,273,394,525,212,153,1,-1,-1,-1
78,270,504,475,60,62,1,-1,-1,-1
78,272,1149,491,451,298,1,-1,-1,-1
78,273,405,520,217,157,1,-1,-1,-1
79,270,502,476,59,61,1,-1,-1,-1
79,273,417,515,221,160,1,-1,-1,-1
80,270,500,477,58,60,1,-1,-1,-1
80,273,428,510,226,164,1,-1,-1,-1
81,273,440,504,230,167,1,-1,-1,-1
82,273,451,499,235,171,1,-1,-1,-1
83,273,463,494,239,174,1,-1,-1,-1
84,273,474,489,244,178,1,-1,-1,-1
85,273,482,485,249,183,1,-1,-1,-1
86,273,508,479,250,191,1,-1,-1,-1
87,270,487,485,53,55,1,-1,-1,-1
87,273,520,474,255,199,1,-1,-1,-1
88,270,485,485,52,55,1,-1,-1,-1
88,273,529,474,268,198,1,-1,-1,-1
89,270,483,486,52,55,1,-1,-1,-1
89,273,556,470,273,204,1,-1,-1,-1
90,270,481,487,51,55,1,-1,-1,-1
90,273,564,464,287,212,1,-1,-1,-1
91,270,480,488,51,54,1,-1,-1,-1
91,273,574,459,301,216,1,-1,-1,-1
92,270,478,489,50,54,1,-1,-1,-1
92,273,595,454,324,225,1,-1,-1,-1
93,270,476,490,50,54,1,-1,-1,-1
93,273,616,449,347,234,1,-1,-1,-1
93,274,1323,284,277,197,1,-1,-1,-1
93,275,426,522,49,42,1,-1,-1,-1
94,270,474,490,49,54,1,-1,-1,-1
94,273,637,444,371,244,1,-1,-1,-1
94,274,1262,303,338,181,1,-1,-1,-1
94,275,427,522,49,43,1,-1,-1,-1
95,270,473,491,49,53,1,-1,-1,-1
95,273,658,439,394,253,1,-1,-1,-1
95,274,1207,315,313,169,1,-1,-1,-1
95,275,428,521,49,43,1,-1,-1,-1
96,270,471,492,48,53,1,-1,-1,-1
96,273,679,434,417,262,1,-1,-1,-1
96,274,1155,323,292,169,1,-1,-1,-1
96,275,429,521,50,44,1,-1,-1,-1
97,273,714,424,430,297,1,-1,-1,-1
97,274,1112,334,269,161,1,-1,-1,-1
97,275,430,521,50,45,1,-1,-1,-1
98,273,752,420,467,310,1,-1,-1,-1
98,274,1073,348,247,148,1,-1,-1,-1
98,275,431,521,50,45,1,-1,-1,-1
99,273,790,415,504,323,1,-1,-1,-1
99,275,432,520,50,46,1,-1,-1,-1
100,273,829,404,555,344,1,-1,-1,-1
100,275,433,520,50,46,1,-1,-1,-1
101,273,868,393,606,365,1,-1,-1,-1
101,275,434,520,50,47,1,-1,-1,-1
102,273,923,376,663,406,1,-1,-1,-1
102,275,435,520,51,48,1,-1,-1,-1
103,273,978,368,622,440,1,-1,-1,-1
103,275,436,519,51,48,1,-1,-1,-1
104,274,893,390,171,118,1,-1,-1,-1
104,275,437,519,51,49,1,-1,-1,-1
105,274,869,396,165,112,1,-1,-1,-1
105,275,438,519,52,50,1,-1,-1,-1
106,274,850,402,157,108,1,-1,-1,-1
106,275,439,518,53,51,1,-1,-1,-1
107,274,830,407,148,104,1,-1,-1,-1
107,275,440,518,55,51,1,-1,-1,-1
108,274,814,411,141,103,1,-1,-1,-1
108,275,441,518,56,52,1,-1,-1,-1
109,274,798,415,136,100,1,-1,-1,-1
109,275,441,517,57,53,1,-1,-1,-1
110,274,782,418,131,97,1,-1,-1,-1
110,275,442,517,58,54,1,-1,-1,-1
111,274,765,422,125,94,1,-1,-1,-1
111,275,443,517,60,54,1,-1,-1,-1
112,274,749,425,120,91,1,-1,-1,-1
112,275,444,516,61,55,1,-1,-1,-1
113,274,737,427,113,88,1,-1,-1,-1
113,275,445,516,62,56,1,-1,-1,-1
114,274,725,430,111,86,1,-1,-1,-1
114,275,447,516,63,57,1,-1,-1,-1
115,274,712,434,108,84,1,-1,-1,-1
115,275,449,516,64,58,1,-1,-1,-1
116,274,700,437,106,82,1,-1,-1,-1
116,275,450,516,64,59,1,-1,-1,-1
117,274,690,441,102,80,1,-1,-1,-1
117,275,452,516,65,60,1,-1,-1,-1
118,274,680,444,97,77,1,-1,-1,-1
118,275,454,516,66,61,1,-1,-1,-1
119,274,671,447,96,75,1,-1,-1,-1
119,275,456,516,67,61,1,-1,-1,-1
120,274,661,449,95,73,1,-1,-1,-1
120,275,458,516,68,62,1,-1,-1,-1
121,274,652,452,93,70,1,-1,-1,-1
121,275,459,516,68,63,1,-1,-1,-1
122,274,642,454,92,68,1,-1,-1,-1
122,275,461,516,69,64,1,-1,-1,-1
123,274,635,455,89,68,1,-1,-1,-1
123,275,463,516,70,65,1,-1,-1,-1
124,274,629,456,86,68,1,-1,-1,-1
124,275,464,515,73,67,1,-1,-1,-1
125,274,622,456,82,68,1,-1,-1,-1
125,275,465,515,76,69,1,-1,-1,-1
126,274,615,457,79,68,1,-1,-1,-1
126,275,467,514,79,71,1,-1,-1,-1
127,274,608,459,79,67,1,-1,-1,-1
127,275,468,513,82,73,1,-1,-1,-1
128,274,602,461,79,66,1,-1,-1,-1
128,275,469,513,85,75,1,-1,-1,-1
129,274,595,463,79,65,1,-1,-1,-1
129,275,470,512,88,77,1,-1,-1,-1
130,274,588,465,79,64,1,-1,-1,-1
130,275,473,511,87,79,1,-1,-1,-1
131,274,584,466,76,63,1,-1,-1,-1
131,275,477,512,88,79,1,-1,-1,-1
132,274,580,468,73,61,1,-1,-1,-1
132,275,480,513,88,80,1,-1,-1,-1
133,274,575,469,70,60,1,-1,-1,-1
133,275,484,513,89,80,1,-1,-1,-1
134,274,571,471,67,58,1,-1,-1,-1
134,275,487,514,89,81,1,-1,-1,-1
135,274,567,472,64,57,1,-1,-1,-1
135,275,491,515,90,81,1,-1,-1,-1
136,274,563,473,63,56,1,-1,-1,-1
136,275,494,515,95,86,1,-1,-1,-1
137,274,560,474,62,55,1,-1,-1,-1
137,275,496,516,99,90,1,-1,-1,-1
138,274,556,475,60,54,1,-1,-1,-1
138,275,499,516,104,95,1,-1,-1,-1
139,274,552,477,59,53,1,-1,-1,-1
139,275,501,517,108,100,1,-1,-1,-1
140,274,548,478,58,52,1,-1,-1,-1
140,275,504,517,113,105,1,-1,-1,-1
141,274,545,479,57,51,1,-1,-1,-1
141,275,506,518,117,109,1,-1,-1,-1
142,274,541,480,55,50,1,-1,-1,-1
142,275,509,518,122,114,1,-1,-1,-1
143,274,537,481,54,49,1,-1,-1,-1
143,275,513,518,125,118,1,-1,-1,-1
144,274,534,482,53,48,1,-1,-1,-1
144,275,514,519,132,120,1,-1,-1,-1
145,274,531,483,53,48,1,-1,-1,-1
145,275,522,518,142,125,1,-1,-1,-1
146,274,528,484,52,47,1,-1,-1,-1
146,275,524,519,150,130,1,-1,-1,-1
147,274,525,485,52,47,1,-1,-1,-1
147,275,528,519,154,135,1,-1,-1,-1
148,274,523,485,51,46,1,-1,-1,-1
148,275,536,522,160,138,1,-1,-1,-1
149,274,520,486,51,46,1,-1,-1,-1
149,275,544,525,165,141,1,-1,-1,-1
150,274,517,487,50,45,1,-1,-1,-1
150,275,548,530,174,149,1,-1,-1,-1
151,274,514,488,50,45,1,-1,-1,-1
151,275,557,529,191,156,1,-1,-1,-1
152,274,511,489,49,44,1,-1,-1,-1
152,275,562,533,197,162,1,-1,-1,-1
153,274,509,490,48,43,1,-1,-1,-1
153,275,567,530,209,174,1,-1,-1,-1
154,274,507,491,48,43,1,-1,-1,-1
154,275,582,534,220,185,1,-1,-1,-1
155,274,505,492,47,42,1,-1,-1,-1
155,275,591,536,235,193,1,-1,-1,-1
156,274,503,493,47,41,1,-1,-1,-1
156,275,607,538,255,204,1,-1,-1,-1
157,274,501,495,46,41,1,-1,-1,-1
157,275,623,540,274,215,1,-1,-1,-1
158,274,499,496,45,40,1,-1,-1,-1
158,275,649,547,296,233,1,-1,-1,-1
159,274,497,497,45,39,1,-1,-1,-1
159,275,675,553,318,250,1,-1,-1,-1
160,274,495,498,44,38,1,-1,-1,-1
160,275,700,560,340,268,1,-1,-1,-1
161,274,493,499,44,38,1,-1,-1,-1
161,275,726,566,362,285,1,-1,-1,-1
162,274,491,500,43,37,1,-1,-1,-1
162,275,759,571,421,320,1,-1,-1,-1
163,275,791,576,480,354,1,-1,-1,-1
164,275,846,586,568,407,1,-1,-1,-1
165,275,900,595,655,460,1,-1,-1,-1
166,275,965,603,635,553,1,-1,-1,-1
186,276,1335,311,265,165,1,-1,-1,-1
187,276,1266,326,325,149,1,-1,-1,-1
188,276,1214,338,300,141,1,-1,-1,-1
189,276,1163,351,275,132,1,-1,-1,-1
190,276,1111,363,250,124,1,-1,-1,-1
191,276,1072,371,234,120,1,-1,-1,-1
192,276,1032,379,217,115,1,-1,-1,-1
193,276,993,387,201,111,1,-1,-1,-1
194,276,959,395,187,106,1,-1,-1,-1
195,276,930,400,179,103,1,-1,-1,-1
196,276,901,404,171,99,1,-1,-1,-1
197,276,878,408,165,98,1,-1,-1,-1
198,276,854,413,159,98,1,-1,-1,-1
199,276,831,417,153,97,1,-1,-1,-1
200,276,803,421,150,96,1,-1,-1,-1
201,276,783,425,139,91,1,-1,-1,-1
202,276,768,429,135,88,1,-1,-1,-1
203,276,752,433,132,86,1,-1,-1,-1
204,276,737,437,128,83,1,-1,-1,-1
205,276,721,441,124,80,1,-1,-1,-1
206,276,711,444,117,77,1,-1,-1,-1
207,276,701,447,110,75,1,-1,-1,-1
208,276,690,449,103,72,1,-1,-1,-1
209,276,680,452,96,69,1,-1,-1,-1
210,276,671,454,93,67,1,-1,-1,-1
211,276,661,457,90,66,1,-1,-1,-1
212,276,652,459,87,64,1,-1,-1,-1
213,276,642,461,84,62,1,-1,-1,-1
214,276,635,463,82,61,1,-1,-1,-1
215,276,628,464,80,60,1,-1,-1,-1
216,276,621,466,78,59,1,-1,-1,-1
217,276,614,467,77,58,1,-1,-1,-1
218,276,606,469,75,56,1,-1,-1,-1
219,276,599,470,73,55,1,-1,-1,-1
220,276,592,472,71,54,1,-1,-1,-1
221,260,421,518,54,51,1,-1,-1,-1
221,276,585,473,69,53,1,-1,-1,-1
222,260,423,518,54,52,1,-1,-1,-1
222,276,581,474,68,52,1,-1,-1,-1
223,260,424,517,54,53,1,-1,-1,-1
223,276,577,475,66,52,1,-1,-1,-1
224,260,426,517,54,54,1,-1,-1,-1
224,276,573,477,65,51,1,-1,-1,-1
225,260,428,516,55,54,1,-1,-1,-1
225,276,569,478,63,50,1,-1,-1,-1
226,260,430,516,55,55,1,-1,-1,-1
226,276,565,479,62,50,1,-1,-1,-1
227,260,431,515,55,56,1,-1,-1,-1
227,276,561,480,61,49,1,-1,-1,-1
228,260,433,515,55,57,1,-1,-1,-1
228,276,557,481,59,48,1,-1,-1,-1
229,260,435,515,57,58,1,-1,-1,-1
229,276,553,483,58,47,1,-1,-1,-1
230,260,436,514,59,59,1,-1,-1,-1
230,276,549,484,56,47,1,-1,-1,-1
231,260,438,514,60,60,1,-1,-1,-1
231,276,545,485,55,46,1,-1,-1,-1
232,260,439,514,62,61,1,-1,-1,-1
232,276,542,486,54,46,1,-1,-1,-1
233,260,441,514,64,62,1,-1,-1,-1
233,276,539,487,53,45,1,-1,-1,-1
234,260,442,513,66,62,1,-1,-1,-1
234,276,536,487,51,45,1,-1,-1,-1
235,260,444,513,68,63,1,-1,-1,-1
235,276,534,488,50,44,1,-1,-1,-1
236,260,445,513,70,64,1,-1,-1,-1
236,276,531,489,49,44,1,-1,-1,-1
237,260,447,513,71,65,1,-1,-1,-1
237,276,528,490,48,43,1,-1,-1,-1
238,260,448,512,73,66,1,-1,-1,-1
238,276,525,490,46,43,1,-1,-1,-1
239,260,450,512,75,67,1,-1,-1,-1
239,276,522,491,45,42,1,-1,-1,-1
240,260,452,512,78,68,1,-1,-1,-1
241,260,454,512,81,69,1,-1,-1,-1
242,260,456,512,85,71,1,-1,-1,-1
242,277,1266,360,334,204,1,-1,-1,-1
243,260,458,512,88,72,1,-1,-1,-1
243,277,1200,372,400,192,1,-1,-1,-1
244,260,460,512,91,73,1,-1,-1,-1
244,277,1149,386,376,176,1,-1,-1,-1
245,260,463,512,95,74,1,-1,-1,-1
245,277,1106,391,351,170,1,-1,-1,-1
246,260,467,510,98,78,1,-1,-1,-1
246,277,1062,395,325,164,1,-1,-1,-1
247,260,471,509,100,81,1,-1,-1,-1
247,277,1019,400,300,158,1,-1,-1,-1
248,260,474,507,103,85,1,-1,-1,-1
248,277,989,408,280,148,1,-1,-1,-1
249,260,478,506,106,89,1,-1,-1,-1
249,277,958,415,259,139,1,-1,-1,-1
250,260,482,504,108,92,1,-1,-1,-1
250,277,928,423,239,129,1,-1,-1,-1
251,260,486,502,111,96,1,-1,-1,-1
251,277,903,426,228,127,1,-1,-1,-1
252,260,489,501,113,99,1,-1,-1,-1
252,277,878,428,216,124,1,-1,-1,-1
253,260,493,499,116,103,1,-1,-1,-1
253,277,853,431,205,122,1,-1,-1,-1
254,260,500,504,125,102,1,-1,-1,-1
254,277,831,435,199,120,1,-1,-1,-1
255,260,504,504,133,105,1,-1,-1,-1
255,277,808,438,192,119,1,-1,-1,-1
256,260,509,504,139,108,1,-1,-1,-1
256,277,786,442,186,117,1,-1,-1,-1
257,260,519,505,143,111,1,-1,-1,-1
257,277,771,446,179,113,1,-1,-1,-1
258,260,524,502,147,118,1,-1,-1,-1
258,277,756,449,173,109,1,-1,-1,-1
259,260,531,502,152,120,1,-1,-1,-1
259,277,741,453,166,105,1,-1,-1,-1
260,260,539,503,163,131,1,-1,-1,-1
260,277,726,457,159,100,1,-1,-1,-1
261,260,546,503,173,142,1,-1,-1,-1
261,277,711,460,153,96,1,-1,-1,-1
262,260,555,502,169,145,1,-1,-1,-1
262,277,696,464,146,92,1,-1,-1,-1
263,260,564,502,193,152,1,-1,-1,-1
263,277,678,468,145,91,1,-1,-1,-1
264,260,577,503,212,162,1,-1,-1,-1
265,260,591,504,231,173,1,-1,-1,-1
266,260,604,505,250,183,1,-1,-1,-1
267,260,618,506,269,194,1,-1,-1,-1
267,268,1290,322,310,155,1,-1,-1,-1
268,260,631,507,288,204,1,-1,-1,-1
268,268,1247,328,346,147,1,-1,-1,-1
269,260,656,510,323,225,1,-1,-1,-1
269,268,1203,336,326,143,1,-1,-1,-1
269,277,569,492,141,92,1,-1,-1,-1
270,260,681,513,358,246,1,-1,-1,-1
270,268,1158,344,305,139,1,-1,-1,-1
270,277,550,496,140,94,1,-1,-1,-1
271,260,705,516,392,267,1,-1,-1,-1
271,268,1122,354,285,130,1,-1,-1,-1
271,277,531,500,140,96,1,-1,-1,-1
272,260,730,519,427,288,1,-1,-1,-1
272,268,1086,364,264,120,1,-1,-1,-1
272,277,512,507,137,93,1,-1,-1,-1
273,260,775,522,522,335,1,-1,-1,-1
273,268,1055,370,250,117,1,-1,-1,-1
273,277,493,515,134,91,1,-1,-1,-1
274,260,820,526,617,382,1,-1,-1,-1
274,268,1023,376,236,113,1,-1,-1,-1
274,277,474,522,131,88,1,-1,-1,-1
275,260,865,529,712,429,1,-1,-1,-1
275,268,997,381,222,111,1,-1,-1,-1
275,277,455,530,128,86,1,-1,-1,-1
276,260,935,537,665,506,1,-1,-1,-1
276,268,970,386,207,109,1,-1,-1,-1
276,277,436,537,125,83,1,-1,-1,-1
277,268,947,392,198,105,1,-1,-1,-1
277,277,411,544,128,83,1,-1,-1,-1
278,268,924,397,188,101,1,-1,-1,-1
278,277,386,551,130,83,1,-1,-1,-1
278,278,441,525,45,40,1,-1,-1,-1
279,268,901,403,179,97,1,-1,-1,-1
279,277,361,558,133,83,1,-1,-1,-1
279,278,442,524,46,41,1,-1,-1,-1
280,268,882,408,171,93,1,-1,-1,-1
280,277,336,565,135,83,1,-1,-1,-1
280,278,443,524,47,42,1,-1,-1,-1
281,268,862,414,162,89,1,-1,-1,-1
281,277,311,572,138,83,1,-1,-1,-1
281,278,443,524,49,42,1,-1,-1,-1
282,268,843,419,154,85,1,-1,-1,-1
282,277,286,579,140,83,1,-1,-1,-1
282,278,444,524,50,43,1,-1,-1,-1
283,268,826,422,152,85,1,-1,-1,-1
283,277,263,586,141,84,1,-1,-1,-1
283,278,445,523,51,44,1,-1,-1,-1
284,268,810,424,150,85,1,-1,-1,-1
284,277,240,594,141,85,1,-1,-1,-1
284,278,446,523,52,45,1,-1,-1,-1
285,268,793,427,148,86,1,-1,-1,-1
285,277,216,601,142,85,1,-1,-1,-1
285,278,448,523,53,46,1,-1,-1,-1
286,268,776,430,145,86,1,-1,-1,-1
286,277,193,608,142,86,1,-1,-1,-1
286,278,450,523,54,47,1,-1,-1,-1
287,268,760,432,143,86,1,-1,-1,-1
287,277,172,617,137,83,1,-1,-1,-1
287,278,452,523,56,48,1,-1,-1,-1
288,268,743,435,141,86,1,-1,-1,-1
288,277,152,625,133,79,1,-1,-1,-1
288,278,453,522,57,49,1,-1,-1,-1
289,268,732,438,133,83,1,-1,-1,-1
289,277,131,634,128,76,1,-1,-1,-1
289,278,455,522,58,50,1,-1,-1,-1
290,268,720,440,125,80,1,-1,-1,-1
290,277,111,642,124,72,1,-1,-1,-1
290,278,457,522,59,52,1,-1,-1,-1
291,268,711,442,121,78,1,-1,-1,-1
291,277,90,651,119,69,1,-1,-1,-1
291,278,459,522,60,53,1,-1,-1,-1
292,268,702,445,117,76,1,-1,-1,-1
292,277,68,658,120,69,1,-1,-1,-1
292,278,461,522,61,54,1,-1,-1,-1
293,268,693,447,113,74,1,-1,-1,-1
293,277,45,665,120,69,1,-1,-1,-1
293,278,463,522,63,55,1,-1,-1,-1
294,268,683,450,108,72,1,-1,-1,-1
294,277,23,671,121,68,1,-1,-1,-1
294,278,464,521,64,56,1,-1,-1,-1
295,268,674,452,104,70,1,-1,-1,-1
295,277,0,678,121,68,1,-1,-1,-1
295,278,466,521,65,57,1,-1,-1,-1
296,268,665,455,100,68,1,-1,-1,-1
296,278,468,521,66,58,1,-1,-1,-1
297,268,656,457,96,66,1,-1,-1,-1
297,278,471,521,69,60,1,-1,-1,-1
298,268,649,459,94,65,1,-1,-1,-1
298,278,474,521,72,61,1,-1,-1,-1
299,268,642,460,91,64,1,-1,-1,-1
299,278,477,520,75,63,1,-1,-1,-1
300,268,635,462,89,63,1,-1,-1,-1
300,278,480,520,78,65,1,-1,-1,-1
301,268,629,464,86,63,1,-1,-1,-1
301,278,482,520,80,66,1,-1,-1,-1
302,268,622,466,84,62,1,-1,-1,-1
302,278,485,520,83,68,1,-1,-1,-1
303,268,615,467,81,61,1,-1,-1,-1
303,278,488,519,86,70,1,-1,-1,-1
304,268,608,469,79,60,1,-1,-1,-1
304,278,491,519,89,71,1,-1,-1,-1
305,268,603,470,77,59,1,-1,-1,-1
305,278,494,519,92,73,1,-1,-1,-1
306,268,599,472,75,57,1,-1,-1,-1
306,278,500,519,95,74,1,-1,-1,-1
307,268,594,473,73,56,1,-1,-1,-1
307,278,507,519,97,76,1,-1,-1,-1
308,268,590,475,72,55,1,-1,-1,-1
308,278,513,519,100,77,1,-1,-1,-1
309,268,585,476,70,53,1,-1,-1,-1
309,278,519,519,102,78,1,-1,-1,-1
310,268,580,477,68,52,1,-1,-1,-1
310,278,522,520,110,85,1,-1,-1,-1
311,268,576,479,66,50,1,-1,-1,-1
311,278,531,520,115,87,1,-1,-1,-1
312,268,571,480,64,49,1,-1,-1,-1
312,278,540,519,120,89,1,-1,-1,-1
313,268,567,481,63,49,1,-1,-1,-1
313,278,544,515,127,96,1,-1,-1,-1
314,268,564,481,62,48,1,-1,-1,-1
314,278,561,512,129,101,1,-1,-1,-1
315,268,560,482,61,48,1,-1,-1,-1
315,278,568,511,134,106,1,-1,-1,-1
316,268,556,482,60,47,1,-1,-1,-1
316,278,581,510,145,111,1,-1,-1,-1
317,268,552,483,59,47,1,-1,-1,-1
317,278,587,515,154,116,1,-1,-1,-1
318,268,549,483,58,46,1,-1,-1,-1
318,278,607,515,154,116,1,-1,-1,-1
319,268,545,484,57,46,1,-1,-1,-1
319,278,627,515,153,115,1,-1,-1,-1
320,268,542,485,57,46,1,-1,-1,-1
320,278,644,512,168,125,1,-1,-1,-1
321,268,539,486,56,45,1,-1,-1,-1
321,278,660,508,182,135,1,-1,-1,-1
322,268,536,487,56,45,1,-1,-1,-1
322,278,682,509,193,140,1,-1,-1,-1
323,268,534,488,55,45,1,-1,-1,-1
323,278,704,510,205,144,1,-1,-1,-1
324,268,531,488,55,44,1,-1,-1,-1
324,278,726,511,216,149,1,-1,-1,-1
325,268,528,489,54,44,1,-1,-1,-1
325,278,757,511,239,157,1,-1,-1,-1
326,268,525,490,54,43,1,-1,-1,-1
326,278,789,510,261,165,1,-1,-1,-1
326,281,444,522,42,40,1,-1,-1,-1
327,268,522,491,53,43,1,-1,-1,-1
327,278,820,510,284,173,1,-1,-1,-1
327,281,445,522,43,41,1,-1,-1,-1
328,268,520,492,52,42,1,-1,-1,-1
328,278,866,507,320,192,1,-1,-1,-1
328,281,446,521,43,41,1,-1,-1,-1
329,268,518,493,52,41,1,-1,-1,-1
329,278,911,503,356,211,1,-1,-1,-1
329,281,447,521,44,42,1,-1,-1,-1
330,268,516,494,51,40,1,-1,-1,-1
330,278,973,503,409,229,1,-1,-1,-1
330,281,448,521,44,42,1,-1,-1,-1
331,268,514,496,50,39,1,-1,-1,-1
331,278,1035,502,461,247,1,-1,-1,-1
331,281,448,520,45,43,1,-1,-1,-1
332,268,512,497,49,38,1,-1,-1,-1
332,278,1111,499,489,275,1,-1,-1,-1
332,281,449,520,45,43,1,-1,-1,-1
333,268,510,498,49,37,1,-1,-1,-1
333,281,450,520,46,44,1,-1,-1,-1
334,268,508,499,48,36,1,-1,-1,-1
334,281,451,519,46,44,1,-1,-1,-1
335,268,506,500,47,35,1,-1,-1,-1
335,281,452,519,47,45,1,-1,-1,-1
336,281,453,519,49,46,1,-1,-1,-1
337,279,1286,349,314,207,1,-1,-1,-1
337,281,454,518,50,47,1,-1,-1,-1
338,279,1227,361,373,195,1,-1,-1,-1
338,281,455,518,52,48,1,-1,-1,-1
339,279,1176,372,405,181,1,-1,-1,-1
339,281,457,517,54,49,1,-1,-1,-1
340,279,1122,376,399,181,1,-1,-1,-1
340,281,458,517,55,50,1,-1,-1,-1
341,279,1068,379,392,180,1,-1,-1,-1
341,281,459,516,57,51,1,-1,-1,-1
342,279,1029,389,361,172,1,-1,-1,-1
342,280,1316,276,284,197,1,-1,-1,-1
342,281,460,516,58,52,1,-1,-1,-1
343,279,1001,392,343,167,1,-1,-1,-1
343,280,1230,284,370,199,1,-1,-1,-1
343,281,461,515,60,53,1,-1,-1,-1
344,279,991,407,283,142,1,-1,-1,-1
344,280,1190,300,362,184,1,-1,-1,-1
344,281,463,515,61,54,1,-1,-1,-1
345,279,967,411,270,139,1,-1,-1,-1
345,280,1150,315,325,168,1,-1,-1,-1
345,281,465,516,62,54,1,-1,-1,-1
346,279,943,415,257,135,1,-1,-1,-1
346,280,1112,331,288,153,1,-1,-1,-1
346,281,467,516,63,55,1,-1,-1,-1
347,279,919,418,244,132,1,-1,-1,-1
347,280,1068,339,275,148,1,-1,-1,-1
347,281,469,516,64,56,1,-1,-1,-1
348,279,895,422,231,128,1,-1,-1,-1
348,280,1024,346,262,142,1,-1,-1,-1
348,281,472,517,64,56,1,-1,-1,-1
348,282,0,696,113,74,1,-1,-1,-1
349,279,878,426,221,124,1,-1,-1,-1
349,280,997,352,239,143,1,-1,-1,-1
349,281,474,517,65,57,1,-1,-1,-1
349,282,0,693,125,72,1,-1,-1,-1
350,279,860,431,210,119,1,-1,-1,-1
350,280,969,360,228,138,1,-1,-1,-1
350,281,476,517,66,58,1,-1,-1,-1
350,282,4,688,135,77,1,-1,-1,-1
351,279,843,435,200,115,1,-1,-1,-1
351,280,941,368,217,133,1,-1,-1,-1
351,281,478,518,67,58,1,-1,-1,-1
351,282,15,685,136,76,1,-1,-1,-1
352,279,829,437,194,112,1,-1,-1,-1
352,280,914,375,207,127,1,-1,-1,-1
352,281,480,518,68,59,1,-1,-1,-1
352,282,25,683,138,76,1,-1,-1,-1
353,279,816,439,188,110,1,-1,-1,-1
353,280,886,383,196,122,1,-1,-1,-1
353,281,482,518,72,61,1,-1,-1,-1
353,282,36,680,139,75,1,-1,-1,-1
354,279,802,441,182,107,1,-1,-1,-1
354,280,858,391,185,117,1,-1,-1,-1
354,281,483,518,76,64,1,-1,-1,-1
354,282,48,676,138,76,1,-1,-1,-1
355,279,791,443,178,106,1,-1,-1,-1
355,280,841,396,177,114,1,-1,-1,-1
355,281,485,518,80,66,1,-1,-1,-1
355,282,59,672,136,77,1,-1,-1,-1
356,279,780,445,174,104,1,-1,-1,-1
356,280,823,400,169,111,1,-1,-1,-1
356,281,486,517,84,68,1,-1,-1,-1
356,282,71,668,135,78,1,-1,-1,-1
357,279,769,446,169,103,1,-1,-1,-1
357,281,488,517,88,70,1,-1,-1,-1
357,282,80,665,136,78,1,-1,-1,-1
358,279,758,448,165,101,1,-1,-1,-1
358,281,489,517,92,73,1,-1,-1,-1
358,282,89,663,136,78,1,-1,-1,-1
359,279,750,450,161,99,1,-1,-1,-1
359,281,491,517,96,75,1,-1,-1,-1
359,282,98,660,137,78,1,-1,-1,-1
360,279,742,452,157,97,1,-1,-1,-1
360,281,495,517,96,76,1,-1,-1,-1
360,282,106,657,137,78,1,-1,-1,-1
361,279,734,454,152,95,1,-1,-1,-1
361,281,500,517,100,79,1,-1,-1,-1
361,282,115,654,138,78,1,-1,-1,-1
362,279,726,456,148,93,1,-1,-1,-1
362,281,505,517,104,82,1,-1,-1,-1
362,282,124,652,138,78,1,-1,-1,-1
363,279,720,458,146,92,1,-1,-1,-1
363,281,510,517,107,84,1,-1,-1,-1
363,282,133,649,139,78,1,-1,-1,-1
364,279,715,461,143,90,1,-1,-1,-1
364,281,515,517,111,87,1,-1,-1,-1
364,282,140,646,139,79,1,-1,-1,-1
365,279,709,463,141,89,1,-1,-1,-1
365,281,520,514,117,95,1,-1,-1,-1
365,282,146,644,140,80,1,-1,-1,-1
366,279,703,465,138,87,1,-1,-1,-1
366,281,531,515,119,96,1,-1,-1,-1
366,282,153,641,140,81,1,-1,-1,-1
367,279,699,466,137,87,1,-1,-1,-1
367,281,536,515,125,97,1,-1,-1,-1
367,282,160,639,140,81,1,-1,-1,-1
367,283,1355,310,245,163,1,-1,-1,-1
368,279,694,466,136,88,1,-1,-1,-1
368,280,660,445,102,77,1,-1,-1,-1
368,281,542,515,131,99,1,-1,-1,-1
368,282,167,636,140,82,1,-1,-1,-1
368,283,1291,328,309,152,1,-1,-1,-1
369,279,690,467,135,88,1,-1,-1,-1
369,280,648,448,97,74,1,-1,-1,-1
369,281,553,515,138,103,1,-1,-1,-1
369,282,173,634,141,83,1,-1,-1,-1
369,283,1242,336,316,143,1,-1,-1,-1
370,279,686,467,134,88,1,-1,-1,-1
370,280,641,450,95,73,1,-1,-1,-1
370,281,564,515,145,107,1,-1,-1,-1
370,282,180,631,141,84,1,-1,-1,-1
370,283,1194,347,295,137,1,-1,-1,-1
371,279,681,468,133,89,1,-1,-1,-1
371,280,633,452,92,72,1,-1,-1,-1
371,281,576,516,153,111,1,-1,-1,-1
371,282,184,630,142,83,1,-1,-1,-1
371,283,1146,357,274,130,1,-1,-1,-1
372,279,677,468,132,89,1,-1,-1,-1
372,280,626,454,90,71,1,-1,-1,-1
372,281,587,516,160,114,1,-1,-1,-1
372,282,187,629,143,83,1,-1,-1,-1
372,283,1108,366,255,123,1,-1,-1,-1
373,279,674,469,131,88,1,-1,-1,-1
373,280,618,456,87,71,1,-1,-1,-1
373,281,598,516,167,118,1,-1,-1,-1
373,282,191,628,144,82,1,-1,-1,-1
373,283,1069,375,236,116,1,-1,-1,-1
374,279,672,469,130,87,1,-1,-1,-1
374,280,611,458,85,70,1,-1,-1,-1
374,281,609,516,174,122,1,-1,-1,-1
374,282,195,626,146,82,1,-1,-1,-1
374,283,1038,381,223,113,1,-1,-1,-1
375,279,669,470,129,86,1,-1,-1,-1
375,280,603,460,82,69,1,-1,-1,-1
375,281,626,517,190,128,1,-1,-1,-1
375,282,199,625,147,81,1,-1,-1,-1
375,283,1008,387,210,110,1,-1,-1,-1
376,279,667,470,128,85,1,-1,-1,-1
376,280,596,462,80,68,1,-1,-1,-1
376,281,650,515,199,134,1,-1,-1,-1
376,282,202,624,148,81,1,-1,-1,-1
376,283,977,393,197,106,1,-1,-1,-1
377,279,664,471,126,83,1,-1,-1,-1
377,280,588,464,77,67,1,-1,-1,-1
377,281,675,514,207,140,1,-1,-1,-1
377,282,206,623,149,80,1,-1,-1,-1
377,283,946,399,184,103,1,-1,-1,-1
378,279,662,471,125,82,1,-1,-1,-1
378,280,583,465,76,66,1,-1,-1,-1
378,281,699,512,216,146,1,-1,-1,-1
378,282,209,623,149,79,1,-1,-1,-1
378,283,924,404,176,101,1,-1,-1,-1
379,279,659,472,124,81,1,-1,-1,-1
379,280,579,467,74,64,1,-1,-1,-1
379,281,729,511,237,155,1,-1,-1,-1
379,282,211,622,149,79,1,-1,-1,-1
379,283,901,408,168,98,1,-1,-1,-1
380,279,657,472,123,80,1,-1,-1,-1
380,280,574,468,73,63,1,-1,-1,-1
380,281,759,511,259,165,1,-1,-1,-1
380,282,214,622,149,78,1,-1,-1,-1
380,283,879,413,160,96,1,-1,-1,-1
381,279,654,473,122,79,1,-1,-1,-1
381,280,569,470,71,62,1,-1,-1,-1
381,281,789,510,280,174,1,-1,-1,-1
381,282,216,621,150,78,1,-1,-1,-1
381,283,856,417,152,93,1,-1,-1,-1
382,279,653,473,123,80,1,-1,-1,-1
382,280,564,471,70,60,1,-1,-1,-1
382,281,834,507,320,192,1,-1,-1,-1
382,282,219,621,150,77,1,-1,-1,-1
382,283,834,422,144,91,1,-1,-1,-1
383,279,652,473,124,82,1,-1,-1,-1
383,280,560,472,68,59,1,-1,-1,-1
383,281,879,503,361,209,1,-1,-1,-1
383,282,221,620,150,77,1,-1,-1,-1
383,283,817,424,139,90,1,-1,-1,-1
384,279,651,473,125,83,1,-1,-1,-1
384,280,555,474,67,57,1,-1,-1,-1
384,281,924,500,401,227,1,-1,-1,-1
384,282,224,620,150,76,1,-1,-1,-1
384,283,800,427,133,89,1,-1,-1,-1
385,279,649,472,126,84,1,-1,-1,-1
385,280,550,475,65,56,1,-1,-1,-1
385,281,983,494,480,257,1,-1,-1,-1
385,282,225,619,150,77,1,-1,-1,-1
385,283,783,429,128,88,1,-1,-1,-1
386,279,648,472,127,86,1,-1,-1,-1
386,280,546,476,64,55,1,-1,-1,-1
386,281,1042,487,558,287,1,-1,-1,-1
386,282,226,619,150,77,1,-1,-1,-1
386,283,768,434,124,82,1,-1,-1,-1
387,279,647,472,128,87,1,-1,-1,-1
387,280,543,477,63,55,1,-1,-1,-1
387,281,1158,489,442,310,1,-1,-1,-1
387,282,226,618,150,78,1,-1,-1,-1
387,283,753,440,120,75,1,-1,-1,-1
388,279,647,471,128,88,1,-1,-1,-1
388,280,539,478,63,54,1,-1,-1,-1
388,282,227,618,150,79,1,-1,-1,-1
388,283,738,445,116,69,1,-1,-1,-1
389,279,647,471,128,88,1,-1,-1,-1
389,280,536,479,62,53,1,-1,-1,-1
389,282,228,617,151,80,1,-1,-1,-1
389,283,726,447,113,68,1,-1,-1,-1
390,279,647,471,128,88,1,-1,-1,-1
390,280,532,480,61,53,1,-1,-1,-1
390,282,229,616,151,80,1,-1,-1,-1
390,283,715,449,109,66,1,-1,-1,-1
391,279,647,471,127,87,1,-1,-1,-1
391,280,529,481,60,52,1,-1,-1,-1
391,282,230,616,151,81,1,-1,-1,-1
391,283,703,452,106,65,1,-1,-1,-1
392,279,647,471,127,87,1,-1,-1,-1
392,280,525,482,60,51,1,-1,-1,-1
392,282,230,615,151,82,1,-1,-1,-1
393,279,646,472,127,87,1,-1,-1,-1
393,280,522,483,59,51,1,-1,-1,-1
393,282,231,615,151,82,1,-1,-1,-1
394,279,646,472,127,87,1,-1,-1,-1
394,280,518,484,58,50,1,-1,-1,-1
394,282,232,614,151,83,1,-1,-1,-1
395,279,646,472,127,87,1,-1,-1,-1
395,280,516,485,57,49,1,-1,-1,-1
395,282,232,614,151,84,1,-1,-1,-1
396,279,646,472,127,86,1,-1,-1,-1
396,280,514,486,56,49,1,-1,-1,-1
396,282,232,613,152,84,1,-1,-1,-1
397,279,646,472,126,86,1,-1,-1,-1
397,280,511,487,55,48,1,-1,-1,-1
397,282,232,613,152,85,1,-1,-1,-1
398,279,646,472,126,86,1,-1,-1,-1
398,280,509,488,54,47,1,-1,-1,-1
398,282,232,612,153,85,1,-1,-1,-1
399,279,646,472,126,86,1,-1,-1,-1
399,280,507,490,52,47,1,-1,-1,-1
399,282,232,612,153,86,1,-1,-1,-1
400,279,646,472,126,85,1,-1,-1,-1
400,280,505,491,51,46,1,-1,-1,-1
400,282,232,611,154,86,1,-1,-1,-1
400,284,1342,271,258,202,1,-1,-1,-1
400,285,434,518,50,44,1,-1,-1,-1
401,279,646,473,126,85,1,-1,-1,-1
401,280,502,492,50,45,1,-1,-1,-1
401,282,232,611,154,87,1,-1,-1,-1
401,284,1280,284,320,190,1,-1,-1,-1
401,285,435,518,50,45,1,-1,-1,-1
402,279,645,473,126,85,1,-1,-1,-1
402,280,500,493,49,45,1,-1,-1,-1
402,282,233,610,155,88,1,-1,-1,-1
402,283,610,472,71,55,1,-1,-1,-1
402,284,1228,294,311,185,1,-1,-1,-1
402,285,435,517,50,45,1,-1,-1,-1
403,279,645,473,125,85,1,-1,-1,-1
403,280,498,494,48,44,1,-1,-1,-1
403,282,233,610,155,88,1,-1,-1,-1
403,283,604,473,70,55,1,-1,-1,-1
403,284,1176,304,294,179,1,-1,-1,-1
403,285,436,517,51,46,1,-1,-1,-1
404,279,645,473,125,85,1,-1,-1,-1
404,282,233,609,155,89,1,-1,-1,-1
404,283,597,474,68,54,1,-1,-1,-1
404,284,1137,314,281,172,1,-1,-1,-1
404,285,437,517,51,47,1,-1,-1,-1
405,279,645,473,125,84,1,-1,-1,-1
405,282,233,609,156,89,1,-1,-1,-1
405,283,591,476,67,53,1,-1,-1,-1
405,284,1098,325,268,165,1,-1,-1,-1
405,285,437,516,51,47,1,-1,-1,-1
406,279,645,473,125,84,1,-1,-1,-1
406,282,233,608,156,90,1,-1,-1,-1
406,283,585,477,65,52,1,-1,-1,-1
406,284,1058,335,254,157,1,-1,-1,-1
406,285,438,516,51,48,1,-1,-1,-1
407,279,645,473,125,84,1,-1,-1,-1
407,282,233,608,157,90,1,-1,-1,-1
407,283,580,478,64,52,1,-1,-1,-1
407,284,1019,345,241,150,1,-1,-1,-1
407,285,439,516,52,49,1,-1,-1,-1
408,279,645,473,125,84,1,-1,-1,-1
408,282,233,607,157,91,1,-1,-1,-1
408,283,576,479,64,51,1,-1,-1,-1
408,284,998,351,227,145,1,-1,-1,-1
408,285,439,515,52,49,1,-1,-1,-1
409,279,645,473,124,84,1,-1,-1,-1
409,282,233,607,158,91,1,-1,-1,-1
409,283,571,480,63,51,1,-1,-1,-1
409,284,977,356,213,140,1,-1,-1,-1
409,285,440,515,52,50,1,-1,-1,-1
410,279,644,474,124,83,1,-1,-1,-1
410,282,233,606,158,92,1,-1,-1,-1
410,283,567,481,63,50,1,-1,-1,-1
410,284,957,362,200,135,1,-1,-1,-1
410,285,441,515,53,51,1,-1,-1,-1
411,279,644,474,124,83,1,-1,-1,-1
411,282,233,605,160,94,1,-1,-1,-1
411,283,562,482,62,50,1,-1,-1,-1
411,284,936,368,186,130,1,-1,-1,-1
411,285,441,514,54,51,1,-1,-1,-1
411,286,0,699,117,79,1,-1,-1,-1
412,279,644,474,124,83,1,-1,-1,-1
412,282,233,605,160,94,1,-1,-1,-1
412,283,557,483,61,49,1,-1,-1,-1
412,284,915,373,172,125,1,-1,-1,-1
412,285,442,514,55,52,1,-1,-1,-1
412,286,0,696,125,78,1,-1,-1,-1
413,279,644,474,124,83,1,-1,-1,-1
413,282,233,605,158,94,1,-1,-1,-1
413,283,553,484,61,49,1,-1,-1,-1
413,284,894,379,158,120,1,-1,-1,-1
413,285,443,514,56,53,1,-1,-1,-1
413,286,0,693,139,79,1,-1,-1,-1
414,279,644,474,124,83,1,-1,-1,-1
414,282,234,605,158,92,1,-1,-1,-1
414,283,548,485,60,48,1,-1,-1,-1
414,284,873,386,156,116,1,-1,-1,-1
414,285,443,513,56,53,1,-1,-1,-1
414,286,0,685,156,91,1,-1,-1,-1
415,279,644,474,123,82,1,-1,-1,-1
415,282,234,605,158,92,1,-1,-1,-1
415,283,545,486,59,47,1,-1,-1,-1
415,284,851,393,155,112,1,-1,-1,-1
415,285,444,513,57,54,1,-1,-1,-1
415,286,8,682,155,90,1,-1,-1,-1
416,279,644,474,123,82,1,-1,-1,-1
416,282,234,605,157,92,1,-1,-1,-1
416,283,542,487,57,46,1,-1,-1,-1
416,284,830,400,153,108,1,-1,-1,-1
416,285,445,513,58,55,1,-1,-1,-1
416,286,17,678,153,88,1,-1,-1,-1
417,279,644,474,123,82,1,-1,-1,-1
417,282,234,605,157,92,1,-1,-1,-1
417,283,539,488,56,45,1,-1,-1,-1
417,284,815,403,148,106,1,-1,-1,-1
417,285,445,512,59,55,1,-1,-1,-1
417,286,25,675,152,87,1,-1,-1,-1
418,279,644,474,123,82,1,-1,-1,-1
418,282,234,606,157,92,1,-1,-1,-1
418,283,536,489,55,44,1,-1,-1,-1
418,284,800,406,143,103,1,-1,-1,-1
418,285,446,512,60,56,1,-1,-1,-1
418,286,27,673,156,89,1,-1,-1,-1
419,279,643,475,123,81,1,-1,-1,-1
419,282,234,606,157,91,1,-1,-1,-1
419,283,533,490,53,43,1,-1,-1,-1
419,284,781,415,134,98,1,-1,-1,-1
419,285,447,512,61,57,1,-1,-1,-1
419,286,32,672,158,91,1,-1,-1,-1
420,279,643,475,122,81,1,-1,-1,-1
420,282,233,606,158,91,1,-1,-1,-1
420,283,530,491,52,42,1,-1,-1,-1
420,284,769,416,129,99,1,-1,-1,-1
420,285,447,512,62,58,1,-1,-1,-1
420,286,37,671,154,91,1,-1,-1,-1
421,279,643,475,122,81,1,-1,-1,-1
421,282,234,606,158,91,1,-1,-1,-1
421,283,527,492,51,41,1,-1,-1,-1
421,284,756,417,123,99,1,-1,-1,-1
421,285,448,512,63,59,1,-1,-1,-1
421,286,42,670,157,90,1,-1,-1,-1
422,279,643,475,122,81,1,-1,-1,-1
422,282,234,606,158,91,1,-1,-1,-1
422,283,524,493,49,40,1,-1,-1,-1
422,284,741,421,120,93,1,-1,-1,-1
422,285,449,512,64,60,1,-1,-1,-1
422,286,46,670,159,90,1,-1,-1,-1
423,279,643,475,122,81,1,-1,-1,-1
423,282,234,606,157,91,1,-1,-1,-1
423,283,521,494,48,39,1,-1,-1,-1
423,284,725,425,117,86,1,-1,-1,-1
423,285,449,511,65,62,1,-1,-1,-1
423,286,51,669,162,89,1,-1,-1,-1
424,279,643,475,122,80,1,-1,-1,-1
424,282,234,606,158,91,1,-1,-1,-1
424,284,714,428,114,84,1,-1,-1,-1
424,285,450,511,66,63,1,-1,-1,-1
424,286,55,668,164,88,1,-1,-1,-1
425,279,643,475,122,80,1,-1,-1,-1
425,282,234,606,157,92,1,-1,-1,-1
425,284,702,431,112,81,1,-1,-1,-1
425,285,451,511,67,64,1,-1,-1,-1
425,286,60,666,160,89,1,-1,-1,-1
426,279,643,475,121,80,1,-1,-1,-1
426,282,234,606,158,92,1,-1,-1,-1
426,284,691,435,109,79,1,-1,-1,-1
426,285,451,511,68,65,1,-1,-1,-1
426,286,65,665,155,90,1,-1,-1,-1
427,279,643,476,121,80,1,-1,-1,-1
427,282,234,606,157,92,1,-1,-1,-1
427,284,679,438,107,76,1,-1,-1,-1
427,285,452,511,69,66,1,-1,-1,-1
427,286,67,664,156,91,1,-1,-1,-1
428,279,642,476,121,80,1,-1,-1,-1
428,282,234,606,157,92,1,-1,-1,-1
428,284,668,441,104,74,1,-1,-1,-1
428,285,452,511,72,68,1,-1,-1,-1
428,286,69,662,158,92,1,-1,-1,-1
429,279,642,476,121,79,1,-1,-1,-1
429,282,234,605,157,94,1,-1,-1,-1
429,285,452,510,76,70,1,-1,-1,-1
429,286,72,661,159,93,1,-1,-1,-1
430,279,642,476,121,79,1,-1,-1,-1
430,282,234,605,157,94,1,-1,-1,-1
430,285,453,510,79,73,1,-1,-1,-1
430,286,74,659,160,93,1,-1,-1,-1
431,279,642,476,121,79,1,-1,-1,-1
431,282,234,605,157,95,1,-1,-1,-1
431,285,453,510,82,75,1,-1,-1,-1
431,286,76,658,162,94,1,-1,-1,-1
432,279,642,476,120,79,1,-1,-1,-1
432,282,234,604,157,95,1,-1,-1,-1
432,285,453,509,86,77,1,-1,-1,-1
432,286,78,656,163,95,1,-1,-1,-1
433,279,642,476,120,78,1,-1,-1,-1
433,282,234,604,157,95,1,-1,-1,-1
433,285,453,509,89,79,1,-1,-1,-1
433,286,77,654,166,97,1,-1,-1,-1
434,279,642,476,120,78,1,-1,-1,-1
434,282,234,604,157,95,1,-1,-1,-1
434,285,453,508,94,79,1,-1,-1,-1
434,286,77,654,167,97,1,-1,-1,-1
435,279,642,476,120,78,1,-1,-1,-1
435,282,234,604,157,95,1,-1,-1,-1
435,285,455,509,95,79,1,-1,-1,-1
435,286,78,654,166,97,1,-1,-1,-1
436,279,641,477,120,78,1,-1,-1,-1
436,282,234,604,157,95,1,-1,-1,-1
436,284,612,457,80,69,1,-1,-1,-1
436,285,458,510,94,78,1,-1,-1,-1
436,286,79,655,167,95,1,-1,-1,-1
437,279,641,477,120,78,1,-1,-1,-1
437,282,237,615,147,82,1,-1,-1,-1
437,284,604,458,79,68,1,-1,-1,-1
437,285,462,513,91,77,1,-1,-1,-1
437,286,79,655,168,96,1,-1,-1,-1
438,279,641,477,119,77,1,-1,-1,-1
438,282,233,605,158,95,1,-1,-1,-1
438,284,599,460,76,67,1,-1,-1,-1
438,285,464,512,94,80,1,-1,-1,-1
438,286,79,655,168,96,1,-1,-1,-1
439,279,641,477,119,77,1,-1,-1,-1
439,282,232,605,161,95,1,-1,-1,-1
439,284,594,462,74,66,1,-1,-1,-1
439,285,466,512,97,82,1,-1,-1,-1
439,286,79,654,167,97,1,-1,-1,-1
440,279,641,477,119,77,1,-1,-1,-1
440,282,231,606,162,94,1,-1,-1,-1
440,284,590,463,71,64,1,-1,-1,-1
440,285,468,511,100,85,1,-1,-1,-1
440,286,80,655,167,96,1,-1,-1,-1
441,279,638,477,121,79,1,-1,-1,-1
441,282,232,607,162,92,1,-1,-1,-1
441,284,585,465,69,63,1,-1,-1,-1
441,285,470,511,103,87,1,-1,-1,-1
441,286,80,655,167,95,1,-1,-1,-1
442,279,635,476,123,81,1,-1,-1,-1
442,282,233,608,162,90,1,-1,-1,-1
442,284,580,467,66,62,1,-1,-1,-1
442,285,472,510,105,90,1,-1,-1,-1
442,286,81,655,168,94,1,-1,-1,-1
443,279,633,476,126,84,1,-1,-1,-1
443,282,234,608,163,89,1,-1,-1,-1
443,284,576,468,65,61,1,-1,-1,-1
443,285,474,509,108,92,1,-1,-1,-1
443,286,81,654,168,94,1,-1,-1,-1
444,279,630,475,128,86,1,-1,-1,-1
444,282,235,608,164,89,1,-1,-1,-1
444,284,571,469,65,60,1,-1,-1,-1
444,285,476,509,111,95,1,-1,-1,-1
444,286,82,654,169,94,1,-1,-1,-1
445,279,627,475,130,88,1,-1,-1,-1
445,282,236,607,165,90,1,-1,-1,-1
445,284,567,470,64,59,1,-1,-1,-1
445,285,478,508,114,97,1,-1,-1,-1
445,286,83,654,169,94,1,-1,-1,-1
446,279,624,474,132,90,1,-1,-1,-1
446,282,236,606,166,90,1,-1,-1,-1
446,284,563,472,63,58,1,-1,-1,-1
446,285,481,508,120,99,1,-1,-1,-1
446,286,83,654,168,94,1,-1,-1,-1
447,279,622,474,131,89,1,-1,-1,-1
447,282,239,604,167,92,1,-1,-1,-1
447,284,559,473,62,57,1,-1,-1,-1
447,285,483,505,124,102,1,-1,-1,-1
447,286,85,654,167,94,1,-1,-1,-1
448,279,621,473,128,90,1,-1,-1,-1
448,282,242,603,166,94,1,-1,-1,-1
448,284,554,474,62,56,1,-1,-1,-1
448,285,487,506,127,102,1,-1,-1,-1
448,286,86,655,166,92,1,-1,-1,-1
449,279,620,474,124,89,1,-1,-1,-1
449,282,247,602,165,96,1,-1,-1,-1
449,284,550,475,61,55,1,-1,-1,-1
449,285,492,509,131,101,1,-1,-1,-1
449,286,89,655,163,92,1,-1,-1,-1
450,279,619,473,122,90,1,-1,-1,-1
450,282,249,603,165,94,1,-1,-1,-1
450,284,547,476,60,54,1,-1,-1,-1
450,285,497,511,134,100,1,-1,-1,-1
450,286,91,655,161,92,1,-1,-1,-1
451,279,617,474,123,89,1,-1,-1,-1
451,282,254,602,179,90,1,-1,-1,-1
451,284,545,478,58,53,1,-1,-1,-1
451,285,498,508,145,105,1,-1,-1,-1
451,286,92,656,160,92,1,-1,-1,-1
452,279,606,476,132,89,1,-1,-1,-1
452,282,258,601,179,91,1,-1,-1,-1
452,284,542,479,57,52,1,-1,-1,-1
452,285,500,508,154,107,1,-1,-1,-1
452,286,93,655,158,94,1,-1,-1,-1
453,279,600,478,132,88,1,-1,-1,-1
453,282,266,598,176,94,1,-1,-1,-1
453,284,539,480,56,52,1,-1,-1,-1
453,285,510,508,160,108,1,-1,-1,-1
453,286,97,654,157,93,1,-1,-1,-1
454,279,594,479,132,87,1,-1,-1,-1
454,282,273,596,173,96,1,-1,-1,-1
454,284,536,481,55,51,1,-1,-1,-1
454,285,514,507,162,112,1,-1,-1,-1
454,286,100,654,157,92,1,-1,-1,-1
455,282,283,594,170,94,1,-1,-1,-1
455,285,518,504,167,118,1,-1,-1,-1
455,286,104,653,156,91,1,-1,-1,-1
456,282,294,593,166,92,1,-1,-1,-1
456,285,526,501,165,122,1,-1,-1,-1
456,286,107,652,156,90,1,-1,-1,-1
457,282,304,591,163,89,1,-1,-1,-1
457,285,538,501,172,126,1,-1,-1,-1
457,286,111,651,155,88,1,-1,-1,-1
458,282,314,589,159,87,1,-1,-1,-1
458,284,526,485,51,48,1,-1,-1,-1
458,285,550,500,178,130,1,-1,-1,-1
458,286,114,651,154,87,1,-1,-1,-1
458,287,1271,361,329,188,1,-1,-1,-1
459,282,322,586,161,89,1,-1,-1,-1
459,284,524,486,50,48,1,-1,-1,-1
459,285,563,500,185,135,1,-1,-1,-1
459,286,118,650,154,86,1,-1,-1,-1
459,287,1211,360,389,196,1,-1,-1,-1
460,282,329,584,162,90,1,-1,-1,-1
460,284,521,487,50,47,1,-1,-1,-1
460,285,575,499,191,139,1,-1,-1,-1
460,286,121,649,153,85,1,-1,-1,-1
460,287,1182,379,404,173,1,-1,-1,-1
461,282,337,581,164,92,1,-1,-1,-1
461,284,519,487,49,47,1,-1,-1,-1
461,285,587,499,198,143,1,-1,-1,-1
461,286,125,647,156,86,1,-1,-1,-1
461,287,1137,383,377,169,1,-1,-1,-1
462,282,347,580,169,90,1,-1,-1,-1
462,284,516,488,48,46,1,-1,-1,-1
462,285,602,496,214,151,1,-1,-1,-1
462,286,128,646,158,86,1,-1,-1,-1
462,287,1110,387,355,163,1,-1,-1,-1
463,279,530,497,133,86,1,-1,-1,-1
463,282,357,579,173,87,1,-1,-1,-1
463,285,616,492,230,159,1,-1,-1,-1
463,286,132,644,161,87,1,-1,-1,-1
463,287,1084,392,332,157,1,-1,-1,-1
464,279,519,499,134,88,1,-1,-1,-1
464,282,369,575,175,88,1,-1,-1,-1
464,285,631,489,246,167,1,-1,-1,-1
464,286,135,643,164,88,1,-1,-1,-1
464,287,1057,396,310,151,1,-1,-1,-1
465,279,507,502,135,90,1,-1,-1,-1
465,282,380,570,176,88,1,-1,-1,-1
465,285,646,486,261,175,1,-1,-1,-1
465,286,139,641,166,88,1,-1,-1,-1
465,287,1030,400,287,145,1,-1,-1,-1
466,279,499,505,135,84,1,-1,-1,-1
466,282,391,565,176,91,1,-1,-1,-1
466,285,660,482,277,183,1,-1,-1,-1
466,286,142,639,169,89,1,-1,-1,-1
466,287,1009,405,274,141,1,-1,-1,-1
467,279,486,510,136,84,1,-1,-1,-1
467,282,401,560,176,94,1,-1,-1,-1
467,285,675,479,293,191,1,-1,-1,-1
467,286,146,638,171,89,1,-1,-1,-1
467,287,988,409,260,136,1,-1,-1,-1
468,279,473,514,136,84,1,-1,-1,-1
468,282,412,555,176,97,1,-1,-1,-1
468,285,685,474,306,200,1,-1,-1,-1
468,286,149,636,174,90,1,-1,-1,-1
468,287,966,414,247,132,1,-1,-1,-1
469,282,422,550,176,100,1,-1,-1,-1
469,285,708,473,356,212,1,-1,-1,-1
469,286,156,637,165,87,1,-1,-1,-1
469,287,945,418,233,127,1,-1,-1,-1
470,282,433,545,176,103,1,-1,-1,-1
470,285,743,476,361,213,1,-1,-1,-1
470,286,162,633,170,87,1,-1,-1,-1
470,287,929,421,225,124,1,-1,-1,-1
471,282,443,540,176,106,1,-1,-1,-1
471,285,777,479,365,213,1,-1,-1,-1
471,286,168,628,174,86,1,-1,-1,-1
472,282,449,538,177,106,1,-1,-1,-1
472,285,813,474,405,231,1,-1,-1,-1
472,286,172,627,175,84,1,-1,-1,-1
473,282,466,537,172,106,1,-1,-1,-1
473,285,848,470,446,249,1,-1,-1,-1
473,286,178,627,171,80,1,-1,-1,-1
474,279,382,545,139,87,1,-1,-1,-1
474,282,482,536,167,106,1,-1,-1,-1
474,285,884,465,486,267,1,-1,-1,-1
474,286,186,623,171,83,1,-1,-1,-1
475,279,371,550,144,83,1,-1,-1,-1
475,282,488,535,169,107,1,-1,-1,-1
475,285,930,448,546,305,1,-1,-1,-1
475,286,194,619,171,86,1,-1,-1,-1
475,287,850,435,184,108,1,-1,-1,-1
476,279,354,556,135,79,1,-1,-1,-1
476,282,500,533,169,109,1,-1,-1,-1
476,285,976,430,606,342,1,-1,-1,-1
476,286,203,615,171,88,1,-1,-1,-1
476,287,831,437,188,111,1,-1,-1,-1
477,279,341,561,140,85,1,-1,-1,-1
477,282,512,531,169,110,1,-1,-1,-1
477,285,1035,445,565,346,1,-1,-1,-1
477,286,211,611,171,91,1,-1,-1,-1
477,287,812,438,191,113,1,-1,-1,-1
478,279,325,566,139,85,1,-1,-1,-1
478,282,518,530,171,111,1,-1,-1,-1
478,286,220,608,171,94,1,-1,-1,-1
478,287,799,440,187,112,1,-1,-1,-1
479,279,308,572,139,85,1,-1,-1,-1
479,282,534,527,177,112,1,-1,-1,-1
479,286,228,604,171,97,1,-1,-1,-1
479,287,786,442,183,110,1,-1,-1,-1
480,282,541,524,178,119,1,-1,-1,-1
480,286,236,600,169,99,1,-1,-1,-1
480,287,774,444,177,109,1,-1,-1,-1
481,282,551,521,174,123,1,-1,-1,-1
481,286,245,595,169,102,1,-1,-1,-1
481,287,761,445,171,107,1,-1,-1,-1
482,282,561,523,190,121,1,-1,-1,-1
482,286,247,595,168,101,1,-1,-1,-1
482,287,749,448,168,105,1,-1,-1,-1
483,282,570,519,190,125,1,-1,-1,-1
483,286,257,597,179,98,1,-1,-1,-1
483,287,736,451,164,103,1,-1,-1,-1
484,282,585,519,204,127,1,-1,-1,-1
484,286,263,597,179,98,1,-1,-1,-1
484,287,730,454,158,98,1,-1,-1,-1
485,282,595,516,200,131,1,-1,-1,-1
485,286,274,596,168,98,1,-1,-1,-1
485,287,712,457,156,95,1,-1,-1,-1
485,288,1339,309,261,159,1,-1,-1,-1
486,279,193,609,134,85,1,-1,-1,-1
486,282,608,518,219,132,1,-1,-1,-1
486,286,281,594,164,99,1,-1,-1,-1
486,287,701,460,150,91,1,-1,-1,-1
486,288,1276,319,324,154,1,-1,-1,-1
487,279,175,615,136,84,1,-1,-1,-1
487,282,626,519,219,134,1,-1,-1,-1
487,286,294,591,166,100,1,-1,-1,-1
487,287,689,462,143,86,1,-1,-1,-1
487,288,1222,327,319,146,1,-1,-1,-1
488,279,157,620,138,83,1,-1,-1,-1
488,282,643,519,219,135,1,-1,-1,-1
488,286,300,590,166,100,1,-1,-1,-1
488,287,677,469,150,83,1,-1,-1,-1
488,288,1176,340,291,139,1,-1,-1,-1
489,279,139,626,139,82,1,-1,-1,-1
489,282,648,513,246,145,1,-1,-1,-1
489,286,310,590,162,99,1,-1,-1,-1
489,287,665,471,149,84,1,-1,-1,-1
489,288,1130,353,263,132,1,-1,-1,-1
490,279,121,631,141,81,1,-1,-1,-1
490,282,672,512,260,152,1,-1,-1,-1
490,286,324,589,167,97,1,-1,-1,-1
490,287,653,473,147,85,1,-1,-1,-1
490,288,1093,361,246,126,1,-1,-1,-1
491,279,103,637,143,80,1,-1,-1,-1
491,282,696,510,273,160,1,-1,-1,-1
491,286,330,589,167,98,1,-1,-1,-1
491,287,641,476,146,85,1,-1,-1,-1
491,288,1057,369,229,121,1,-1,-1,-1
492,279,89,644,139,78,1,-1,-1,-1
492,282,720,509,287,167,1,-1,-1,-1
492,286,337,586,166,101,1,-1,-1,-1
492,287,629,478,144,86,1,-1,-1,-1
492,288,1020,377,212,115,1,-1,-1,-1
493,279,75,650,135,75,1,-1,-1,-1
493,282,745,507,301,175,1,-1,-1,-1
493,286,343,584,165,105,1,-1,-1,-1
493,287,617,480,143,87,1,-1,-1,-1
493,288,991,383,200,111,1,-1,-1,-1
494,279,57,652,135,78,1,-1,-1,-1
494,282,769,506,314,182,1,-1,-1,-1
494,286,357,584,164,103,1,-1,-1,-1
494,287,600,483,138,89,1,-1,-1,-1
494,288,961,390,189,106,1,-1,-1,-1
495,279,47,661,125,73,1,-1,-1,-1
495,282,793,504,328,189,1,-1,-1,-1
495,286,364,584,161,103,1,-1,-1,-1
495,287,590,484,139,88,1,-1,-1,-1
495,288,932,396,177,102,1,-1,-1,-1
496,279,37,669,115,68,1,-1,-1,-1
496,282,817,503,341,197,1,-1,-1,-1
496,286,374,583,155,105,1,-1,-1,-1
496,287,573,488,130,87,1,-1,-1,-1
496,288,906,400,174,102,1,-1,-1,-1
497,279,21,673,116,69,1,-1,-1,-1
497,282,841,501,355,204,1,-1,-1,-1
497,286,380,582,152,107,1,-1,-1,-1
497,287,565,490,130,86,1,-1,-1,-1
497,288,879,403,171,102,1,-1,-1,-1
498,279,5,677,116,70,1,-1,-1,-1
498,282,886,500,383,208,1,-1,-1,-1
498,286,389,583,153,106,1,-1,-1,-1
498,287,549,495,132,88,1,-1,-1,-1
498,288,853,407,168,102,1,-1,-1,-1
499,279,0,684,103,69,1,-1,-1,-1
499,282,933,488,428,234,1,-1,-1,-1
499,286,393,583,156,108,1,-1,-1,-1
499,287,532,499,133,89,1,-1,-1,-1
499,288,829,415,160,98,1,-1,-1,-1
500,282,980,477,473,260,1,-1,-1,-1
500,286,399,582,156,109,1,-1,-1,-1
500,287,518,504,134,90,1,-1,-1,-1
500,288,814,419,152,95,1,-1,-1,-1
501,282,1027,465,518,286,1,-1,-1,-1
501,286,406,581,155,113,1,-1,-1,-1
501,287,503,508,135,90,1,-1,-1,-1
501,288,799,423,144,91,1,-1,-1,-1
502,282,1072,459,528,303,1,-1,-1,-1
502,286,421,583,155,113,1,-1,-1,-1
502,287,488,514,136,86,1,-1,-1,-1
502,288,784,427,137,88,1,-1,-1,-1
503,282,1159,476,441,297,1,-1,-1,-1
503,286,424,583,157,116,1,-1,-1,-1
503,287,473,520,136,81,1,-1,-1,-1
503,288,769,431,131,84,1,-1,-1,-1
504,286,429,583,158,118,1,-1,-1,-1
504,287,458,526,136,80,1,-1,-1,-1
504,288,753,436,124,81,1,-1,-1,-1
505,286,431,584,162,121,1,-1,-1,-1
505,287,442,532,135,80,1,-1,-1,-1
505,288,738,440,118,77,1,-1,-1,-1
506,286,435,584,162,124,1,-1,-1,-1
506,287,427,538,135,79,1,-1,-1,-1
506,288,723,444,111,74,1,-1,-1,-1
507,286,447,586,168,129,1,-1,-1,-1
507,287,412,543,135,78,1,-1,-1,-1
507,288,712,446,107,73,1,-1,-1,-1
508,286,453,585,168,133,1,-1,-1,-1
508,287,396,549,134,78,1,-1,-1,-1
508,288,701,448,104,72,1,-1,-1,-1
509,286,461,587,166,133,1,-1,-1,-1
509,287,381,555,134,77,1,-1,-1,-1
509,288,689,449,100,72,1,-1,-1,-1
510,286,467,591,184,132,1,-1,-1,-1
510,287,364,559,134,81,1,-1,-1,-1
510,288,678,451,97,71,1,-1,-1,-1
511,286,473,592,185,145,1,-1,-1,-1
511,287,347,563,134,84,1,-1,-1,-1
511,288,667,453,93,70,1,-1,-1,-1
512,286,482,592,183,150,1,-1,-1,-1
512,287,321,570,142,84,1,-1,-1,-1
512,288,658,455,91,68,1,-1,-1,-1
513,286,491,594,199,154,1,-1,-1,-1
513,287,314,572,138,84,1,-1,-1,-1
513,288,649,457,89,66,1,-1,-1,-1
514,286,496,595,205,160,1,-1,-1,-1
514,287,291,580,136,79,1,-1,-1,-1
514,288,640,460,86,65,1,-1,-1,-1
515,286,496,593,222,171,1,-1,-1,-1
515,287,273,586,137,83,1,-1,-1,-1
515,288,631,462,84,63,1,-1,-1,-1
516,286,518,598,224,178,1,-1,-1,-1
516,287,255,592,138,86,1,-1,-1,-1
516,288,622,464,82,61,1,-1,-1,-1
517,286,531,599,231,189,1,-1,-1,-1
517,287,248,594,134,83,1,-1,-1,-1
517,288,616,466,80,60,1,-1,-1,-1
518,286,540,603,243,196,1,-1,-1,-1
518,287,229,598,133,84,1,-1,-1,-1
518,288,610,468,78,58,1,-1,-1,-1
519,286,561,603,260,210,1,-1,-1,-1
519,287,212,603,134,84,1,-1,-1,-1
519,288,604,469,75,57,1,-1,-1,-1
520,286,566,613,285,220,1,-1,-1,-1
520,287,194,608,135,84,1,-1,-1,-1
520,288,598,471,73,55,1,-1,-1,-1
521,286,571,622,309,229,1,-1,-1,-1
521,287,178,615,135,85,1,-1,-1,-1
521,288,593,472,71,54,1,-1,-1,-1
522,286,597,623,347,248,1,-1,-1,-1
522,287,162,622,134,85,1,-1,-1,-1
522,288,589,474,70,53,1,-1,-1,-1
523,286,624,629,383,274,1,-1,-1,-1
523,287,139,626,135,84,1,-1,-1,-1
523,288,584,475,68,52,1,-1,-1,-1
524,286,651,634,419,301,1,-1,-1,-1
524,287,132,631,133,80,1,-1,-1,-1
524,288,579,476,66,51,1,-1,-1,-1
525,286,678,640,455,327,1,-1,-1,-1
525,287,117,637,128,78,1,-1,-1,-1
525,288,575,478,65,51,1,-1,-1,-1
526,286,721,650,504,362,1,-1,-1,-1
526,287,102,644,124,75,1,-1,-1,-1
526,288,570,479,63,50,1,-1,-1,-1
527,286,764,659,553,397,1,-1,-1,-1
527,287,87,650,119,73,1,-1,-1,-1
527,288,565,480,61,49,1,-1,-1,-1
528,286,795,671,684,463,1,-1,-1,-1
528,287,72,656,114,70,1,-1,-1,-1
528,288,561,482,60,48,1,-1,-1,-1
529,286,827,684,773,516,1,-1,-1,-1
529,287,56,661,114,69,1,-1,-1,-1
529,288,556,483,58,47,1,-1,-1,-1
530,286,934,719,666,481,1,-1,-1,-1
530,287,41,667,114,68,1,-1,-1,-1
530,288,553,483,57,47,1,-1,-1,-1
531,287,25,672,113,67,1,-1,-1,-1
531,288,550,484,56,46,1,-1,-1,-1
532,287,9,677,113,66,1,-1,-1,-1
532,288,547,484,54,46,1,-1,-1,-1
533,287,0,683,108,67,1,-1,-1,-1
533,288,544,485,53,45,1,-1,-1,-1
534,288,541,485,52,45,1,-1,-1,-1
535,288,538,486,51,44,1,-1,-1,-1
536,288,535,486,49,44,1,-1,-1,-1
537,288,532,487,48,43,1,-1,-1,-1
538,288,529,487,47,43,1,-1,-1,-1
539,288,527,488,46,42,1,-1,-1,-1
540,288,525,489,46,41,1,-1,-1,-1
541,288,522,491,45,41,1,-1,-1,-1
542,288,520,492,44,40,1,-1,-1,-1
543,288,518,493,44,39,1,-1,-1,-1
544,288,516,494,43,38,1,-1,-1,-1
545,288,513,496,42,38,1,-1,-1,-1
546,288,511,497,42,37,1,-1,-1,-1
547,288,509,498,41,36,1,-1,-1,-1
614,262,1334,301,266,167,1,-1,-1,-1
615,262,1278,312,322,163,1,-1,-1,-1
616,262,1246,325,329,146,1,-1,-1,-1
617,262,1204,330,322,144,1,-1,-1,-1
618,262,1162,335,314,141,1,-1,-1,-1
619,262,1133,341,298,138,1,-1,-1,-1
620,262,1103,347,282,134,1,-1,-1,-1
621,262,1074,354,266,131,1,-1,-1,-1
622,262,1044,360,250,128,1,-1,-1,-1
623,262,1015,366,234,124,1,-1,-1,-1
624,262,985,372,218,121,1,-1,-1,-1
625,262,966,377,211,118,1,-1,-1,-1
626,262,947,381,204,115,1,-1,-1,-1
627,262,928,386,197,112,1,-1,-1,-1
628,262,909,391,190,109,1,-1,-1,-1
629,262,890,396,183,106,1,-1,-1,-1
630,262,871,400,176,103,1,-1,-1,-1
631,262,852,405,169,100,1,-1,-1,-1
632,262,845,411,155,92,1,-1,-1,-1
