1,271,286,170,77,69,1,-1,-1,-1
1,272,366,162,73,59,1,-1,-1,-1
1,273,246,109,60,62,1,-1,-1,-1
1,309,823,272,211,138,1,-1,-1,-1
1,310,1074,419,384,260,1,-1,-1,-1
1,311,824,360,217,154,1,-1,-1,-1
2,271,289,171,78,69,1,-1,-1,-1
2,272,370,164,74,59,1,-1,-1,-1
2,273,248,110,61,63,1,-1,-1,-1
2,309,822,272,222,137,1,-1,-1,-1
2,310,1079,421,388,261,1,-1,-1,-1
2,311,827,361,229,161,1,-1,-1,-1
3,271,292,173,78,70,1,-1,-1,-1
3,272,375,165,75,60,1,-1,-1,-1
3,273,250,111,61,64,1,-1,-1,-1
3,309,821,271,233,135,1,-1,-1,-1
3,310,1083,422,393,263,1,-1,-1,-1
3,311,837,364,222,158,1,-1,-1,-1
4,271,295,174,79,70,1,-1,-1,-1
4,272,379,167,76,60,1,-1,-1,-1
4,273,252,111,62,65,1,-1,-1,-1
4,309,822,272,234,133,1,-1,-1,-1
4,310,1088,424,397,264,1,-1,-1,-1
4,311,843,365,218,158,1,-1,-1,-1
5,271,299,175,79,71,1,-1,-1,-1
5,272,384,168,77,61,1,-1,-1,-1
5,273,254,112,63,66,1,-1,-1,-1
5,309,824,272,235,133,1,-1,-1,-1
5,310,1093,425,402,266,1,-1,-1,-1
5,311,846,361,240,174,1,-1,-1,-1
6,271,302,176,80,71,1,-1,-1,-1
6,272,388,170,77,61,1,-1,-1,-1
6,273,256,113,64,67,1,-1,-1,-1
6,309,828,273,235,134,1,-1,-1,-1
6,310,1097,427,406,267,1,-1,-1,-1
6,311,851,363,241,176,1,-1,-1,-1
7,271,305,178,80,72,1,-1,-1,-1
7,272,393,171,78,62,1,-1,-1,-1
7,273,257,114,64,67,1,-1,-1,-1
7,309,832,274,234,135,1,-1,-1,-1
7,310,1102,428,410,268,1,-1,-1,-1
7,311,857,363,243,179,1,-1,-1,-1
8,271,308,179,81,72,1,-1,-1,-1
8,272,397,173,79,62,1,-1,-1,-1
8,273,259,115,65,68,1,-1,-1,-1
8,309,836,275,234,135,1,-1,-1,-1
8,310,1106,430,415,270,1,-1,-1,-1
8,311,863,366,242,180,1,-1,-1,-1
9,271,312,180,82,73,1,-1,-1,-1
9,272,402,174,80,63,1,-1,-1,-1
9,273,261,115,66,69,1,-1,-1,-1
9,309,840,276,233,136,1,-1,-1,-1
9,310,1111,431,419,271,1,-1,-1,-1
9,311,872,367,231,178,1,-1,-1,-1
10,271,315,181,83,74,1,-1,-1,-1
10,272,406,176,81,63,1,-1,-1,-1
10,273,263,116,66,70,1,-1,-1,-1
10,309,844,277,233,137,1,-1,-1,-1
10,310,1112,431,425,274,1,-1,-1,-1
10,311,875,368,254,183,1,-1,-1,-1
11,271,319,183,84,75,1,-1,-1,-1
11,272,411,177,83,64,1,-1,-1,-1
11,273,265,117,67,71,1,-1,-1,-1
11,309,848,278,232,138,1,-1,-1,-1
11,310,1129,432,420,273,1,-1,-1,-1
11,311,877,370,260,179,1,-1,-1,-1
12,271,322,184,85,76,1,-1,-1,-1
12,272,415,179,85,66,1,-1,-1,-1
12,273,268,118,68,71,1,-1,-1,-1
12,309,851,279,232,138,1,-1,-1,-1
12,310,1130,433,424,274,1,-1,-1,-1
12,311,882,372,257,176,1,-1,-1,-1
13,271,326,185,86,77,1,-1,-1,-1
13,272,420,180,87,67,1,-1,-1,-1
13,273,270,119,68,71,1,-1,-1,-1
13,309,855,280,231,139,1,-1,-1,-1
13,310,1133,437,426,271,1,-1,-1,-1
13,311,891,373,255,180,1,-1,-1,-1
14,271,330,186,86,77,1,-1,-1,-1
14,272,424,181,89,69,1,-1,-1,-1
14,273,273,119,69,72,1,-1,-1,-1
14,309,859,281,231,140,1,-1,-1,-1
14,310,1139,438,424,272,1,-1,-1,-1
14,311,899,374,253,183,1,-1,-1,-1
15,271,333,187,87,78,1,-1,-1,-1
15,272,429,182,91,70,1,-1,-1,-1
15,273,275,120,69,72,1,-1,-1,-1
15,309,863,282,230,141,1,-1,-1,-1
15,310,1145,440,425,273,1,-1,-1,-1
15,311,908,375,250,187,1,-1,-1,-1
16,271,337,189,88,79,1,-1,-1,-1
16,272,433,184,93,72,1,-1,-1,-1
16,273,278,121,70,72,1,-1,-1,-1
16,309,867,283,230,141,1,-1,-1,-1
16,310,1151,439,428,277,1,-1,-1,-1
16,311,916,376,248,190,1,-1,-1,-1
17,271,340,190,89,80,1,-1,-1,-1
17,272,438,185,95,73,1,-1,-1,-1
17,273,281,122,70,72,1,-1,-1,-1
17,309,871,284,229,142,1,-1,-1,-1
17,310,1153,440,436,281,1,-1,-1,-1
17,311,918,378,250,188,1,-1,-1,-1
18,271,344,191,90,81,1,-1,-1,-1
18,272,442,186,97,75,1,-1,-1,-1
18,273,283,122,71,72,1,-1,-1,-1
18,309,875,285,229,143,1,-1,-1,-1
18,310,1158,439,443,285,1,-1,-1,-1
18,311,919,381,256,185,1,-1,-1,-1
19,271,348,192,95,83,1,-1,-1,-1
19,272,447,187,99,76,1,-1,-1,-1
19,273,286,123,71,72,1,-1,-1,-1
19,280,1602,338,310,156,1,-1,-1,-1
19,309,878,285,232,144,1,-1,-1,-1
19,310,1159,440,452,287,1,-1,-1,-1
19,311,919,383,262,183,1,-1,-1,-1
20,271,351,193,101,86,1,-1,-1,-1
20,272,451,189,101,78,1,-1,-1,-1
20,273,288,124,72,73,1,-1,-1,-1
20,279,1192,319,236,117,1,-1,-1,-1
20,280,1567,332,301,153,1,-1,-1,-1
20,309,881,286,234,144,1,-1,-1,-1
20,310,1162,440,455,288,1,-1,-1,-1
20,311,920,386,267,180,1,-1,-1,-1
21,271,355,194,106,88,1,-1,-1,-1
21,272,456,190,103,79,1,-1,-1,-1
21,273,291,125,72,73,1,-1,-1,-1
21,279,1167,314,235,119,1,-1,-1,-1
21,280,1531,327,293,149,1,-1,-1,-1
21,309,884,286,237,145,1,-1,-1,-1
21,310,1166,441,455,289,1,-1,-1,-1
21,311,920,388,273,177,1,-1,-1,-1
22,271,358,195,111,90,1,-1,-1,-1
22,272,462,191,104,80,1,-1,-1,-1
22,273,293,125,73,73,1,-1,-1,-1
22,279,1141,308,235,121,1,-1,-1,-1
22,280,1496,321,284,146,1,-1,-1,-1
22,309,887,286,240,145,1,-1,-1,-1
22,310,1174,443,446,287,1,-1,-1,-1
22,311,922,388,276,179,1,-1,-1,-1
23,271,362,197,111,90,1,-1,-1,-1
23,272,468,192,106,82,1,-1,-1,-1
23,273,296,126,73,73,1,-1,-1,-1
23,279,1116,303,234,123,1,-1,-1,-1
23,280,1464,316,277,144,1,-1,-1,-1
23,309,890,287,242,146,1,-1,-1,-1
23,310,1181,449,460,283,1,-1,-1,-1
23,311,925,388,283,179,1,-1,-1,-1
24,271,366,198,111,91,1,-1,-1,-1
24,272,475,193,107,83,1,-1,-1,-1
24,273,299,127,74,74,1,-1,-1,-1
24,279,1091,300,226,116,1,-1,-1,-1
24,280,1432,311,270,142,1,-1,-1,-1
24,309,893,287,245,146,1,-1,-1,-1
24,310,1183,452,463,285,1,-1,-1,-1
24,311,927,391,290,176,1,-1,-1,-1
25,271,370,200,111,91,1,-1,-1,-1
25,272,481,194,108,84,1,-1,-1,-1
25,273,302,127,74,74,1,-1,-1,-1
25,279,1066,296,217,108,1,-1,-1,-1
25,309,895,287,248,147,1,-1,-1,-1
25,310,1188,455,468,283,1,-1,-1,-1
25,311,931,391,290,178,1,-1,-1,-1
26,271,374,202,111,92,1,-1,-1,-1
26,272,487,195,110,86,1,-1,-1,-1
26,273,305,128,75,75,1,-1,-1,-1
26,279,1049,293,212,106,1,-1,-1,-1
26,309,898,287,251,147,1,-1,-1,-1
26,310,1195,456,471,286,1,-1,-1,-1
26,311,935,392,291,180,1,-1,-1,-1
27,271,378,203,110,92,1,-1,-1,-1
27,272,493,196,111,87,1,-1,-1,-1
27,273,308,129,76,76,1,-1,-1,-1
27,280,1337,295,250,136,1,-1,-1,-1
27,309,901,288,253,148,1,-1,-1,-1
27,310,1202,456,475,289,1,-1,-1,-1
27,311,939,393,292,182,1,-1,-1,-1
28,271,382,205,110,93,1,-1,-1,-1
28,272,496,197,123,87,1,-1,-1,-1
28,273,311,130,76,76,1,-1,-1,-1
28,280,1310,291,242,130,1,-1,-1,-1
28,309,904,288,256,148,1,-1,-1,-1
28,310,1212,459,478,291,1,-1,-1,-1
28,311,944,393,292,185,1,-1,-1,-1
29,271,386,207,110,93,1,-1,-1,-1
29,272,503,198,121,86,1,-1,-1,-1
29,273,314,130,77,77,1,-1,-1,-1
29,280,1283,287,233,124,1,-1,-1,-1
29,309,907,288,259,149,1,-1,-1,-1
29,310,1222,461,480,292,1,-1,-1,-1
29,311,948,394,293,187,1,-1,-1,-1
30,271,390,208,110,94,1,-1,-1,-1
30,272,510,200,121,86,1,-1,-1,-1
30,273,317,131,78,78,1,-1,-1,-1
30,280,1255,282,233,126,1,-1,-1,-1
30,309,910,289,261,149,1,-1,-1,-1
30,310,1231,464,483,294,1,-1,-1,-1
30,311,952,395,294,189,1,-1,-1,-1
31,271,394,210,110,94,1,-1,-1,-1
31,272,518,202,120,87,1,-1,-1,-1
31,273,319,132,78,78,1,-1,-1,-1
31,280,1226,277,234,128,1,-1,-1,-1
31,309,913,289,264,150,1,-1,-1,-1
31,310,1241,466,485,296,1,-1,-1,-1
31,311,956,396,295,191,1,-1,-1,-1
32,271,398,211,112,97,1,-1,-1,-1
32,272,525,205,120,87,1,-1,-1,-1
32,273,322,132,79,79,1,-1,-1,-1
32,280,1198,272,234,130,1,-1,-1,-1
32,309,916,290,264,151,1,-1,-1,-1
32,310,1251,469,488,298,1,-1,-1,-1
32,311,961,396,295,194,1,-1,-1,-1
33,271,402,212,115,100,1,-1,-1,-1
33,272,533,207,120,87,1,-1,-1,-1
33,273,325,133,79,79,1,-1,-1,-1
33,280,1180,268,227,130,1,-1,-1,-1
33,309,917,294,264,146,1,-1,-1,-1
33,310,1261,471,490,299,1,-1,-1,-1
33,311,965,397,296,196,1,-1,-1,-1
34,271,406,213,117,102,1,-1,-1,-1
34,272,540,209,120,88,1,-1,-1,-1
34,273,328,134,80,80,1,-1,-1,-1
34,280,1161,264,220,130,1,-1,-1,-1
34,309,921,299,262,141,1,-1,-1,-1
34,310,1271,474,493,301,1,-1,-1,-1
34,311,969,398,297,198,1,-1,-1,-1
35,271,409,214,119,105,1,-1,-1,-1
35,272,548,211,119,88,1,-1,-1,-1
35,273,331,135,81,81,1,-1,-1,-1
35,279,893,261,166,87,1,-1,-1,-1
35,280,1129,262,220,130,1,-1,-1,-1
35,299,1309,368,351,212,1,-1,-1,-1
35,309,927,300,256,140,1,-1,-1,-1
35,310,1281,476,495,303,1,-1,-1,-1
35,311,972,399,297,199,1,-1,-1,-1
36,271,413,215,122,108,1,-1,-1,-1
36,272,555,213,119,89,1,-1,-1,-1
36,273,334,135,81,81,1,-1,-1,-1
36,279,879,258,164,87,1,-1,-1,-1
36,280,1110,259,216,127,1,-1,-1,-1
36,299,1310,369,351,212,1,-1,-1,-1
36,309,935,300,253,142,1,-1,-1,-1
36,310,1290,479,498,305,1,-1,-1,-1
36,311,975,400,296,200,1,-1,-1,-1
37,271,417,216,124,111,1,-1,-1,-1
37,272,563,215,119,89,1,-1,-1,-1
37,273,337,136,82,82,1,-1,-1,-1
37,279,864,255,163,87,1,-1,-1,-1
37,280,1092,256,212,124,1,-1,-1,-1
37,299,1310,369,351,211,1,-1,-1,-1
37,309,937,299,253,144,1,-1,-1,-1
37,310,1300,481,500,306,1,-1,-1,-1
37,311,978,403,297,197,1,-1,-1,-1
38,271,421,216,126,113,1,-1,-1,-1
38,272,570,218,119,89,1,-1,-1,-1
38,273,340,137,83,83,1,-1,-1,-1
38,279,850,252,161,88,1,-1,-1,-1
38,280,1073,252,207,120,1,-1,-1,-1
38,299,1311,370,352,211,1,-1,-1,-1
38,309,935,298,257,146,1,-1,-1,-1
38,310,1310,484,503,308,1,-1,-1,-1
38,311,984,403,296,199,1,-1,-1,-1
39,271,425,217,129,116,1,-1,-1,-1
39,272,578,220,118,90,1,-1,-1,-1
39,273,344,137,84,84,1,-1,-1,-1
39,279,836,249,159,88,1,-1,-1,-1
39,280,1054,249,203,117,1,-1,-1,-1
39,299,1311,370,352,210,1,-1,-1,-1
39,309,937,301,278,152,1,-1,-1,-1
39,310,1318,484,505,315,1,-1,-1,-1
39,311,987,405,298,198,1,-1,-1,-1
40,271,429,218,131,119,1,-1,-1,-1
40,272,585,222,118,90,1,-1,-1,-1
40,273,347,138,85,85,1,-1,-1,-1
40,279,821,245,158,88,1,-1,-1,-1
40,280,1036,246,199,114,1,-1,-1,-1
40,299,1312,370,352,210,1,-1,-1,-1
40,309,939,302,276,151,1,-1,-1,-1
40,310,1326,483,506,322,1,-1,-1,-1
40,311,990,408,304,197,1,-1,-1,-1
41,271,432,219,133,122,1,-1,-1,-1
41,272,589,222,122,94,1,-1,-1,-1
41,273,350,138,86,86,1,-1,-1,-1
41,279,807,242,156,88,1,-1,-1,-1
41,280,1017,243,195,111,1,-1,-1,-1
41,299,1314,370,353,210,1,-1,-1,-1
41,309,943,302,275,152,1,-1,-1,-1
41,310,1335,483,508,330,1,-1,-1,-1
41,311,992,409,308,196,1,-1,-1,-1
42,271,436,220,136,124,1,-1,-1,-1
42,272,595,224,126,94,1,-1,-1,-1
42,273,353,139,87,87,1,-1,-1,-1
42,279,793,239,154,89,1,-1,-1,-1
42,280,998,239,190,107,1,-1,-1,-1
42,299,1315,370,353,210,1,-1,-1,-1
42,309,948,303,275,151,1,-1,-1,-1
42,310,1343,483,510,337,1,-1,-1,-1
42,311,998,411,307,197,1,-1,-1,-1
43,271,440,221,138,127,1,-1,-1,-1
43,272,600,226,130,94,1,-1,-1,-1
43,273,357,139,88,88,1,-1,-1,-1
43,279,778,236,153,89,1,-1,-1,-1
43,280,980,236,186,104,1,-1,-1,-1
43,283,1701,385,219,128,1,-1,-1,-1
43,299,1317,370,354,211,1,-1,-1,-1
43,309,954,303,274,150,1,-1,-1,-1
43,310,1351,482,511,344,1,-1,-1,-1
43,311,1006,411,305,199,1,-1,-1,-1
44,271,445,221,136,128,1,-1,-1,-1
44,272,606,228,134,94,1,-1,-1,-1
44,273,360,140,89,88,1,-1,-1,-1
44,279,764,233,151,89,1,-1,-1,-1
44,280,961,233,182,101,1,-1,-1,-1
44,283,1658,373,262,139,1,-1,-1,-1
44,299,1318,370,354,211,1,-1,-1,-1
44,309,959,303,272,149,1,-1,-1,-1
44,310,1359,482,513,351,1,-1,-1,-1
44,311,1014,414,300,198,1,-1,-1,-1
45,271,456,226,134,124,1,-1,-1,-1
45,272,611,228,139,97,1,-1,-1,-1
45,273,363,140,90,89,1,-1,-1,-1
45,279,757,233,143,86,1,-1,-1,-1
45,280,948,230,176,100,1,-1,-1,-1
45,283,1626,370,266,128,1,-1,-1,-1
45,299,1320,370,355,211,1,-1,-1,-1
45,309,960,303,271,150,1,-1,-1,-1
45,310,1371,488,523,339,1,-1,-1,-1
45,311,1018,415,302,199,1,-1,-1,-1
46,271,460,227,135,127,1,-1,-1,-1
46,272,618,230,140,98,1,-1,-1,-1
46,273,366,141,91,90,1,-1,-1,-1
46,279,745,230,140,84,1,-1,-1,-1
46,280,934,228,171,99,1,-1,-1,-1
46,283,1591,364,260,125,1,-1,-1,-1
46,299,1321,370,355,211,1,-1,-1,-1
46,309,963,303,268,150,1,-1,-1,-1
46,310,1373,492,530,334,1,-1,-1,-1
46,311,1022,416,304,200,1,-1,-1,-1
47,271,463,228,139,127,1,-1,-1,-1
47,272,626,232,141,98,1,-1,-1,-1
47,273,370,141,92,91,1,-1,-1,-1
47,279,734,227,136,82,1,-1,-1,-1
47,280,921,225,165,98,1,-1,-1,-1
47,283,1556,358,253,123,1,-1,-1,-1
47,299,1322,370,363,213,1,-1,-1,-1
47,309,963,303,268,151,1,-1,-1,-1
47,310,1377,494,539,338,1,-1,-1,-1
47,311,1025,417,306,201,1,-1,-1,-1
48,271,468,231,142,125,1,-1,-1,-1
48,272,633,233,142,99,1,-1,-1,-1
48,273,373,142,93,92,1,-1,-1,-1
48,279,722,224,133,80,1,-1,-1,-1
48,280,908,222,159,96,1,-1,-1,-1
48,299,1323,370,371,215,1,-1,-1,-1
48,309,965,304,265,151,1,-1,-1,-1
48,310,1382,499,538,341,1,-1,-1,-1
48,311,1029,419,309,203,1,-1,-1,-1
49,271,473,234,141,124,1,-1,-1,-1
49,272,640,235,143,100,1,-1,-1,-1
49,273,376,142,94,93,1,-1,-1,-1
49,279,714,222,130,78,1,-1,-1,-1
49,280,894,220,154,95,1,-1,-1,-1
49,299,1324,370,379,217,1,-1,-1,-1
49,309,964,304,267,154,1,-1,-1,-1
49,310,1428,500,492,334,1,-1,-1,-1
49,311,1033,420,311,204,1,-1,-1,-1
50,271,477,236,144,127,1,-1,-1,-1
50,272,647,237,144,100,1,-1,-1,-1
50,273,379,143,97,95,1,-1,-1,-1
50,280,881,217,148,94,1,-1,-1,-1
50,299,1324,371,386,220,1,-1,-1,-1
50,309,964,306,268,155,1,-1,-1,-1
50,310,1409,499,511,363,1,-1,-1,-1
50,311,1037,421,313,205,1,-1,-1,-1
51,271,482,237,148,129,1,-1,-1,-1
51,272,655,239,145,101,1,-1,-1,-1
51,273,381,144,99,96,1,-1,-1,-1
51,280,868,214,147,96,1,-1,-1,-1
51,299,1325,371,394,222,1,-1,-1,-1
51,309,966,306,271,156,1,-1,-1,-1
51,310,1439,505,481,345,1,-1,-1,-1
51,311,1040,422,315,206,1,-1,-1,-1
52,271,486,239,151,132,1,-1,-1,-1
52,272,662,240,146,101,1,-1,-1,-1
52,273,384,144,102,98,1,-1,-1,-1
52,280,854,210,146,97,1,-1,-1,-1
52,299,1326,371,402,224,1,-1,-1,-1
52,309,968,306,273,157,1,-1,-1,-1
52,310,1451,510,469,340,1,-1,-1,-1
52,311,1044,423,317,207,1,-1,-1,-1
53,271,489,241,155,135,1,-1,-1,-1
53,272,669,242,147,102,1,-1,-1,-1
53,273,386,145,105,99,1,-1,-1,-1
53,280,841,207,146,99,1,-1,-1,-1
53,299,1327,371,410,226,1,-1,-1,-1
53,309,969,307,276,158,1,-1,-1,-1
53,310,1464,510,456,346,1,-1,-1,-1
53,311,1049,424,320,209,1,-1,-1,-1
54,271,495,242,162,136,1,-1,-1,-1
54,272,669,245,155,102,1,-1,-1,-1
54,273,389,146,108,101,1,-1,-1,-1
54,280,827,204,145,100,1,-1,-1,-1
54,283,1330,317,211,106,1,-1,-1,-1
54,299,1332,373,409,227,1,-1,-1,-1
54,309,971,307,278,159,1,-1,-1,-1
54,310,1473,516,447,351,1,-1,-1,-1
54,311,1054,424,327,210,1,-1,-1,-1
55,271,500,244,164,134,1,-1,-1,-1
55,272,675,251,156,101,1,-1,-1,-1
55,273,391,147,110,102,1,-1,-1,-1
55,279,663,211,113,70,1,-1,-1,-1
55,280,814,200,144,102,1,-1,-1,-1
55,283,1300,312,206,104,1,-1,-1,-1
55,299,1336,376,410,228,1,-1,-1,-1
55,309,973,307,281,160,1,-1,-1,-1
55,310,1489,518,431,348,1,-1,-1,-1
55,311,1060,424,336,211,1,-1,-1,-1
56,271,507,248,166,135,1,-1,-1,-1
56,272,681,251,161,106,1,-1,-1,-1
56,273,394,148,113,104,1,-1,-1,-1
56,279,654,209,111,70,1,-1,-1,-1
56,280,800,197,143,103,1,-1,-1,-1
56,283,1270,306,200,102,1,-1,-1,-1
56,299,1344,379,433,230,1,-1,-1,-1
56,309,974,306,282,163,1,-1,-1,-1
56,310,1502,522,418,352,1,-1,-1,-1
56,311,1067,424,341,215,1,-1,-1,-1
57,271,514,251,169,136,1,-1,-1,-1
57,272,689,254,161,107,1,-1,-1,-1
57,273,396,148,116,105,1,-1,-1,-1
57,279,646,207,109,70,1,-1,-1,-1
57,280,792,195,138,103,1,-1,-1,-1
57,283,1246,302,195,100,1,-1,-1,-1
57,299,1352,377,429,235,1,-1,-1,-1
57,300,183,128,54,48,1,-1,-1,-1
57,309,976,307,279,163,1,-1,-1,-1
57,310,1519,524,401,361,1,-1,-1,-1
57,311,1074,426,344,219,1,-1,-1,-1
58,271,521,255,171,136,1,-1,-1,-1
58,272,688,254,166,111,1,-1,-1,-1
58,273,399,149,118,107,1,-1,-1,-1
58,279,637,205,107,70,1,-1,-1,-1
58,280,782,194,136,101,1,-1,-1,-1
58,283,1222,298,190,99,1,-1,-1,-1
58,299,1363,379,430,237,1,-1,-1,-1
58,300,185,129,54,49,1,-1,-1,-1
58,309,977,307,282,162,1,-1,-1,-1
58,310,1531,530,389,362,1,-1,-1,-1
58,311,1081,429,347,223,1,-1,-1,-1
59,271,527,258,174,137,1,-1,-1,-1
59,272,704,262,155,102,1,-1,-1,-1
59,273,401,150,121,108,1,-1,-1,-1
59,279,630,203,106,69,1,-1,-1,-1
59,280,772,193,133,98,1,-1,-1,-1
59,283,1198,294,185,97,1,-1,-1,-1
59,299,1374,382,431,240,1,-1,-1,-1
59,300,187,130,54,49,1,-1,-1,-1
59,309,978,307,284,165,1,-1,-1,-1
59,310,1548,527,372,375,1,-1,-1,-1
59,311,1087,431,350,226,1,-1,-1,-1
60,271,534,262,176,138,1,-1,-1,-1
60,272,711,261,160,107,1,-1,-1,-1
60,273,405,151,121,107,1,-1,-1,-1
60,279,622,202,105,69,1,-1,-1,-1
60,280,762,191,131,96,1,-1,-1,-1
60,283,1173,290,181,95,1,-1,-1,-1
60,299,1385,384,432,242,1,-1,-1,-1
60,300,188,130,54,49,1,-1,-1,-1
60,309,979,307,286,167,1,-1,-1,-1
60,311,1094,433,353,230,1,-1,-1,-1
61,271,541,265,178,139,1,-1,-1,-1
61,272,718,263,162,108,1,-1,-1,-1
61,273,409,152,121,108,1,-1,-1,-1
61,279,615,200,103,68,1,-1,-1,-1
61,280,752,190,128,93,1,-1,-1,-1
61,299,1395,386,433,244,1,-1,-1,-1
61,300,190,131,54,50,1,-1,-1,-1
61,309,980,307,288,170,1,-1,-1,-1
61,311,1101,432,356,233,1,-1,-1,-1
62,271,548,269,181,139,1,-1,-1,-1
62,272,726,264,164,109,1,-1,-1,-1
62,273,413,153,122,108,1,-1,-1,-1
62,279,607,198,102,67,1,-1,-1,-1
62,280,742,189,126,91,1,-1,-1,-1
62,299,1406,389,434,247,1,-1,-1,-1
62,300,192,132,54,50,1,-1,-1,-1
62,309,980,308,291,172,1,-1,-1,-1
62,311,1105,434,365,233,1,-1,-1,-1
63,271,555,272,183,140,1,-1,-1,-1
63,272,733,266,166,110,1,-1,-1,-1
63,273,417,154,122,109,1,-1,-1,-1
63,279,600,197,101,67,1,-1,-1,-1
63,280,731,188,123,88,1,-1,-1,-1
63,299,1417,391,435,249,1,-1,-1,-1
63,300,194,133,54,51,1,-1,-1,-1
63,309,981,308,293,175,1,-1,-1,-1
63,311,1114,436,372,232,1,-1,-1,-1
64,271,562,276,185,141,1,-1,-1,-1
64,272,740,268,168,112,1,-1,-1,-1
64,273,421,155,123,110,1,-1,-1,-1
64,279,593,195,100,66,1,-1,-1,-1
64,280,721,187,121,86,1,-1,-1,-1
64,299,1431,393,432,249,1,-1,-1,-1
64,300,196,134,54,51,1,-1,-1,-1
64,309,982,308,295,177,1,-1,-1,-1
64,311,1123,440,370,232,1,-1,-1,-1
65,271,568,279,188,142,1,-1,-1,-1
65,272,747,270,170,113,1,-1,-1,-1
65,273,425,156,123,110,1,-1,-1,-1
65,279,585,193,98,65,1,-1,-1,-1
65,280,711,185,118,83,1,-1,-1,-1
65,299,1446,395,429,250,1,-1,-1,-1
65,300,198,135,55,51,1,-1,-1,-1
65,309,983,308,297,180,1,-1,-1,-1
65,311,1131,443,371,231,1,-1,-1,-1
66,271,575,283,190,142,1,-1,-1,-1
66,272,755,271,172,114,1,-1,-1,-1
66,273,429,157,124,111,1,-1,-1,-1
66,279,578,192,97,65,1,-1,-1,-1
66,280,701,184,116,81,1,-1,-1,-1
66,299,1460,397,426,250,1,-1,-1,-1
66,300,200,136,55,52,1,-1,-1,-1
66,309,985,309,295,179,1,-1,-1,-1
66,311,1155,444,364,242,1,-1,-1,-1
67,271,582,286,193,143,1,-1,-1,-1
67,272,762,273,174,115,1,-1,-1,-1
67,273,434,157,124,112,1,-1,-1,-1
67,279,570,190,96,64,1,-1,-1,-1
67,280,691,183,113,78,1,-1,-1,-1
67,283,1026,263,154,86,1,-1,-1,-1
67,299,1474,399,423,250,1,-1,-1,-1
67,300,202,136,56,52,1,-1,-1,-1
67,309,987,310,297,178,1,-1,-1,-1
67,311,1161,442,364,248,1,-1,-1,-1
68,271,589,290,195,144,1,-1,-1,-1
68,272,769,275,177,116,1,-1,-1,-1
68,273,438,158,125,113,1,-1,-1,-1
68,279,563,188,95,63,1,-1,-1,-1
68,280,683,182,112,77,1,-1,-1,-1
68,283,1007,259,150,85,1,-1,-1,-1
68,299,1489,401,420,251,1,-1,-1,-1
68,300,203,137,56,53,1,-1,-1,-1
68,309,987,313,299,175,1,-1,-1,-1
68,311,1169,443,367,250,1,-1,-1,-1
69,271,590,290,202,147,1,-1,-1,-1
69,272,776,277,179,117,1,-1,-1,-1
69,273,442,159,125,113,1,-1,-1,-1
69,279,555,187,93,63,1,-1,-1,-1
69,280,675,181,110,77,1,-1,-1,-1
69,283,988,255,147,84,1,-1,-1,-1
69,299,1503,403,417,251,1,-1,-1,-1
69,300,205,138,57,53,1,-1,-1,-1
69,309,991,314,300,175,1,-1,-1,-1
69,311,1178,445,374,250,1,-1,-1,-1
70,271,593,292,205,149,1,-1,-1,-1
70,272,784,278,181,118,1,-1,-1,-1
70,273,446,160,126,114,1,-1,-1,-1
70,279,548,185,92,62,1,-1,-1,-1
70,280,667,179,109,76,1,-1,-1,-1
70,283,969,251,144,83,1,-1,-1,-1
70,299,1514,403,406,256,1,-1,-1,-1
70,300,207,139,57,54,1,-1,-1,-1
70,309,994,314,300,175,1,-1,-1,-1
70,311,1191,451,376,249,1,-1,-1,-1
71,271,611,293,205,152,1,-1,-1,-1
71,272,791,280,183,119,1,-1,-1,-1
71,273,450,161,126,115,1,-1,-1,-1
71,279,542,184,91,61,1,-1,-1,-1
71,280,659,178,107,75,1,-1,-1,-1
71,283,950,247,141,82,1,-1,-1,-1
71,299,1524,405,396,258,1,-1,-1,-1
71,300,209,140,58,54,1,-1,-1,-1
71,309,998,315,301,175,1,-1,-1,-1
71,311,1202,458,376,250,1,-1,-1,-1
72,271,619,296,206,155,1,-1,-1,-1
72,272,798,282,185,121,1,-1,-1,-1
72,273,454,162,127,115,1,-1,-1,-1
72,279,536,182,90,61,1,-1,-1,-1
72,280,651,177,106,75,1,-1,-1,-1
72,283,935,244,139,81,1,-1,-1,-1
72,299,1534,407,386,261,1,-1,-1,-1
72,300,211,140,59,54,1,-1,-1,-1
72,309,1001,316,302,175,1,-1,-1,-1
72,311,1223,460,374,254,1,-1,-1,-1
73,271,626,297,209,158,1,-1,-1,-1
73,272,805,284,187,122,1,-1,-1,-1
73,273,458,163,127,116,1,-1,-1,-1
73,280,643,176,105,74,1,-1,-1,-1
73,283,921,242,136,79,1,-1,-1,-1
73,299,1544,408,376,263,1,-1,-1,-1
73,300,213,141,59,55,1,-1,-1,-1
73,309,1005,316,302,175,1,-1,-1,-1
73,311,1233,462,374,259,1,-1,-1,-1
74,271,633,299,211,160,1,-1,-1,-1
74,272,813,285,189,123,1,-1,-1,-1
74,273,461,164,129,117,1,-1,-1,-1
74,280,635,174,103,73,1,-1,-1,-1
74,283,906,239,134,78,1,-1,-1,-1
74,284,1612,330,262,150,1,-1,-1,-1
74,299,1554,410,366,265,1,-1,-1,-1
74,300,215,142,60,55,1,-1,-1,-1
74,309,1008,317,303,175,1,-1,-1,-1
74,311,1245,466,375,261,1,-1,-1,-1
75,271,641,300,214,163,1,-1,-1,-1
75,272,820,287,191,124,1,-1,-1,-1
75,273,465,165,131,118,1,-1,-1,-1
75,280,627,173,102,73,1,-1,-1,-1
75,283,891,237,131,76,1,-1,-1,-1
75,284,1578,325,257,147,1,-1,-1,-1
75,299,1564,412,356,267,1,-1,-1,-1
75,300,216,143,60,56,1,-1,-1,-1
75,309,1012,317,303,175,1,-1,-1,-1
75,311,1258,471,382,260,1,-1,-1,-1
76,271,648,302,216,165,1,-1,-1,-1
76,272,826,289,195,126,1,-1,-1,-1
76,273,468,165,134,119,1,-1,-1,-1
76,280,619,172,100,72,1,-1,-1,-1
76,283,877,234,129,75,1,-1,-1,-1
76,284,1544,320,251,143,1,-1,-1,-1
76,299,1574,414,346,270,1,-1,-1,-1
76,300,218,143,61,56,1,-1,-1,-1
76,309,1015,318,304,175,1,-1,-1,-1
76,311,1266,473,386,263,1,-1,-1,-1
77,271,655,303,219,168,1,-1,-1,-1
77,272,833,292,200,127,1,-1,-1,-1
77,273,471,166,136,120,1,-1,-1,-1
77,280,611,171,99,71,1,-1,-1,-1
77,283,862,232,126,73,1,-1,-1,-1
77,284,1510,315,245,139,1,-1,-1,-1
77,299,1584,415,336,272,1,-1,-1,-1
77,300,220,144,61,57,1,-1,-1,-1
77,309,1019,319,305,174,1,-1,-1,-1
77,311,1276,476,393,268,1,-1,-1,-1
78,271,657,312,224,166,1,-1,-1,-1
78,272,839,294,204,129,1,-1,-1,-1
78,273,475,167,138,121,1,-1,-1,-1
78,280,603,169,97,71,1,-1,-1,-1
78,283,847,229,124,72,1,-1,-1,-1
78,284,1474,310,250,140,1,-1,-1,-1
78,299,1594,417,326,274,1,-1,-1,-1
78,300,222,145,62,57,1,-1,-1,-1
78,309,1022,319,305,174,1,-1,-1,-1
78,311,1287,478,401,273,1,-1,-1,-1
79,271,669,309,232,174,1,-1,-1,-1
79,272,845,296,208,130,1,-1,-1,-1
79,273,478,168,140,122,1,-1,-1,-1
79,280,595,168,96,70,1,-1,-1,-1
79,283,833,227,121,70,1,-1,-1,-1
79,284,1438,304,255,142,1,-1,-1,-1
79,300,224,146,63,58,1,-1,-1,-1
79,309,1026,320,306,174,1,-1,-1,-1
79,311,1297,481,408,278,1,-1,-1,-1
80,271,678,313,231,168,1,-1,-1,-1
80,272,849,296,207,132,1,-1,-1,-1
80,273,482,169,142,123,1,-1,-1,-1
80,280,589,167,95,70,1,-1,-1,-1
80,283,818,224,119,69,1,-1,-1,-1
80,284,1402,299,260,143,1,-1,-1,-1
80,300,227,147,63,58,1,-1,-1,-1
80,309,1029,321,307,174,1,-1,-1,-1
80,311,1309,483,414,281,1,-1,-1,-1
81,271,687,316,229,167,1,-1,-1,-1
81,272,854,297,206,131,1,-1,-1,-1
81,273,485,170,144,124,1,-1,-1,-1
81,280,583,166,94,71,1,-1,-1,-1
81,283,807,222,117,69,1,-1,-1,-1
81,284,1373,296,250,139,1,-1,-1,-1
81,300,229,148,64,59,1,-1,-1,-1
81,309,1033,321,307,174,1,-1,-1,-1
81,311,1316,486,428,279,1,-1,-1,-1
82,271,696,319,223,166,1,-1,-1,-1
82,272,860,299,204,131,1,-1,-1,-1
82,273,488,170,147,125,1,-1,-1,-1
82,283,796,219,115,68,1,-1,-1,-1
82,284,1349,291,242,138,1,-1,-1,-1
82,300,232,149,64,59,1,-1,-1,-1
82,309,1036,322,308,174,1,-1,-1,-1
82,311,1319,492,442,276,1,-1,-1,-1
83,271,696,317,251,182,1,-1,-1,-1
83,272,865,300,203,130,1,-1,-1,-1
83,273,492,171,149,126,1,-1,-1,-1
83,283,785,217,113,68,1,-1,-1,-1
83,284,1325,287,233,137,1,-1,-1,-1
83,300,234,150,65,60,1,-1,-1,-1
83,309,1040,322,308,174,1,-1,-1,-1
83,311,1354,495,428,283,1,-1,-1,-1
84,271,704,321,251,179,1,-1,-1,-1
84,272,871,302,202,129,1,-1,-1,-1
84,273,495,172,151,127,1,-1,-1,-1
84,283,774,214,111,67,1,-1,-1,-1
84,284,1301,282,225,135,1,-1,-1,-1
84,300,237,151,65,60,1,-1,-1,-1
84,309,1043,323,309,174,1,-1,-1,-1
84,311,1365,497,430,287,1,-1,-1,-1
85,271,714,325,243,178,1,-1,-1,-1
85,272,876,303,201,128,1,-1,-1,-1
85,273,500,173,152,128,1,-1,-1,-1
85,279,460,166,75,51,1,-1,-1,-1
85,283,764,212,109,67,1,-1,-1,-1
85,284,1277,277,216,134,1,-1,-1,-1
85,300,239,152,66,61,1,-1,-1,-1
85,309,1046,324,309,174,1,-1,-1,-1
85,311,1377,501,437,290,1,-1,-1,-1
86,271,724,325,263,185,1,-1,-1,-1
86,272,882,305,199,128,1,-1,-1,-1
86,273,504,174,153,129,1,-1,-1,-1
86,279,455,165,74,51,1,-1,-1,-1
86,283,753,209,107,66,1,-1,-1,-1
86,284,1255,273,213,132,1,-1,-1,-1
86,300,242,154,67,61,1,-1,-1,-1
86,309,1051,326,312,174,1,-1,-1,-1
86,311,1381,505,455,293,1,-1,-1,-1
87,271,728,328,268,184,1,-1,-1,-1
87,272,887,306,198,127,1,-1,-1,-1
87,273,509,175,154,129,1,-1,-1,-1
87,279,451,164,73,51,1,-1,-1,-1
87,283,742,207,105,66,1,-1,-1,-1
87,284,1232,270,211,130,1,-1,-1,-1
87,300,244,155,67,62,1,-1,-1,-1
87,309,1055,326,317,177,1,-1,-1,-1
87,311,1389,509,455,294,1,-1,-1,-1
88,271,740,331,262,178,1,-1,-1,-1
88,272,893,308,197,126,1,-1,-1,-1
88,273,514,176,155,130,1,-1,-1,-1
88,279,446,162,72,51,1,-1,-1,-1
88,283,731,204,103,65,1,-1,-1,-1
88,284,1210,266,208,127,1,-1,-1,-1
88,300,246,156,68,62,1,-1,-1,-1
88,309,1058,326,322,180,1,-1,-1,-1
88,311,1421,512,442,298,1,-1,-1,-1
89,271,749,334,267,180,1,-1,-1,-1
89,272,898,309,196,125,1,-1,-1,-1
89,273,519,178,155,131,1,-1,-1,-1
89,279,442,161,71,51,1,-1,-1,-1
89,283,720,202,101,65,1,-1,-1,-1
89,284,1188,262,206,125,1,-1,-1,-1
89,300,249,157,68,63,1,-1,-1,-1
89,309,1062,326,326,184,1,-1,-1,-1
89,311,1434,517,442,301,1,-1,-1,-1
90,271,758,337,273,181,1,-1,-1,-1
90,273,523,179,156,132,1,-1,-1,-1
90,279,437,160,71,51,1,-1,-1,-1
90,283,711,201,100,64,1,-1,-1,-1
90,284,1165,258,203,123,1,-1,-1,-1
90,300,251,158,69,63,1,-1,-1,-1
90,309,1065,326,331,187,1,-1,-1,-1
90,311,1445,520,444,304,1,-1,-1,-1
91,271,767,340,278,183,1,-1,-1,-1
91,273,528,180,157,133,1,-1,-1,-1
91,279,432,159,70,51,1,-1,-1,-1
91,283,702,199,98,63,1,-1,-1,-1
91,284,1143,255,200,121,1,-1,-1,-1
91,300,254,159,69,64,1,-1,-1,-1
91,309,1069,326,336,190,1,-1,-1,-1
91,311,1453,521,448,306,1,-1,-1,-1
92,271,776,343,283,184,1,-1,-1,-1
92,273,533,181,158,134,1,-1,-1,-1
92,279,428,158,69,51,1,-1,-1,-1
92,280,519,155,83,62,1,-1,-1,-1
92,283,692,198,97,62,1,-1,-1,-1
92,284,1120,251,198,118,1,-1,-1,-1
92,300,256,160,70,64,1,-1,-1,-1
92,309,1075,327,337,192,1,-1,-1,-1
92,311,1463,522,442,308,1,-1,-1,-1
93,271,785,343,287,188,1,-1,-1,-1
93,273,537,182,159,134,1,-1,-1,-1
93,279,423,156,68,51,1,-1,-1,-1
93,280,513,153,82,58,1,-1,-1,-1
93,283,683,196,95,61,1,-1,-1,-1
93,284,1098,247,195,116,1,-1,-1,-1
93,300,259,161,70,65,1,-1,-1,-1
93,309,1080,327,337,195,1,-1,-1,-1
93,311,1503,539,417,295,1,-1,-1,-1
94,271,795,344,293,191,1,-1,-1,-1
94,273,542,183,160,135,1,-1,-1,-1
94,279,419,155,67,51,1,-1,-1,-1
94,280,508,152,81,58,1,-1,-1,-1
94,283,674,195,94,60,1,-1,-1,-1
94,284,1079,245,190,116,1,-1,-1,-1
94,300,261,162,71,65,1,-1,-1,-1
94,309,1086,328,338,197,1,-1,-1,-1
94,311,1515,539,405,298,1,-1,-1,-1
95,271,797,346,304,197,1,-1,-1,-1
95,273,547,184,161,136,1,-1,-1,-1
95,279,414,154,66,51,1,-1,-1,-1
95,280,504,151,79,58,1,-1,-1,-1
95,283,666,194,93,59,1,-1,-1,-1
95,284,1061,242,186,116,1,-1,-1,-1
95,300,264,163,72,66,1,-1,-1,-1
95,309,1091,328,338,200,1,-1,-1,-1
95,311,1521,541,399,300,1,-1,-1,-1
96,271,807,348,309,201,1,-1,-1,-1
96,273,551,185,162,137,1,-1,-1,-1
96,279,410,153,66,50,1,-1,-1,-1
96,280,499,150,78,58,1,-1,-1,-1
96,284,1042,240,181,116,1,-1,-1,-1
96,300,267,165,72,66,1,-1,-1,-1
96,309,1097,329,339,202,1,-1,-1,-1
96,311,1527,543,393,302,1,-1,-1,-1
97,271,816,351,315,205,1,-1,-1,-1
97,273,556,187,162,138,1,-1,-1,-1
97,279,406,152,65,50,1,-1,-1,-1
97,280,494,148,77,58,1,-1,-1,-1
97,284,1024,237,177,116,1,-1,-1,-1
97,300,271,166,73,67,1,-1,-1,-1
97,309,1100,329,339,205,1,-1,-1,-1
97,311,1533,545,387,304,1,-1,-1,-1
98,271,826,353,320,209,1,-1,-1,-1
98,273,561,188,163,139,1,-1,-1,-1
98,279,402,151,65,49,1,-1,-1,-1
98,280,490,147,75,58,1,-1,-1,-1
98,284,1005,235,172,116,1,-1,-1,-1
98,300,274,167,73,67,1,-1,-1,-1
98,309,1102,329,342,206,1,-1,-1,-1
98,311,1537,544,383,312,1,-1,-1,-1
99,271,836,355,325,212,1,-1,-1,-1
99,273,566,189,164,139,1,-1,-1,-1
99,279,398,150,65,49,1,-1,-1,-1
99,280,485,146,74,58,1,-1,-1,-1
99,284,988,233,171,112,1,-1,-1,-1
99,300,277,168,74,68,1,-1,-1,-1
99,309,1109,330,342,208,1,-1,-1,-1
99,311,1542,545,378,312,1,-1,-1,-1
100,271,845,358,331,216,1,-1,-1,-1
100,273,570,190,165,140,1,-1,-1,-1
100,279,394,149,64,48,1,-1,-1,-1
100,280,481,145,73,57,1,-1,-1,-1
100,284,971,231,169,108,1,-1,-1,-1
100,300,280,170,75,69,1,-1,-1,-1
100,309,1114,331,344,209,1,-1,-1,-1
100,311,1546,546,374,313,1,-1,-1,-1
101,271,855,360,336,220,1,-1,-1,-1
101,273,575,191,166,141,1,-1,-1,-1
101,279,389,148,64,48,1,-1,-1,-1
101,280,476,144,73,57,1,-1,-1,-1
101,284,958,227,162,110,1,-1,-1,-1
101,300,283,171,75,69,1,-1,-1,-1
101,309,1120,330,347,212,1,-1,-1,-1
101,311,1551,548,369,313,1,-1,-1,-1
102,271,872,359,332,226,1,-1,-1,-1
102,273,579,192,169,141,1,-1,-1,-1
102,279,385,147,63,47,1,-1,-1,-1
102,280,472,143,72,56,1,-1,-1,-1
102,284,944,222,154,111,1,-1,-1,-1
102,300,287,172,76,70,1,-1,-1,-1
102,309,1123,331,351,213,1,-1,-1,-1
102,311,1555,549,365,314,1,-1,-1,-1
103,271,888,357,327,232,1,-1,-1,-1
103,273,582,192,172,141,1,-1,-1,-1
103,279,381,146,63,47,1,-1,-1,-1
103,280,468,142,72,55,1,-1,-1,-1
103,284,928,221,155,109,1,-1,-1,-1
103,300,290,173,76,70,1,-1,-1,-1
103,309,1127,332,354,213,1,-1,-1,-1
103,311,1560,550,360,314,1,-1,-1,-1
104,271,899,363,331,229,1,-1,-1,-1
104,273,586,193,174,140,1,-1,-1,-1
104,279,377,145,63,46,1,-1,-1,-1
104,280,464,141,71,55,1,-1,-1,-1
104,284,911,220,155,106,1,-1,-1,-1
104,300,293,175,77,71,1,-1,-1,-1
104,309,1132,333,354,212,1,-1,-1,-1
104,311,1564,552,356,319,1,-1,-1,-1
105,271,909,369,340,228,1,-1,-1,-1
105,273,589,193,177,140,1,-1,-1,-1
105,279,373,144,62,46,1,-1,-1,-1
105,280,459,140,70,54,1,-1,-1,-1
105,284,904,217,150,107,1,-1,-1,-1
105,300,296,176,78,72,1,-1,-1,-1
105,309,1137,335,354,211,1,-1,-1,-1
105,311,1565,549,355,319,1,-1,-1,-1
106,271,915,372,353,228,1,-1,-1,-1
106,273,592,193,180,142,1,-1,-1,-1
106,279,369,143,62,45,1,-1,-1,-1
106,280,455,139,70,53,1,-1,-1,-1
106,284,889,213,147,108,1,-1,-1,-1
106,300,299,177,78,72,1,-1,-1,-1
106,309,1143,336,354,209,1,-1,-1,-1
106,311,1566,553,354,319,1,-1,-1,-1
107,271,930,371,352,237,1,-1,-1,-1
107,273,597,194,179,143,1,-1,-1,-1
107,279,366,142,62,45,1,-1,-1,-1
107,280,451,138,69,52,1,-1,-1,-1
107,283,574,176,77,52,1,-1,-1,-1
107,284,873,208,144,109,1,-1,-1,-1
107,300,303,178,79,73,1,-1,-1,-1
107,309,1148,337,354,208,1,-1,-1,-1
107,311,1571,552,349,320,1,-1,-1,-1
108,271,944,370,351,245,1,-1,-1,-1
108,273,602,194,177,144,1,-1,-1,-1
108,279,363,141,61,45,1,-1,-1,-1
108,280,446,137,69,52,1,-1,-1,-1
108,283,568,175,76,52,1,-1,-1,-1
108,284,864,206,143,109,1,-1,-1,-1
108,300,306,180,79,73,1,-1,-1,-1
108,309,1153,338,354,207,1,-1,-1,-1
108,311,1578,558,342,316,1,-1,-1,-1
109,271,958,374,349,244,1,-1,-1,-1
109,273,608,195,176,144,1,-1,-1,-1
109,279,360,140,61,44,1,-1,-1,-1
109,280,442,136,68,51,1,-1,-1,-1
109,283,562,173,75,51,1,-1,-1,-1
109,284,853,205,139,106,1,-1,-1,-1
109,300,309,181,80,74,1,-1,-1,-1
109,309,1158,340,354,206,1,-1,-1,-1
109,311,1581,558,339,313,1,-1,-1,-1
110,271,972,379,348,242,1,-1,-1,-1
110,273,613,195,175,145,1,-1,-1,-1
110,279,357,140,60,44,1,-1,-1,-1
110,280,438,135,67,51,1,-1,-1,-1
110,283,556,172,74,51,1,-1,-1,-1
110,284,843,204,135,103,1,-1,-1,-1
110,300,313,183,81,75,1,-1,-1,-1
110,309,1163,341,353,204,1,-1,-1,-1
110,311,1585,559,335,315,1,-1,-1,-1
111,271,986,383,346,241,1,-1,-1,-1
111,273,618,196,174,146,1,-1,-1,-1
111,279,354,139,60,44,1,-1,-1,-1
111,280,434,134,67,51,1,-1,-1,-1
111,283,550,170,73,51,1,-1,-1,-1
111,284,832,203,131,100,1,-1,-1,-1
111,300,317,184,83,75,1,-1,-1,-1
111,309,1168,342,353,203,1,-1,-1,-1
111,311,1588,560,332,317,1,-1,-1,-1
112,271,1000,387,345,239,1,-1,-1,-1
112,273,623,196,172,147,1,-1,-1,-1
112,279,351,138,59,44,1,-1,-1,-1
112,280,429,133,66,50,1,-1,-1,-1
112,283,544,169,72,51,1,-1,-1,-1
112,284,822,202,127,97,1,-1,-1,-1
112,300,321,186,84,76,1,-1,-1,-1
112,309,1174,343,353,202,1,-1,-1,-1
112,311,1592,560,328,319,1,-1,-1,-1
113,271,1014,391,343,238,1,-1,-1,-1
113,273,628,197,171,148,1,-1,-1,-1
113,279,347,137,59,43,1,-1,-1,-1
113,280,425,133,66,50,1,-1,-1,-1
113,283,538,168,71,50,1,-1,-1,-1
113,284,811,201,122,94,1,-1,-1,-1
113,300,324,188,85,77,1,-1,-1,-1
113,309,1179,345,353,201,1,-1,-1,-1
113,311,1595,561,325,321,1,-1,-1,-1
114,271,1028,396,342,236,1,-1,-1,-1
114,272,999,332,228,134,1,-1,-1,-1
114,273,634,197,170,148,1,-1,-1,-1
114,279,344,136,58,43,1,-1,-1,-1
114,280,421,132,65,50,1,-1,-1,-1
114,283,532,166,70,50,1,-1,-1,-1
114,284,800,200,118,91,1,-1,-1,-1
114,300,328,190,86,78,1,-1,-1,-1
114,309,1184,346,353,199,1,-1,-1,-1
114,311,1599,562,321,323,1,-1,-1,-1
115,271,1042,400,340,235,1,-1,-1,-1
115,272,1002,332,230,134,1,-1,-1,-1
115,273,639,198,168,149,1,-1,-1,-1
115,279,341,135,58,43,1,-1,-1,-1
115,280,417,131,64,50,1,-1,-1,-1
115,283,526,165,69,50,1,-1,-1,-1
115,284,790,199,114,88,1,-1,-1,-1
115,300,332,191,88,78,1,-1,-1,-1
115,309,1189,347,353,198,1,-1,-1,-1
116,271,1048,402,349,240,1,-1,-1,-1
116,272,1006,333,233,135,1,-1,-1,-1
116,273,644,198,167,150,1,-1,-1,-1
116,279,338,135,57,43,1,-1,-1,-1
116,280,412,130,64,49,1,-1,-1,-1
116,283,520,163,68,49,1,-1,-1,-1
116,284,779,198,110,85,1,-1,-1,-1
116,300,336,193,89,79,1,-1,-1,-1
116,309,1191,348,354,198,1,-1,-1,-1
117,271,1054,404,358,245,1,-1,-1,-1
117,272,1009,334,235,136,1,-1,-1,-1
117,273,647,199,170,152,1,-1,-1,-1
117,279,335,134,57,42,1,-1,-1,-1
117,280,408,129,63,49,1,-1,-1,-1
117,283,514,162,67,49,1,-1,-1,-1
117,284,770,197,109,84,1,-1,-1,-1
117,300,340,195,90,80,1,-1,-1,-1
117,309,1193,348,356,198,1,-1,-1,-1
118,271,1060,406,367,249,1,-1,-1,-1
118,272,1013,335,235,136,1,-1,-1,-1
118,273,649,200,174,153,1,-1,-1,-1
118,279,332,133,56,42,1,-1,-1,-1
118,280,404,128,63,49,1,-1,-1,-1
118,283,509,161,67,49,1,-1,-1,-1
118,300,344,196,92,80,1,-1,-1,-1
118,309,1194,349,357,198,1,-1,-1,-1
119,271,1067,408,376,254,1,-1,-1,-1
119,272,1017,336,234,137,1,-1,-1,-1
119,273,652,201,177,155,1,-1,-1,-1
119,279,329,132,56,42,1,-1,-1,-1
119,280,401,127,63,49,1,-1,-1,-1
119,283,504,160,67,48,1,-1,-1,-1
119,300,348,198,93,81,1,-1,-1,-1
119,309,1196,349,359,198,1,-1,-1,-1
120,271,1073,410,384,259,1,-1,-1,-1
120,272,1021,338,234,137,1,-1,-1,-1
120,273,654,202,180,157,1,-1,-1,-1
120,280,397,127,63,49,1,-1,-1,-1
120,283,498,158,66,48,1,-1,-1,-1
120,300,351,200,94,82,1,-1,-1,-1
121,271,1079,412,393,264,1,-1,-1,-1
121,272,1024,339,234,137,1,-1,-1,-1
121,273,657,203,184,159,1,-1,-1,-1
121,280,393,126,63,49,1,-1,-1,-1
121,283,493,157,66,47,1,-1,-1,-1
121,300,355,202,95,83,1,-1,-1,-1
122,271,1085,414,402,268,1,-1,-1,-1
122,272,1028,340,233,138,1,-1,-1,-1
122,273,659,203,187,160,1,-1,-1,-1
122,280,390,125,62,48,1,-1,-1,-1
122,283,488,156,66,47,1,-1,-1,-1
122,300,359,203,97,83,1,-1,-1,-1
123,271,1091,416,411,273,1,-1,-1,-1
123,272,1032,341,233,138,1,-1,-1,-1
123,273,662,204,190,162,1,-1,-1,-1
123,280,386,124,62,48,1,-1,-1,-1
123,283,483,155,66,47,1,-1,-1,-1
123,300,363,205,98,84,1,-1,-1,-1
124,271,1100,416,416,276,1,-1,-1,-1
124,272,1034,341,232,138,1,-1,-1,-1
124,273,664,205,193,164,1,-1,-1,-1
124,280,382,124,62,48,1,-1,-1,-1
124,283,478,154,66,46,1,-1,-1,-1
124,300,368,207,100,85,1,-1,-1,-1
125,271,1107,416,421,282,1,-1,-1,-1
125,272,1037,342,231,139,1,-1,-1,-1
125,273,667,206,197,165,1,-1,-1,-1
125,280,379,123,62,48,1,-1,-1,-1
125,283,472,152,65,46,1,-1,-1,-1
125,300,372,208,101,86,1,-1,-1,-1
126,271,1110,416,427,285,1,-1,-1,-1
126,272,1039,342,230,139,1,-1,-1,-1
126,273,669,207,200,167,1,-1,-1,-1
126,280,375,122,62,48,1,-1,-1,-1
126,283,467,151,65,45,1,-1,-1,-1
126,300,377,210,103,88,1,-1,-1,-1
127,271,1131,417,427,286,1,-1,-1,-1
127,272,1041,343,229,140,1,-1,-1,-1
127,273,673,206,198,171,1,-1,-1,-1
127,280,373,121,61,48,1,-1,-1,-1
127,283,462,150,65,45,1,-1,-1,-1
127,300,381,211,104,89,1,-1,-1,-1
128,271,1140,420,429,286,1,-1,-1,-1
128,272,1044,343,228,140,1,-1,-1,-1
128,273,680,206,202,179,1,-1,-1,-1
128,280,370,121,60,47,1,-1,-1,-1
128,283,458,149,65,45,1,-1,-1,-1
128,300,386,213,106,90,1,-1,-1,-1
129,271,1149,423,437,287,1,-1,-1,-1
129,272,1046,344,227,141,1,-1,-1,-1
129,273,683,209,205,177,1,-1,-1,-1
129,280,368,120,59,47,1,-1,-1,-1
129,283,454,148,64,44,1,-1,-1,-1
129,284,657,180,94,72,1,-1,-1,-1
129,300,390,215,107,91,1,-1,-1,-1
130,271,1157,426,450,290,1,-1,-1,-1
130,272,1048,344,226,141,1,-1,-1,-1
130,273,687,210,204,178,1,-1,-1,-1
130,280,366,120,58,46,1,-1,-1,-1
130,283,450,147,64,44,1,-1,-1,-1
130,284,647,178,92,71,1,-1,-1,-1
130,300,395,216,109,92,1,-1,-1,-1
131,271,1159,429,464,293,1,-1,-1,-1
131,272,1051,345,225,142,1,-1,-1,-1
131,273,692,210,203,178,1,-1,-1,-1
131,280,364,119,58,46,1,-1,-1,-1
131,283,446,146,63,44,1,-1,-1,-1
131,284,638,177,91,70,1,-1,-1,-1
131,300,399,218,110,94,1,-1,-1,-1
132,271,1159,434,476,290,1,-1,-1,-1
132,272,1053,345,224,142,1,-1,-1,-1
132,273,696,211,203,179,1,-1,-1,-1
132,280,361,118,57,45,1,-1,-1,-1
132,283,442,145,63,44,1,-1,-1,-1
132,284,631,176,90,69,1,-1,-1,-1
132,300,404,219,112,95,1,-1,-1,-1
133,271,1169,436,478,294,1,-1,-1,-1
133,272,1053,345,225,142,1,-1,-1,-1
133,273,701,211,202,179,1,-1,-1,-1
133,280,359,118,56,45,1,-1,-1,-1
133,283,438,144,62,43,1,-1,-1,-1
133,284,624,175,89,68,1,-1,-1,-1
133,300,408,221,113,96,1,-1,-1,-1
134,271,1179,438,479,298,1,-1,-1,-1
134,272,1052,345,225,143,1,-1,-1,-1
134,273,705,212,201,180,1,-1,-1,-1
134,280,357,117,55,44,1,-1,-1,-1
134,283,434,143,62,43,1,-1,-1,-1
134,284,617,173,88,67,1,-1,-1,-1
134,300,413,222,116,99,1,-1,-1,-1
135,271,1189,441,481,302,1,-1,-1,-1
135,272,1052,344,226,143,1,-1,-1,-1
135,273,709,213,204,181,1,-1,-1,-1
135,280,354,117,54,44,1,-1,-1,-1
135,283,430,142,61,43,1,-1,-1,-1
135,284,610,172,87,66,1,-1,-1,-1
135,300,418,224,119,101,1,-1,-1,-1
136,271,1198,443,482,305,1,-1,-1,-1
136,272,1051,344,227,143,1,-1,-1,-1
136,273,713,214,208,181,1,-1,-1,-1
136,280,352,116,53,43,1,-1,-1,-1
136,283,426,141,61,42,1,-1,-1,-1
136,284,604,171,86,66,1,-1,-1,-1
136,300,423,225,121,104,1,-1,-1,-1
137,271,1208,445,484,309,1,-1,-1,-1
137,272,1051,344,227,144,1,-1,-1,-1
137,273,717,215,211,182,1,-1,-1,-1
137,283,422,140,60,42,1,-1,-1,-1
137,284,597,170,85,65,1,-1,-1,-1
137,300,428,227,124,106,1,-1,-1,-1
138,271,1218,447,485,313,1,-1,-1,-1
138,272,1050,344,228,144,1,-1,-1,-1
138,273,721,216,214,182,1,-1,-1,-1
138,283,418,139,59,42,1,-1,-1,-1
138,284,590,168,84,64,1,-1,-1,-1
138,300,433,228,127,109,1,-1,-1,-1
139,271,1228,449,487,317,1,-1,-1,-1
139,272,1050,344,229,144,1,-1,-1,-1
139,273,725,218,218,183,1,-1,-1,-1
139,283,415,138,59,42,1,-1,-1,-1
139,284,583,167,83,63,1,-1,-1,-1
139,300,438,229,130,111,1,-1,-1,-1
139,309,1214,352,361,198,1,-1,-1,-1
140,271,1238,451,488,321,1,-1,-1,-1
140,272,1050,344,229,145,1,-1,-1,-1
140,273,729,219,221,183,1,-1,-1,-1
140,283,411,137,58,41,1,-1,-1,-1
140,284,576,166,82,62,1,-1,-1,-1
140,300,443,231,133,114,1,-1,-1,-1
140,309,1215,352,361,198,1,-1,-1,-1
141,271,1248,454,490,325,1,-1,-1,-1
141,272,1049,343,230,145,1,-1,-1,-1
141,273,733,220,224,184,1,-1,-1,-1
141,283,408,136,58,41,1,-1,-1,-1
141,284,571,165,81,62,1,-1,-1,-1
141,300,448,232,135,116,1,-1,-1,-1
141,309,1214,352,363,198,1,-1,-1,-1
142,271,1257,456,491,328,1,-1,-1,-1
142,272,1049,343,231,145,1,-1,-1,-1
142,273,737,221,228,184,1,-1,-1,-1
142,283,404,136,57,41,1,-1,-1,-1
142,284,565,163,80,62,1,-1,-1,-1
142,300,453,234,138,119,1,-1,-1,-1
142,309,1214,352,364,199,1,-1,-1,-1
143,271,1267,458,493,332,1,-1,-1,-1
143,272,1048,343,231,145,1,-1,-1,-1
143,273,741,222,231,185,1,-1,-1,-1
143,283,400,135,56,41,1,-1,-1,-1
143,284,560,162,79,61,1,-1,-1,-1
143,300,458,235,141,121,1,-1,-1,-1
143,309,1213,352,366,199,1,-1,-1,-1
144,271,1277,460,494,336,1,-1,-1,-1
144,272,1048,343,232,146,1,-1,-1,-1
144,273,746,223,231,185,1,-1,-1,-1
144,283,397,134,56,41,1,-1,-1,-1
144,284,554,160,78,61,1,-1,-1,-1
144,300,461,238,146,121,1,-1,-1,-1
144,309,1213,353,367,199,1,-1,-1,-1
145,271,1289,460,502,338,1,-1,-1,-1
145,272,1047,343,233,146,1,-1,-1,-1
145,273,750,224,232,186,1,-1,-1,-1
145,283,393,133,55,40,1,-1,-1,-1
145,284,549,159,77,61,1,-1,-1,-1
145,300,467,241,147,121,1,-1,-1,-1
145,309,1212,353,369,199,1,-1,-1,-1
146,271,1303,462,506,338,1,-1,-1,-1
146,272,1047,342,233,146,1,-1,-1,-1
146,273,755,225,232,186,1,-1,-1,-1
146,283,390,132,55,40,1,-1,-1,-1
146,284,543,158,76,61,1,-1,-1,-1
146,300,473,243,145,123,1,-1,-1,-1
146,309,1211,353,370,200,1,-1,-1,-1
147,271,1317,465,509,339,1,-1,-1,-1
147,272,1046,342,234,147,1,-1,-1,-1
147,273,759,226,233,186,1,-1,-1,-1
147,283,386,131,54,40,1,-1,-1,-1
147,284,538,156,74,60,1,-1,-1,-1
147,300,480,245,148,126,1,-1,-1,-1
147,309,1211,353,372,200,1,-1,-1,-1
148,271,1330,468,506,341,1,-1,-1,-1
148,272,1046,342,235,147,1,-1,-1,-1
148,273,764,227,233,186,1,-1,-1,-1
148,284,532,155,73,60,1,-1,-1,-1
148,300,487,248,151,128,1,-1,-1,-1
148,309,1210,353,373,200,1,-1,-1,-1
149,271,1342,468,502,342,1,-1,-1,-1
149,272,1046,342,235,147,1,-1,-1,-1
149,273,768,228,233,187,1,-1,-1,-1
149,284,527,153,72,60,1,-1,-1,-1
149,287,1600,399,315,144,1,-1,-1,-1
149,300,494,250,154,131,1,-1,-1,-1
149,309,1209,353,375,200,1,-1,-1,-1
150,271,1354,467,499,344,1,-1,-1,-1
150,272,1045,342,236,148,1,-1,-1,-1
150,273,773,229,234,187,1,-1,-1,-1
150,284,521,152,71,60,1,-1,-1,-1
150,287,1558,390,303,142,1,-1,-1,-1
150,300,501,252,156,133,1,-1,-1,-1
150,309,1209,353,376,201,1,-1,-1,-1
151,260,185,115,59,49,1,-1,-1,-1
151,271,1357,467,509,343,1,-1,-1,-1
151,272,1045,341,236,148,1,-1,-1,-1
151,273,777,230,234,187,1,-1,-1,-1
151,284,516,150,70,59,1,-1,-1,-1
151,287,1516,380,291,139,1,-1,-1,-1
151,300,508,255,159,136,1,-1,-1,-1
151,309,1208,353,378,201,1,-1,-1,-1
152,260,186,116,59,49,1,-1,-1,-1
152,271,1350,471,532,341,1,-1,-1,-1
152,272,1044,341,237,148,1,-1,-1,-1
152,273,780,232,237,186,1,-1,-1,-1
152,284,510,149,69,59,1,-1,-1,-1
152,287,1479,374,283,135,1,-1,-1,-1
152,300,515,257,162,138,1,-1,-1,-1
152,309,1208,354,379,201,1,-1,-1,-1
153,260,188,117,60,50,1,-1,-1,-1
153,271,1359,475,528,340,1,-1,-1,-1
153,272,1044,341,238,149,1,-1,-1,-1
153,273,779,229,249,189,1,-1,-1,-1
153,284,505,148,69,58,1,-1,-1,-1
153,300,522,257,154,143,1,-1,-1,-1
153,309,1207,354,381,201,1,-1,-1,-1
154,260,189,119,60,50,1,-1,-1,-1
154,271,1368,479,523,338,1,-1,-1,-1
154,272,1043,341,238,149,1,-1,-1,-1
154,273,783,229,249,191,1,-1,-1,-1
154,284,501,147,68,58,1,-1,-1,-1
154,300,530,262,159,143,1,-1,-1,-1
154,309,1206,354,382,202,1,-1,-1,-1
155,260,191,120,60,51,1,-1,-1,-1
155,271,1375,482,512,341,1,-1,-1,-1
155,272,1043,341,239,149,1,-1,-1,-1
155,273,786,229,250,193,1,-1,-1,-1
155,284,496,146,68,57,1,-1,-1,-1
155,300,539,267,164,143,1,-1,-1,-1
155,309,1206,354,384,202,1,-1,-1,-1
156,260,192,121,60,51,1,-1,-1,-1
156,271,1380,484,513,344,1,-1,-1,-1
156,272,1043,341,240,150,1,-1,-1,-1
156,273,789,229,251,193,1,-1,-1,-1
156,284,491,145,67,57,1,-1,-1,-1
156,300,547,272,169,143,1,-1,-1,-1
156,309,1205,354,385,202,1,-1,-1,-1
157,260,194,122,61,52,1,-1,-1,-1
157,271,1386,486,514,347,1,-1,-1,-1
157,272,1042,340,240,150,1,-1,-1,-1
157,273,790,229,251,194,1,-1,-1,-1
157,284,487,144,67,56,1,-1,-1,-1
157,300,555,277,175,143,1,-1,-1,-1
157,309,1209,351,383,208,1,-1,-1,-1
158,260,195,123,61,52,1,-1,-1,-1
158,271,1391,487,516,350,1,-1,-1,-1
158,272,1042,340,241,150,1,-1,-1,-1
158,273,790,229,252,194,1,-1,-1,-1
158,284,482,143,67,56,1,-1,-1,-1
158,300,563,281,180,142,1,-1,-1,-1
158,309,1213,349,381,215,1,-1,-1,-1
159,260,196,124,61,52,1,-1,-1,-1
159,271,1397,489,517,353,1,-1,-1,-1
159,272,1041,340,242,150,1,-1,-1,-1
159,273,793,229,250,193,1,-1,-1,-1
159,284,477,142,66,55,1,-1,-1,-1
159,300,572,286,185,142,1,-1,-1,-1
159,309,1217,346,379,221,1,-1,-1,-1
160,260,198,126,61,53,1,-1,-1,-1
160,271,1402,491,518,356,1,-1,-1,-1
160,272,1041,340,242,151,1,-1,-1,-1
160,273,795,229,248,193,1,-1,-1,-1
160,284,473,141,66,54,1,-1,-1,-1
160,300,580,291,190,142,1,-1,-1,-1
160,309,1221,343,377,227,1,-1,-1,-1
161,260,199,127,62,53,1,-1,-1,-1
161,271,1410,490,510,362,1,-1,-1,-1
161,272,1040,340,243,151,1,-1,-1,-1
161,273,798,230,246,192,1,-1,-1,-1
161,284,468,140,65,54,1,-1,-1,-1
161,287,1148,315,207,102,1,-1,-1,-1
161,300,588,296,195,142,1,-1,-1,-1
161,309,1223,346,376,224,1,-1,-1,-1
162,260,201,128,62,54,1,-1,-1,-1
162,271,1422,487,498,371,1,-1,-1,-1
162,272,1040,339,244,151,1,-1,-1,-1
162,273,801,230,244,192,1,-1,-1,-1
162,284,463,139,65,53,1,-1,-1,-1
162,300,591,297,201,145,1,-1,-1,-1
162,309,1223,346,378,226,1,-1,-1,-1
163,260,202,129,62,54,1,-1,-1,-1
163,271,1434,487,486,380,1,-1,-1,-1
163,272,1039,339,244,152,1,-1,-1,-1
163,273,803,230,242,191,1,-1,-1,-1
163,284,459,138,64,53,1,-1,-1,-1
163,300,619,298,190,152,1,-1,-1,-1
163,309,1224,346,381,226,1,-1,-1,-1
164,260,204,130,63,55,1,-1,-1,-1
164,271,1443,489,477,379,1,-1,-1,-1
164,272,1039,339,245,152,1,-1,-1,-1
164,273,806,230,240,191,1,-1,-1,-1
164,284,454,137,64,52,1,-1,-1,-1
164,300,622,301,199,154,1,-1,-1,-1
164,309,1230,348,382,225,1,-1,-1,-1
165,260,206,131,64,55,1,-1,-1,-1
165,271,1451,492,469,378,1,-1,-1,-1
165,272,1038,342,248,150,1,-1,-1,-1
165,273,809,231,237,190,1,-1,-1,-1
165,284,450,136,63,52,1,-1,-1,-1
165,287,1033,295,190,95,1,-1,-1,-1
165,300,629,305,206,156,1,-1,-1,-1
165,309,1236,350,383,224,1,-1,-1,-1
166,260,208,132,65,56,1,-1,-1,-1
166,271,1460,494,460,377,1,-1,-1,-1
166,272,1036,345,255,146,1,-1,-1,-1
166,273,812,231,235,190,1,-1,-1,-1
166,284,446,135,63,52,1,-1,-1,-1
166,287,1004,290,186,93,1,-1,-1,-1
166,300,636,309,213,159,1,-1,-1,-1
166,309,1241,352,383,222,1,-1,-1,-1
167,260,210,133,65,56,1,-1,-1,-1
167,271,1468,497,452,377,1,-1,-1,-1
167,272,1037,346,257,145,1,-1,-1,-1
167,273,814,231,233,189,1,-1,-1,-1
167,284,442,135,62,51,1,-1,-1,-1
167,287,976,284,186,95,1,-1,-1,-1
167,288,1694,372,226,137,1,-1,-1,-1
167,300,643,312,219,161,1,-1,-1,-1
167,309,1247,354,384,221,1,-1,-1,-1
168,260,212,134,66,57,1,-1,-1,-1
168,271,1477,499,443,376,1,-1,-1,-1
168,272,1038,347,261,144,1,-1,-1,-1
168,273,817,231,231,189,1,-1,-1,-1
168,284,438,134,62,51,1,-1,-1,-1
168,288,1654,366,266,136,1,-1,-1,-1
168,300,650,316,226,163,1,-1,-1,-1
168,309,1253,356,385,220,1,-1,-1,-1
169,260,215,136,67,57,1,-1,-1,-1
169,271,1486,502,434,375,1,-1,-1,-1
169,272,1040,346,264,145,1,-1,-1,-1
169,273,820,232,229,188,1,-1,-1,-1
169,284,434,133,61,51,1,-1,-1,-1
169,288,1612,357,275,135,1,-1,-1,-1
169,300,657,320,221,158,1,-1,-1,-1
169,309,1259,358,386,219,1,-1,-1,-1
170,260,217,137,68,58,1,-1,-1,-1
170,271,1494,504,426,374,1,-1,-1,-1
170,272,1040,346,267,147,1,-1,-1,-1
170,273,822,232,227,188,1,-1,-1,-1
170,284,430,132,60,51,1,-1,-1,-1
170,288,1578,352,267,132,1,-1,-1,-1
170,300,672,322,234,162,1,-1,-1,-1
170,309,1265,360,387,218,1,-1,-1,-1
171,260,219,138,69,58,1,-1,-1,-1
171,271,1503,507,417,373,1,-1,-1,-1
171,272,1040,344,270,151,1,-1,-1,-1
171,273,825,232,225,187,1,-1,-1,-1
171,284,426,131,60,51,1,-1,-1,-1
171,288,1545,346,259,129,1,-1,-1,-1
171,300,681,327,234,162,1,-1,-1,-1
171,309,1270,362,387,216,1,-1,-1,-1
172,260,221,139,70,59,1,-1,-1,-1
172,271,1512,509,408,372,1,-1,-1,-1
172,272,1041,344,270,153,1,-1,-1,-1
172,273,825,232,226,187,1,-1,-1,-1
172,284,422,131,59,50,1,-1,-1,-1
172,288,1511,341,251,125,1,-1,-1,-1
172,300,696,325,244,169,1,-1,-1,-1
172,309,1276,364,388,215,1,-1,-1,-1
173,260,223,140,70,59,1,-1,-1,-1
173,271,1520,512,400,372,1,-1,-1,-1
173,272,1041,344,268,155,1,-1,-1,-1
173,273,825,232,228,188,1,-1,-1,-1
173,284,418,130,59,50,1,-1,-1,-1
173,300,708,328,245,170,1,-1,-1,-1
173,309,1282,366,389,214,1,-1,-1,-1
174,260,225,141,71,60,1,-1,-1,-1
174,271,1529,514,391,371,1,-1,-1,-1
174,272,1043,344,267,155,1,-1,-1,-1
174,273,825,232,229,188,1,-1,-1,-1
174,284,414,129,58,50,1,-1,-1,-1
174,300,720,331,245,171,1,-1,-1,-1
174,309,1289,368,392,215,1,-1,-1,-1
175,260,227,142,72,60,1,-1,-1,-1
175,271,1537,517,383,370,1,-1,-1,-1
175,272,1044,343,266,155,1,-1,-1,-1
175,273,825,232,231,188,1,-1,-1,-1
175,284,411,128,57,50,1,-1,-1,-1
175,300,732,334,246,171,1,-1,-1,-1
175,309,1296,369,395,217,1,-1,-1,-1
176,260,230,143,74,61,1,-1,-1,-1
176,271,1546,519,374,369,1,-1,-1,-1
176,272,1048,344,265,155,1,-1,-1,-1
176,273,825,232,232,189,1,-1,-1,-1
176,284,407,127,57,49,1,-1,-1,-1
176,300,744,337,247,172,1,-1,-1,-1
176,309,1303,371,397,218,1,-1,-1,-1
177,260,232,144,75,62,1,-1,-1,-1
177,272,1053,345,265,154,1,-1,-1,-1
177,273,825,232,233,189,1,-1,-1,-1
177,284,404,127,56,49,1,-1,-1,-1
177,300,757,341,247,173,1,-1,-1,-1
177,309,1310,372,400,219,1,-1,-1,-1
178,260,235,146,77,63,1,-1,-1,-1
178,272,1057,346,264,154,1,-1,-1,-1
178,273,825,232,235,189,1,-1,-1,-1
178,284,401,126,56,49,1,-1,-1,-1
178,288,1331,311,212,112,1,-1,-1,-1
178,300,769,344,248,174,1,-1,-1,-1
178,309,1318,374,403,221,1,-1,-1,-1
179,260,238,147,79,64,1,-1,-1,-1
179,272,1062,347,263,153,1,-1,-1,-1
179,273,825,232,236,190,1,-1,-1,-1
179,284,398,125,55,49,1,-1,-1,-1
179,288,1303,306,206,111,1,-1,-1,-1
179,300,781,347,249,174,1,-1,-1,-1
179,309,1325,376,406,222,1,-1,-1,-1
180,260,240,148,80,65,1,-1,-1,-1
180,272,1066,348,263,153,1,-1,-1,-1
180,273,826,232,238,190,1,-1,-1,-1
180,284,394,124,54,48,1,-1,-1,-1
180,287,754,236,125,72,1,-1,-1,-1
180,288,1275,301,200,109,1,-1,-1,-1
180,300,793,350,249,175,1,-1,-1,-1
180,309,1332,377,409,223,1,-1,-1,-1
181,260,243,149,82,66,1,-1,-1,-1
181,272,1071,349,262,153,1,-1,-1,-1
181,273,826,232,239,191,1,-1,-1,-1
181,284,391,123,54,48,1,-1,-1,-1
181,287,738,232,120,70,1,-1,-1,-1
181,288,1252,297,196,107,1,-1,-1,-1
181,300,805,353,250,176,1,-1,-1,-1
181,309,1339,379,411,224,1,-1,-1,-1
182,260,246,151,84,68,1,-1,-1,-1
182,272,1075,350,261,152,1,-1,-1,-1
182,273,826,232,241,191,1,-1,-1,-1
182,284,388,123,53,48,1,-1,-1,-1
182,287,719,226,125,76,1,-1,-1,-1
182,288,1229,293,193,105,1,-1,-1,-1
182,300,814,355,259,180,1,-1,-1,-1
182,309,1346,380,414,226,1,-1,-1,-1
183,260,249,152,86,69,1,-1,-1,-1
183,272,1080,351,261,152,1,-1,-1,-1
183,273,826,232,242,191,1,-1,-1,-1
183,284,384,122,53,47,1,-1,-1,-1
183,287,700,220,129,81,1,-1,-1,-1
183,288,1207,289,189,104,1,-1,-1,-1
183,300,824,358,269,184,1,-1,-1,-1
183,309,1353,382,417,227,1,-1,-1,-1
184,260,251,153,87,70,1,-1,-1,-1
184,272,1084,352,260,151,1,-1,-1,-1
184,273,826,232,243,192,1,-1,-1,-1
184,284,381,121,52,47,1,-1,-1,-1
184,287,690,218,126,79,1,-1,-1,-1
184,288,1184,285,186,102,1,-1,-1,-1
184,300,833,360,278,188,1,-1,-1,-1
184,309,1358,383,422,230,1,-1,-1,-1
185,260,254,154,89,71,1,-1,-1,-1
185,272,1089,353,259,151,1,-1,-1,-1
185,273,826,232,245,192,1,-1,-1,-1
185,287,679,216,123,78,1,-1,-1,-1
185,288,1161,281,182,100,1,-1,-1,-1
185,300,842,363,287,192,1,-1,-1,-1
185,309,1364,383,428,234,1,-1,-1,-1
186,260,257,156,91,72,1,-1,-1,-1
186,272,1093,354,259,151,1,-1,-1,-1
186,273,826,232,246,192,1,-1,-1,-1
186,287,669,214,120,76,1,-1,-1,-1
186,288,1141,276,180,101,1,-1,-1,-1
186,300,852,365,297,197,1,-1,-1,-1
186,309,1369,384,433,237,1,-1,-1,-1
187,260,259,157,92,73,1,-1,-1,-1
187,272,1098,355,258,150,1,-1,-1,-1
187,273,826,232,248,193,1,-1,-1,-1
187,287,659,212,117,75,1,-1,-1,-1
187,288,1121,271,178,103,1,-1,-1,-1
187,300,861,368,306,201,1,-1,-1,-1
187,309,1375,385,439,240,1,-1,-1,-1
188,260,262,158,94,74,1,-1,-1,-1
188,272,1102,356,257,150,1,-1,-1,-1
188,273,826,232,249,193,1,-1,-1,-1
188,287,649,210,115,73,1,-1,-1,-1
188,288,1101,266,176,104,1,-1,-1,-1
188,300,870,370,315,205,1,-1,-1,-1
188,309,1380,385,444,244,1,-1,-1,-1
189,260,267,160,94,75,1,-1,-1,-1
189,272,1107,357,257,149,1,-1,-1,-1
189,273,825,231,250,197,1,-1,-1,-1
189,287,638,207,112,71,1,-1,-1,-1
189,288,1081,261,173,105,1,-1,-1,-1
189,300,880,373,325,209,1,-1,-1,-1
189,309,1386,386,450,247,1,-1,-1,-1
190,260,272,162,95,75,1,-1,-1,-1
190,272,1111,358,256,149,1,-1,-1,-1
190,273,824,229,251,202,1,-1,-1,-1
190,287,628,205,109,70,1,-1,-1,-1
190,288,1061,256,171,107,1,-1,-1,-1
190,300,889,375,334,213,1,-1,-1,-1
190,309,1391,387,455,250,1,-1,-1,-1
191,260,277,163,95,76,1,-1,-1,-1
191,272,1118,359,257,150,1,-1,-1,-1
191,273,824,228,252,209,1,-1,-1,-1
191,287,618,203,106,68,1,-1,-1,-1
191,288,1041,251,169,108,1,-1,-1,-1
191,300,904,375,333,222,1,-1,-1,-1
191,309,1397,387,461,254,1,-1,-1,-1
192,260,282,165,96,76,1,-1,-1,-1
192,272,1126,361,259,150,1,-1,-1,-1
192,273,827,228,251,211,1,-1,-1,-1
192,287,607,201,103,67,1,-1,-1,-1
192,288,1020,250,167,101,1,-1,-1,-1
192,300,918,377,337,227,1,-1,-1,-1
192,309,1402,388,466,257,1,-1,-1,-1
193,260,287,167,96,77,1,-1,-1,-1
193,272,1133,362,260,151,1,-1,-1,-1
193,273,828,230,252,210,1,-1,-1,-1
193,287,597,199,100,65,1,-1,-1,-1
193,288,999,249,164,93,1,-1,-1,-1
193,300,926,381,342,229,1,-1,-1,-1
193,309,1406,388,465,260,1,-1,-1,-1
194,260,292,169,97,77,1,-1,-1,-1
194,272,1140,364,262,152,1,-1,-1,-1
194,273,830,232,252,207,1,-1,-1,-1
194,287,589,197,98,64,1,-1,-1,-1
194,300,945,389,350,219,1,-1,-1,-1
194,309,1408,389,464,260,1,-1,-1,-1
195,260,297,171,97,78,1,-1,-1,-1
195,272,1147,365,263,152,1,-1,-1,-1
195,273,828,234,254,205,1,-1,-1,-1
195,287,580,195,96,64,1,-1,-1,-1
195,300,958,391,344,227,1,-1,-1,-1
195,309,1412,389,464,262,1,-1,-1,-1
196,260,302,173,98,78,1,-1,-1,-1
196,273,836,237,259,207,1,-1,-1,-1
196,287,572,194,95,63,1,-1,-1,-1
196,300,971,391,347,232,1,-1,-1,-1
196,309,1413,390,465,263,1,-1,-1,-1
197,260,306,174,98,79,1,-1,-1,-1
197,273,833,236,266,205,1,-1,-1,-1
197,287,564,192,93,62,1,-1,-1,-1
197,300,984,397,352,233,1,-1,-1,-1
197,309,1415,392,466,263,1,-1,-1,-1
198,260,311,176,99,79,1,-1,-1,-1
198,273,832,236,273,202,1,-1,-1,-1
198,287,556,190,91,62,1,-1,-1,-1
198,300,991,405,363,231,1,-1,-1,-1
198,309,1416,395,468,260,1,-1,-1,-1
199,260,316,178,99,80,1,-1,-1,-1
199,273,832,235,275,205,1,-1,-1,-1
199,287,547,188,89,61,1,-1,-1,-1
199,300,1004,407,370,232,1,-1,-1,-1
199,309,1417,396,470,259,1,-1,-1,-1
200,260,321,180,100,80,1,-1,-1,-1
200,273,832,235,276,207,1,-1,-1,-1
200,287,539,186,87,60,1,-1,-1,-1
200,300,1017,408,376,234,1,-1,-1,-1
200,309,1421,397,471,259,1,-1,-1,-1
201,260,326,182,100,81,1,-1,-1,-1
201,273,836,232,273,210,1,-1,-1,-1
201,287,531,185,86,59,1,-1,-1,-1
201,300,1030,410,383,235,1,-1,-1,-1
201,309,1425,397,471,260,1,-1,-1,-1
202,260,331,184,101,81,1,-1,-1,-1
202,273,838,233,271,209,1,-1,-1,-1
202,287,522,183,84,59,1,-1,-1,-1
202,300,1044,413,385,238,1,-1,-1,-1
202,309,1431,398,472,260,1,-1,-1,-1
203,260,336,185,101,82,1,-1,-1,-1
203,273,842,234,266,209,1,-1,-1,-1
203,287,514,181,82,58,1,-1,-1,-1
203,300,1057,416,387,240,1,-1,-1,-1
203,309,1437,399,472,260,1,-1,-1,-1
204,260,341,187,102,82,1,-1,-1,-1
204,273,843,237,265,209,1,-1,-1,-1
204,287,508,179,81,57,1,-1,-1,-1
204,300,1071,419,389,243,1,-1,-1,-1
204,309,1439,399,475,261,1,-1,-1,-1
205,260,346,189,102,83,1,-1,-1,-1
205,273,845,240,265,207,1,-1,-1,-1
205,287,501,178,80,57,1,-1,-1,-1
205,300,1085,422,391,246,1,-1,-1,-1
205,309,1440,400,480,261,1,-1,-1,-1
206,260,351,191,105,85,1,-1,-1,-1
206,273,848,243,265,205,1,-1,-1,-1
206,287,495,176,79,56,1,-1,-1,-1
206,288,819,218,117,74,1,-1,-1,-1
206,300,1098,425,393,248,1,-1,-1,-1
206,309,1440,401,480,260,1,-1,-1,-1
207,260,357,193,108,87,1,-1,-1,-1
207,273,851,245,267,202,1,-1,-1,-1
207,287,488,175,78,55,1,-1,-1,-1
207,288,808,216,116,73,1,-1,-1,-1
207,300,1112,428,395,251,1,-1,-1,-1
207,309,1444,402,476,257,1,-1,-1,-1
208,260,362,195,111,88,1,-1,-1,-1
208,273,852,245,272,205,1,-1,-1,-1
208,287,482,173,78,55,1,-1,-1,-1
208,288,797,214,114,73,1,-1,-1,-1
208,300,1126,432,397,254,1,-1,-1,-1
208,309,1471,399,449,263,1,-1,-1,-1
209,260,367,197,114,90,1,-1,-1,-1
209,273,850,244,279,205,1,-1,-1,-1
209,287,476,171,77,54,1,-1,-1,-1
209,288,786,212,113,72,1,-1,-1,-1
209,300,1140,435,399,257,1,-1,-1,-1
209,309,1468,401,452,262,1,-1,-1,-1
210,260,372,199,117,92,1,-1,-1,-1
210,273,851,244,287,207,1,-1,-1,-1
210,287,469,170,76,53,1,-1,-1,-1
210,288,775,210,111,71,1,-1,-1,-1
210,300,1153,438,401,259,1,-1,-1,-1
210,309,1480,405,440,259,1,-1,-1,-1
211,260,378,201,120,94,1,-1,-1,-1
211,273,855,243,290,210,1,-1,-1,-1
211,287,463,168,75,52,1,-1,-1,-1
211,288,764,208,110,70,1,-1,-1,-1
211,300,1167,441,403,262,1,-1,-1,-1
211,309,1492,409,428,256,1,-1,-1,-1
212,260,383,203,123,96,1,-1,-1,-1
212,273,860,242,289,216,1,-1,-1,-1
212,287,456,167,74,52,1,-1,-1,-1
212,288,753,206,108,70,1,-1,-1,-1
212,300,1181,444,405,265,1,-1,-1,-1
212,309,1504,412,416,257,1,-1,-1,-1
213,260,388,204,126,97,1,-1,-1,-1
213,273,866,241,287,218,1,-1,-1,-1
213,287,450,165,73,51,1,-1,-1,-1
213,288,741,203,107,69,1,-1,-1,-1
213,300,1194,447,407,267,1,-1,-1,-1
213,309,1516,415,404,259,1,-1,-1,-1
214,260,394,206,129,99,1,-1,-1,-1
214,273,870,244,287,216,1,-1,-1,-1
214,287,445,164,72,51,1,-1,-1,-1
214,288,730,201,105,68,1,-1,-1,-1
214,300,1208,450,409,270,1,-1,-1,-1
214,309,1528,417,392,260,1,-1,-1,-1
215,260,399,208,132,101,1,-1,-1,-1
215,273,875,246,288,213,1,-1,-1,-1
215,287,440,162,71,50,1,-1,-1,-1
215,288,719,199,104,67,1,-1,-1,-1
215,300,1219,452,415,277,1,-1,-1,-1
215,309,1540,420,380,262,1,-1,-1,-1
216,260,404,210,135,103,1,-1,-1,-1
216,273,877,249,290,211,1,-1,-1,-1
216,287,435,161,70,50,1,-1,-1,-1
216,288,708,197,102,67,1,-1,-1,-1
216,300,1230,453,420,283,1,-1,-1,-1
216,309,1552,423,368,263,1,-1,-1,-1
217,260,409,212,138,104,1,-1,-1,-1
217,273,880,250,290,211,1,-1,-1,-1
217,287,430,159,69,49,1,-1,-1,-1
217,288,697,195,101,66,1,-1,-1,-1
217,300,1240,455,426,290,1,-1,-1,-1
218,260,415,214,141,106,1,-1,-1,-1
218,273,880,251,295,210,1,-1,-1,-1
218,287,425,158,68,49,1,-1,-1,-1
218,288,686,193,99,65,1,-1,-1,-1
218,300,1251,457,432,296,1,-1,-1,-1
219,260,420,216,144,108,1,-1,-1,-1
219,273,878,252,300,210,1,-1,-1,-1
219,287,420,157,66,49,1,-1,-1,-1
219,288,678,192,98,64,1,-1,-1,-1
219,300,1262,458,437,303,1,-1,-1,-1
220,260,428,218,146,112,1,-1,-1,-1
220,273,889,248,301,215,1,-1,-1,-1
220,287,415,155,65,48,1,-1,-1,-1
220,288,670,190,96,63,1,-1,-1,-1
220,300,1273,460,443,309,1,-1,-1,-1
221,260,435,220,148,116,1,-1,-1,-1
221,273,892,247,300,217,1,-1,-1,-1
221,278,239,123,45,42,1,-1,-1,-1
221,287,410,154,64,48,1,-1,-1,-1
221,288,661,189,95,63,1,-1,-1,-1
221,300,1284,462,449,316,1,-1,-1,-1
222,260,443,222,149,119,1,-1,-1,-1
222,273,897,247,298,219,1,-1,-1,-1
222,278,240,124,45,42,1,-1,-1,-1
222,287,405,152,63,47,1,-1,-1,-1
222,288,653,187,94,62,1,-1,-1,-1
222,300,1294,463,454,322,1,-1,-1,-1
223,260,450,224,151,123,1,-1,-1,-1
223,273,903,246,296,221,1,-1,-1,-1
223,278,242,125,46,42,1,-1,-1,-1
223,287,400,151,62,47,1,-1,-1,-1
223,288,645,186,92,61,1,-1,-1,-1
223,300,1305,465,460,329,1,-1,-1,-1
224,260,454,223,153,129,1,-1,-1,-1
224,273,906,246,299,223,1,-1,-1,-1
224,278,243,125,46,42,1,-1,-1,-1
224,287,396,150,62,47,1,-1,-1,-1
224,288,637,184,91,60,1,-1,-1,-1
224,300,1316,466,465,335,1,-1,-1,-1
225,260,463,226,157,130,1,-1,-1,-1
225,273,908,245,306,227,1,-1,-1,-1
225,278,245,126,47,42,1,-1,-1,-1
225,287,392,149,61,46,1,-1,-1,-1
225,288,628,183,90,60,1,-1,-1,-1
225,300,1327,468,471,342,1,-1,-1,-1
226,260,471,229,162,130,1,-1,-1,-1
226,273,910,247,314,229,1,-1,-1,-1
226,278,246,127,47,43,1,-1,-1,-1
226,287,387,147,61,46,1,-1,-1,-1
226,288,620,181,89,59,1,-1,-1,-1
226,300,1337,470,477,348,1,-1,-1,-1
227,260,480,232,166,131,1,-1,-1,-1
227,273,912,247,319,231,1,-1,-1,-1
227,278,247,128,47,43,1,-1,-1,-1
227,287,383,146,60,46,1,-1,-1,-1
227,288,612,180,87,58,1,-1,-1,-1
227,300,1348,471,482,355,1,-1,-1,-1
228,260,483,236,176,131,1,-1,-1,-1
228,272,1317,402,316,161,1,-1,-1,-1
228,273,914,246,322,232,1,-1,-1,-1
228,278,249,129,48,43,1,-1,-1,-1
228,287,379,145,60,46,1,-1,-1,-1
228,288,604,178,86,57,1,-1,-1,-1
228,300,1359,473,488,361,1,-1,-1,-1
229,260,490,240,180,130,1,-1,-1,-1
229,272,1322,403,317,161,1,-1,-1,-1
229,273,917,247,323,232,1,-1,-1,-1
229,278,250,129,48,43,1,-1,-1,-1
229,287,375,144,60,45,1,-1,-1,-1
229,288,595,177,85,57,1,-1,-1,-1
229,300,1367,477,493,360,1,-1,-1,-1
230,260,512,245,166,128,1,-1,-1,-1
230,272,1333,406,321,163,1,-1,-1,-1
230,273,922,250,322,231,1,-1,-1,-1
230,278,252,130,49,43,1,-1,-1,-1
230,287,371,143,59,45,1,-1,-1,-1
230,288,587,175,83,56,1,-1,-1,-1
230,300,1364,480,506,359,1,-1,-1,-1
231,260,521,247,163,129,1,-1,-1,-1
231,272,1344,408,324,165,1,-1,-1,-1
231,273,926,251,321,230,1,-1,-1,-1
231,278,253,131,49,43,1,-1,-1,-1
231,287,366,141,59,45,1,-1,-1,-1
231,288,579,174,82,55,1,-1,-1,-1
231,300,1373,483,524,356,1,-1,-1,-1
232,260,530,251,171,131,1,-1,-1,-1
232,273,932,252,319,230,1,-1,-1,-1
232,278,255,132,49,43,1,-1,-1,-1
232,287,362,140,58,44,1,-1,-1,-1
232,288,572,173,81,54,1,-1,-1,-1
232,300,1379,487,531,355,1,-1,-1,-1
233,260,539,256,178,134,1,-1,-1,-1
233,273,934,252,320,230,1,-1,-1,-1
233,278,257,132,49,43,1,-1,-1,-1
233,287,358,139,58,44,1,-1,-1,-1
233,288,565,171,80,54,1,-1,-1,-1
233,300,1389,491,531,354,1,-1,-1,-1
234,260,547,260,186,136,1,-1,-1,-1
234,272,1378,416,335,172,1,-1,-1,-1
234,273,935,254,321,229,1,-1,-1,-1
234,278,259,133,49,43,1,-1,-1,-1
234,287,355,138,58,44,1,-1,-1,-1
234,288,559,170,79,53,1,-1,-1,-1
234,300,1399,497,521,354,1,-1,-1,-1
235,260,556,264,194,138,1,-1,-1,-1
235,272,1389,418,339,174,1,-1,-1,-1
235,273,936,256,325,228,1,-1,-1,-1
235,278,261,134,49,43,1,-1,-1,-1
235,287,351,137,57,43,1,-1,-1,-1
235,288,552,168,78,53,1,-1,-1,-1
235,300,1435,502,485,337,1,-1,-1,-1
236,260,565,269,201,141,1,-1,-1,-1
236,272,1401,421,342,177,1,-1,-1,-1
236,273,936,258,328,227,1,-1,-1,-1
236,278,264,135,50,43,1,-1,-1,-1
236,287,348,136,57,43,1,-1,-1,-1
236,288,545,167,78,52,1,-1,-1,-1
236,300,1439,507,481,339,1,-1,-1,-1
237,260,574,273,209,143,1,-1,-1,-1
237,272,1412,423,346,179,1,-1,-1,-1
237,273,938,259,329,227,1,-1,-1,-1
237,278,266,135,50,43,1,-1,-1,-1
237,287,344,135,57,43,1,-1,-1,-1
237,288,538,165,77,52,1,-1,-1,-1
237,300,1450,510,470,341,1,-1,-1,-1
238,260,582,277,217,145,1,-1,-1,-1
238,272,1423,426,350,181,1,-1,-1,-1
238,273,950,251,326,232,1,-1,-1,-1
238,278,268,136,50,43,1,-1,-1,-1
238,287,341,134,56,42,1,-1,-1,-1
238,288,532,164,76,51,1,-1,-1,-1
238,300,1460,512,460,344,1,-1,-1,-1
239,260,591,282,224,148,1,-1,-1,-1
239,272,1434,428,353,183,1,-1,-1,-1
239,273,951,250,326,235,1,-1,-1,-1
239,278,270,137,50,43,1,-1,-1,-1
239,287,337,133,56,42,1,-1,-1,-1
239,288,525,162,75,51,1,-1,-1,-1
239,300,1471,515,449,346,1,-1,-1,-1
240,260,600,286,232,150,1,-1,-1,-1
240,272,1446,431,357,186,1,-1,-1,-1
240,273,951,250,327,237,1,-1,-1,-1
240,278,272,137,50,43,1,-1,-1,-1
240,287,334,132,55,41,1,-1,-1,-1
240,288,518,161,74,50,1,-1,-1,-1
240,300,1482,517,438,348,1,-1,-1,-1
241,260,611,288,237,154,1,-1,-1,-1
241,272,1457,433,360,188,1,-1,-1,-1
241,273,952,251,327,237,1,-1,-1,-1
241,278,274,138,50,43,1,-1,-1,-1
241,287,330,131,55,41,1,-1,-1,-1
241,288,513,160,73,50,1,-1,-1,-1
241,300,1492,520,428,351,1,-1,-1,-1
242,260,623,291,241,157,1,-1,-1,-1
242,272,1468,436,364,190,1,-1,-1,-1
242,273,954,251,326,239,1,-1,-1,-1
242,278,275,138,51,43,1,-1,-1,-1
242,287,327,130,55,41,1,-1,-1,-1
242,288,508,158,72,50,1,-1,-1,-1
242,300,1503,522,417,353,1,-1,-1,-1
243,260,634,293,246,161,1,-1,-1,-1
243,272,1478,438,367,191,1,-1,-1,-1
243,273,956,251,325,241,1,-1,-1,-1
243,278,277,139,53,44,1,-1,-1,-1
243,287,323,129,54,40,1,-1,-1,-1
243,288,502,157,71,49,1,-1,-1,-1
244,260,645,295,250,165,1,-1,-1,-1
244,272,1488,441,369,193,1,-1,-1,-1
244,273,959,251,323,242,1,-1,-1,-1
244,278,278,139,54,44,1,-1,-1,-1
244,287,320,128,54,40,1,-1,-1,-1
244,288,497,156,70,49,1,-1,-1,-1
245,260,657,298,255,168,1,-1,-1,-1
245,272,1498,443,372,194,1,-1,-1,-1
245,273,962,252,323,242,1,-1,-1,-1
245,278,280,140,56,45,1,-1,-1,-1
245,288,492,155,69,49,1,-1,-1,-1
246,260,668,300,259,172,1,-1,-1,-1
246,272,1508,446,374,196,1,-1,-1,-1
246,273,965,253,322,242,1,-1,-1,-1
246,278,281,140,57,45,1,-1,-1,-1
246,288,487,153,68,49,1,-1,-1,-1
247,260,678,307,273,173,1,-1,-1,-1
247,272,1518,448,377,197,1,-1,-1,-1
247,273,968,254,323,240,1,-1,-1,-1
247,278,284,141,57,45,1,-1,-1,-1
247,288,482,152,67,49,1,-1,-1,-1
248,260,688,314,286,173,1,-1,-1,-1
248,272,1528,451,379,199,1,-1,-1,-1
248,273,970,254,326,241,1,-1,-1,-1
248,278,287,141,57,45,1,-1,-1,-1
248,288,476,151,66,48,1,-1,-1,-1
249,260,701,317,290,172,1,-1,-1,-1
249,272,1538,453,382,200,1,-1,-1,-1
249,273,972,255,327,241,1,-1,-1,-1
249,278,289,142,58,46,1,-1,-1,-1
249,288,471,149,65,48,1,-1,-1,-1
250,260,715,319,295,173,1,-1,-1,-1
250,272,1542,454,378,201,1,-1,-1,-1
250,273,975,254,330,243,1,-1,-1,-1
250,278,292,142,58,46,1,-1,-1,-1
250,288,466,148,64,48,1,-1,-1,-1
251,260,727,320,297,178,1,-1,-1,-1
251,272,1547,454,373,202,1,-1,-1,-1
251,273,977,254,333,245,1,-1,-1,-1
251,278,295,143,58,46,1,-1,-1,-1
251,288,462,147,64,48,1,-1,-1,-1
252,260,761,321,284,187,1,-1,-1,-1
252,272,1551,455,369,204,1,-1,-1,-1
252,273,977,254,338,246,1,-1,-1,-1
252,278,297,143,60,47,1,-1,-1,-1
252,288,457,146,63,47,1,-1,-1,-1
253,260,770,321,296,193,1,-1,-1,-1
253,272,1555,456,365,205,1,-1,-1,-1
253,273,976,254,341,246,1,-1,-1,-1
253,278,300,143,63,48,1,-1,-1,-1
253,288,453,145,63,47,1,-1,-1,-1
254,260,784,325,303,198,1,-1,-1,-1
254,272,1560,456,360,206,1,-1,-1,-1
254,273,983,255,338,246,1,-1,-1,-1
254,278,302,144,65,48,1,-1,-1,-1
254,288,449,144,62,46,1,-1,-1,-1
255,260,791,331,315,202,1,-1,-1,-1
255,272,1564,457,356,207,1,-1,-1,-1
255,273,990,256,334,245,1,-1,-1,-1
255,278,305,144,68,49,1,-1,-1,-1
255,288,445,143,62,46,1,-1,-1,-1
256,260,816,335,318,206,1,-1,-1,-1
256,272,1564,457,356,207,1,-1,-1,-1
256,273,996,256,331,245,1,-1,-1,-1
256,278,307,144,70,50,1,-1,-1,-1
256,288,440,142,61,46,1,-1,-1,-1
257,260,827,337,329,215,1,-1,-1,-1
257,272,1564,457,356,207,1,-1,-1,-1
257,273,1003,257,328,245,1,-1,-1,-1
257,278,311,144,73,50,1,-1,-1,-1
257,288,436,141,61,45,1,-1,-1,-1
258,260,834,340,344,221,1,-1,-1,-1
258,272,1564,457,356,207,1,-1,-1,-1
258,273,1010,258,324,244,1,-1,-1,-1
258,278,316,144,76,50,1,-1,-1,-1
258,288,432,140,60,45,1,-1,-1,-1
259,260,840,345,362,221,1,-1,-1,-1
259,272,1564,457,356,207,1,-1,-1,-1
259,273,1017,259,321,244,1,-1,-1,-1
259,278,320,145,79,49,1,-1,-1,-1
259,288,427,139,60,44,1,-1,-1,-1
260,260,860,346,372,217,1,-1,-1,-1
260,272,1564,457,356,208,1,-1,-1,-1
260,273,1024,260,317,243,1,-1,-1,-1
260,278,325,145,82,49,1,-1,-1,-1
260,288,423,138,59,44,1,-1,-1,-1
261,260,872,347,371,221,1,-1,-1,-1
261,272,1564,457,356,208,1,-1,-1,-1
261,273,1031,261,314,243,1,-1,-1,-1
261,278,329,145,85,49,1,-1,-1,-1
261,288,420,137,58,44,1,-1,-1,-1
262,260,887,362,376,223,1,-1,-1,-1
262,272,1564,457,356,208,1,-1,-1,-1
262,273,1037,261,311,243,1,-1,-1,-1
262,278,336,145,87,49,1,-1,-1,-1
262,288,416,136,58,43,1,-1,-1,-1
263,260,895,363,389,232,1,-1,-1,-1
263,272,1564,457,356,208,1,-1,-1,-1
263,273,1044,262,307,242,1,-1,-1,-1
263,278,343,146,89,49,1,-1,-1,-1
263,288,413,136,57,43,1,-1,-1,-1
264,260,901,366,396,238,1,-1,-1,-1
264,272,1564,456,356,208,1,-1,-1,-1
264,273,1051,263,304,242,1,-1,-1,-1
264,278,349,146,91,49,1,-1,-1,-1
264,288,409,135,56,42,1,-1,-1,-1
265,260,930,368,407,245,1,-1,-1,-1
265,272,1564,456,356,208,1,-1,-1,-1
265,278,356,146,93,49,1,-1,-1,-1
265,281,233,120,43,41,1,-1,-1,-1
266,260,943,369,415,251,1,-1,-1,-1
266,272,1564,456,356,208,1,-1,-1,-1
266,278,363,147,95,50,1,-1,-1,-1
266,281,234,121,44,41,1,-1,-1,-1
267,260,952,370,427,254,1,-1,-1,-1
267,262,1684,372,236,141,1,-1,-1,-1
267,272,1564,456,356,208,1,-1,-1,-1
267,278,370,147,97,50,1,-1,-1,-1
267,281,235,122,45,41,1,-1,-1,-1
268,260,970,381,426,252,1,-1,-1,-1
268,262,1640,362,280,145,1,-1,-1,-1
268,272,1564,456,356,208,1,-1,-1,-1
268,278,377,147,99,50,1,-1,-1,-1
268,281,237,123,45,41,1,-1,-1,-1
269,260,987,387,428,253,1,-1,-1,-1
269,262,1602,355,301,144,1,-1,-1,-1
269,272,1564,456,356,209,1,-1,-1,-1
269,278,383,147,101,50,1,-1,-1,-1
269,281,238,124,46,41,1,-1,-1,-1
270,260,1005,393,430,253,1,-1,-1,-1
270,262,1567,350,292,139,1,-1,-1,-1
270,272,1564,456,356,209,1,-1,-1,-1
270,273,1077,268,311,242,1,-1,-1,-1
270,278,390,148,103,50,1,-1,-1,-1
270,281,239,126,47,42,1,-1,-1,-1
271,260,1022,398,432,254,1,-1,-1,-1
271,262,1532,346,282,135,1,-1,-1,-1
271,272,1564,456,356,209,1,-1,-1,-1
271,273,1081,269,313,241,1,-1,-1,-1
271,278,397,148,105,50,1,-1,-1,-1
271,281,240,127,48,42,1,-1,-1,-1
271,288,385,129,52,39,1,-1,-1,-1
272,260,1040,404,434,254,1,-1,-1,-1
272,262,1497,341,273,130,1,-1,-1,-1
272,272,1564,456,356,209,1,-1,-1,-1
272,273,1085,270,314,241,1,-1,-1,-1
272,278,404,149,106,50,1,-1,-1,-1
272,281,241,128,49,42,1,-1,-1,-1
273,260,1057,410,436,255,1,-1,-1,-1
273,262,1464,336,267,128,1,-1,-1,-1
273,272,1565,456,355,209,1,-1,-1,-1
273,273,1090,271,315,241,1,-1,-1,-1
273,278,412,149,106,49,1,-1,-1,-1
273,281,243,129,49,42,1,-1,-1,-1
274,260,1068,412,450,260,1,-1,-1,-1
274,262,1432,331,261,126,1,-1,-1,-1
274,272,1565,456,355,209,1,-1,-1,-1
274,273,1094,271,316,241,1,-1,-1,-1
274,278,419,150,107,49,1,-1,-1,-1
274,281,244,130,50,42,1,-1,-1,-1
275,260,1078,414,464,266,1,-1,-1,-1
275,262,1399,325,254,124,1,-1,-1,-1
275,272,1565,456,355,209,1,-1,-1,-1
275,273,1098,272,318,241,1,-1,-1,-1
275,278,426,150,107,48,1,-1,-1,-1
275,281,245,131,51,42,1,-1,-1,-1
276,260,1089,415,477,271,1,-1,-1,-1
276,262,1366,320,248,122,1,-1,-1,-1
276,272,1565,456,355,209,1,-1,-1,-1
276,273,1103,273,319,241,1,-1,-1,-1
276,278,434,151,108,48,1,-1,-1,-1
276,281,248,132,52,42,1,-1,-1,-1
277,260,1099,417,491,277,1,-1,-1,-1
277,262,1323,314,257,117,1,-1,-1,-1
277,272,1565,456,355,210,1,-1,-1,-1
277,273,1107,274,320,241,1,-1,-1,-1
277,278,441,151,109,48,1,-1,-1,-1
277,281,251,133,52,43,1,-1,-1,-1
278,260,1110,419,505,282,1,-1,-1,-1
278,272,1565,456,355,210,1,-1,-1,-1
278,273,1108,274,325,243,1,-1,-1,-1
278,278,448,152,109,47,1,-1,-1,-1
278,281,254,134,53,43,1,-1,-1,-1
279,260,1127,424,508,284,1,-1,-1,-1
279,272,1565,456,355,210,1,-1,-1,-1
279,273,1110,274,330,246,1,-1,-1,-1
279,278,455,152,110,47,1,-1,-1,-1
279,281,257,136,54,44,1,-1,-1,-1
280,260,1144,429,513,286,1,-1,-1,-1
280,272,1565,456,355,210,1,-1,-1,-1
280,273,1111,274,334,248,1,-1,-1,-1
280,278,463,153,110,46,1,-1,-1,-1
280,281,260,137,54,44,1,-1,-1,-1
281,260,1161,435,516,287,1,-1,-1,-1
281,272,1565,456,355,210,1,-1,-1,-1
281,273,1113,274,339,250,1,-1,-1,-1
281,278,470,153,111,46,1,-1,-1,-1
281,281,263,138,55,45,1,-1,-1,-1
282,260,1176,440,519,289,1,-1,-1,-1
282,272,1565,455,355,210,1,-1,-1,-1
282,273,1114,274,344,253,1,-1,-1,-1
282,278,477,153,111,46,1,-1,-1,-1
282,281,266,139,56,45,1,-1,-1,-1
283,260,1180,442,534,294,1,-1,-1,-1
283,272,1565,455,355,210,1,-1,-1,-1
283,273,1115,274,349,255,1,-1,-1,-1
283,278,484,152,111,46,1,-1,-1,-1
283,281,269,140,57,46,1,-1,-1,-1
284,260,1192,444,541,301,1,-1,-1,-1
284,272,1565,455,355,210,1,-1,-1,-1
284,273,1117,273,353,257,1,-1,-1,-1
284,278,492,152,110,47,1,-1,-1,-1
284,281,272,141,57,46,1,-1,-1,-1
285,260,1205,446,547,308,1,-1,-1,-1
285,273,1118,273,358,259,1,-1,-1,-1
285,278,499,151,110,47,1,-1,-1,-1
285,281,275,143,58,47,1,-1,-1,-1
286,260,1217,449,554,315,1,-1,-1,-1
286,273,1119,273,363,262,1,-1,-1,-1
286,278,506,151,110,47,1,-1,-1,-1
286,281,278,144,59,47,1,-1,-1,-1
287,260,1229,451,560,322,1,-1,-1,-1
287,273,1121,273,368,264,1,-1,-1,-1
287,278,513,150,110,47,1,-1,-1,-1
287,281,281,145,59,48,1,-1,-1,-1
288,260,1242,453,567,329,1,-1,-1,-1
288,273,1122,273,372,266,1,-1,-1,-1
288,278,520,150,110,47,1,-1,-1,-1
288,281,284,146,60,48,1,-1,-1,-1
289,260,1254,455,573,336,1,-1,-1,-1
289,273,1124,273,377,269,1,-1,-1,-1
289,278,528,149,109,48,1,-1,-1,-1
289,281,288,147,61,48,1,-1,-1,-1
290,260,1273,457,578,334,1,-1,-1,-1
290,262,1028,259,188,103,1,-1,-1,-1
290,273,1125,273,382,271,1,-1,-1,-1
290,278,535,149,109,48,1,-1,-1,-1
290,281,292,148,61,49,1,-1,-1,-1
291,260,1284,460,592,334,1,-1,-1,-1
291,262,1005,255,183,102,1,-1,-1,-1
291,273,1127,271,382,277,1,-1,-1,-1
291,278,542,148,109,48,1,-1,-1,-1
291,281,296,150,62,49,1,-1,-1,-1
292,260,1301,466,588,335,1,-1,-1,-1
292,262,995,254,183,100,1,-1,-1,-1
292,273,1129,271,381,281,1,-1,-1,-1
292,278,550,148,109,48,1,-1,-1,-1
292,281,299,151,62,49,1,-1,-1,-1
293,260,1319,471,584,337,1,-1,-1,-1
293,262,969,246,180,103,1,-1,-1,-1
293,273,1130,270,383,284,1,-1,-1,-1
293,278,558,148,109,48,1,-1,-1,-1
293,281,303,152,63,49,1,-1,-1,-1
294,260,1336,477,580,338,1,-1,-1,-1
294,262,960,244,177,103,1,-1,-1,-1
294,273,1130,271,385,284,1,-1,-1,-1
294,278,565,148,109,48,1,-1,-1,-1
294,281,307,153,64,50,1,-1,-1,-1
295,260,1351,481,569,343,1,-1,-1,-1
295,262,944,241,173,103,1,-1,-1,-1
295,273,1128,272,387,286,1,-1,-1,-1
295,278,573,149,110,48,1,-1,-1,-1
295,281,311,154,64,50,1,-1,-1,-1
296,260,1362,485,558,348,1,-1,-1,-1
296,262,927,237,169,103,1,-1,-1,-1
296,273,1129,274,388,286,1,-1,-1,-1
296,278,581,149,110,47,1,-1,-1,-1
296,281,315,155,65,50,1,-1,-1,-1
297,260,1374,488,546,352,1,-1,-1,-1
297,262,912,237,167,101,1,-1,-1,-1
297,273,1131,274,389,287,1,-1,-1,-1
297,278,589,149,110,47,1,-1,-1,-1
297,281,319,157,65,50,1,-1,-1,-1
298,260,1385,492,535,357,1,-1,-1,-1
298,262,896,236,165,99,1,-1,-1,-1
298,273,1132,274,390,287,1,-1,-1,-1
298,278,596,149,110,47,1,-1,-1,-1
298,281,322,158,66,51,1,-1,-1,-1
299,260,1402,494,518,362,1,-1,-1,-1
299,262,883,229,169,97,1,-1,-1,-1
299,273,1134,274,391,288,1,-1,-1,-1
299,278,604,149,110,47,1,-1,-1,-1
299,281,326,159,66,51,1,-1,-1,-1
300,260,1411,500,509,366,1,-1,-1,-1
300,262,863,229,163,96,1,-1,-1,-1
300,273,1136,275,392,289,1,-1,-1,-1
300,281,330,160,67,51,1,-1,-1,-1
301,260,1430,506,490,362,1,-1,-1,-1
301,262,853,226,160,95,1,-1,-1,-1
301,273,1137,275,392,289,1,-1,-1,-1
301,281,334,162,68,52,1,-1,-1,-1
302,262,834,223,161,94,1,-1,-1,-1
302,273,1139,275,393,290,1,-1,-1,-1
302,281,338,163,69,53,1,-1,-1,-1
303,262,828,219,152,95,1,-1,-1,-1
303,273,1140,275,394,291,1,-1,-1,-1
303,281,342,165,70,54,1,-1,-1,-1
304,262,820,215,147,96,1,-1,-1,-1
304,273,1142,275,395,292,1,-1,-1,-1
304,281,346,167,71,54,1,-1,-1,-1
305,262,800,213,151,98,1,-1,-1,-1
305,273,1144,275,396,292,1,-1,-1,-1
305,281,350,168,72,55,1,-1,-1,-1
306,262,795,211,142,98,1,-1,-1,-1
306,273,1145,275,397,293,1,-1,-1,-1
306,281,354,170,73,56,1,-1,-1,-1
307,262,786,211,142,94,1,-1,-1,-1
307,273,1147,275,398,294,1,-1,-1,-1
307,281,359,172,73,57,1,-1,-1,-1
308,262,770,208,141,91,1,-1,-1,-1
308,273,1149,276,399,294,1,-1,-1,-1
308,281,363,174,74,58,1,-1,-1,-1
309,262,760,207,139,91,1,-1,-1,-1
309,273,1150,276,399,295,1,-1,-1,-1
309,281,367,175,75,59,1,-1,-1,-1
310,262,752,202,136,94,1,-1,-1,-1
310,273,1152,276,400,296,1,-1,-1,-1
310,281,371,177,76,59,1,-1,-1,-1
311,262,733,202,143,90,1,-1,-1,-1
311,273,1153,276,401,296,1,-1,-1,-1
311,281,375,179,77,60,1,-1,-1,-1
312,262,730,196,134,89,1,-1,-1,-1
312,273,1155,276,402,297,1,-1,-1,-1
312,281,379,180,78,61,1,-1,-1,-1
313,262,722,196,130,87,1,-1,-1,-1
313,273,1156,276,402,296,1,-1,-1,-1
313,281,383,182,79,62,1,-1,-1,-1
314,262,714,195,127,85,1,-1,-1,-1
314,273,1158,277,402,296,1,-1,-1,-1
314,281,388,184,80,63,1,-1,-1,-1
315,262,707,194,124,83,1,-1,-1,-1
315,273,1160,278,402,295,1,-1,-1,-1
315,281,393,186,81,64,1,-1,-1,-1
316,262,699,193,122,81,1,-1,-1,-1
316,273,1161,279,403,294,1,-1,-1,-1
316,281,397,188,82,65,1,-1,-1,-1
317,262,691,192,119,79,1,-1,-1,-1
317,273,1162,278,404,297,1,-1,-1,-1
317,281,402,190,83,66,1,-1,-1,-1
318,262,683,191,116,77,1,-1,-1,-1
318,273,1163,276,406,298,1,-1,-1,-1
318,281,407,192,84,67,1,-1,-1,-1
319,262,676,190,113,74,1,-1,-1,-1
319,273,1164,276,408,300,1,-1,-1,-1
319,281,412,195,84,68,1,-1,-1,-1
320,262,668,189,110,72,1,-1,-1,-1
320,273,1169,276,408,301,1,-1,-1,-1
320,281,417,197,85,69,1,-1,-1,-1
321,262,660,188,107,70,1,-1,-1,-1
321,273,1173,276,413,300,1,-1,-1,-1
321,281,422,199,86,70,1,-1,-1,-1
322,262,652,187,105,68,1,-1,-1,-1
322,273,1175,278,421,303,1,-1,-1,-1
322,281,426,201,87,71,1,-1,-1,-1
323,262,645,186,102,66,1,-1,-1,-1
323,273,1181,281,424,303,1,-1,-1,-1
323,281,431,203,88,72,1,-1,-1,-1
324,262,637,185,99,64,1,-1,-1,-1
324,273,1186,283,427,302,1,-1,-1,-1
324,281,436,205,89,73,1,-1,-1,-1
325,262,631,184,97,63,1,-1,-1,-1
325,273,1192,286,430,302,1,-1,-1,-1
325,281,441,207,92,75,1,-1,-1,-1
326,262,624,183,96,62,1,-1,-1,-1
326,273,1197,288,433,301,1,-1,-1,-1
326,281,446,209,94,77,1,-1,-1,-1
327,262,618,182,94,62,1,-1,-1,-1
327,273,1203,291,436,301,1,-1,-1,-1
327,281,451,211,97,79,1,-1,-1,-1
328,262,611,181,93,61,1,-1,-1,-1
328,273,1208,293,439,300,1,-1,-1,-1
328,281,456,213,100,81,1,-1,-1,-1
329,262,605,180,91,60,1,-1,-1,-1
329,273,1214,296,442,300,1,-1,-1,-1
329,281,461,215,102,83,1,-1,-1,-1
330,262,598,178,89,59,1,-1,-1,-1
330,273,1223,297,451,301,1,-1,-1,-1
330,281,465,218,105,85,1,-1,-1,-1
331,262,592,177,88,58,1,-1,-1,-1
331,273,1238,297,448,303,1,-1,-1,-1
331,281,470,220,107,87,1,-1,-1,-1
332,262,585,176,86,58,1,-1,-1,-1
332,273,1253,297,446,306,1,-1,-1,-1
332,281,475,222,110,89,1,-1,-1,-1
333,262,579,175,85,57,1,-1,-1,-1
333,273,1268,297,443,308,1,-1,-1,-1
333,281,480,224,113,91,1,-1,-1,-1
334,262,572,174,83,56,1,-1,-1,-1
334,273,1283,297,441,311,1,-1,-1,-1
334,281,485,226,115,93,1,-1,-1,-1
335,262,566,173,83,56,1,-1,-1,-1
335,273,1297,296,438,313,1,-1,-1,-1
335,281,490,228,118,95,1,-1,-1,-1
336,262,560,171,82,56,1,-1,-1,-1
336,273,1312,296,436,316,1,-1,-1,-1
336,281,502,232,116,102,1,-1,-1,-1
337,262,555,170,82,55,1,-1,-1,-1
337,273,1327,296,433,318,1,-1,-1,-1
337,281,508,233,118,103,1,-1,-1,-1
337,308,1701,379,219,136,1,-1,-1,-1
338,262,549,168,81,55,1,-1,-1,-1
338,273,1342,296,431,321,1,-1,-1,-1
338,281,515,235,122,106,1,-1,-1,-1
338,308,1668,369,252,141,1,-1,-1,-1
339,262,543,167,81,55,1,-1,-1,-1
339,273,1357,296,428,323,1,-1,-1,-1
339,281,522,239,125,107,1,-1,-1,-1
340,262,537,165,81,55,1,-1,-1,-1
340,273,1367,298,433,325,1,-1,-1,-1
340,281,529,244,128,108,1,-1,-1,-1
341,262,531,164,80,55,1,-1,-1,-1
341,273,1377,300,437,328,1,-1,-1,-1
341,281,536,248,130,109,1,-1,-1,-1
342,262,526,162,80,54,1,-1,-1,-1
342,273,1386,301,442,330,1,-1,-1,-1
342,281,543,253,133,110,1,-1,-1,-1
343,262,520,161,79,54,1,-1,-1,-1
343,273,1396,303,446,333,1,-1,-1,-1
343,281,550,257,136,111,1,-1,-1,-1
344,262,514,159,79,54,1,-1,-1,-1
344,273,1406,305,451,335,1,-1,-1,-1
344,281,561,262,141,111,1,-1,-1,-1
345,262,510,158,78,54,1,-1,-1,-1
345,273,1416,307,455,338,1,-1,-1,-1
345,281,573,268,145,111,1,-1,-1,-1
346,262,505,157,77,53,1,-1,-1,-1
346,273,1425,308,460,340,1,-1,-1,-1
346,281,584,273,150,111,1,-1,-1,-1
347,262,501,156,76,53,1,-1,-1,-1
347,273,1435,310,464,343,1,-1,-1,-1
347,281,595,278,154,111,1,-1,-1,-1
348,262,497,155,75,52,1,-1,-1,-1
348,273,1445,312,469,345,1,-1,-1,-1
348,281,599,283,165,111,1,-1,-1,-1
349,262,493,154,74,52,1,-1,-1,-1
349,273,1451,315,469,339,1,-1,-1,-1
349,281,605,287,172,113,1,-1,-1,-1
349,308,1325,313,224,112,1,-1,-1,-1
350,262,488,153,72,52,1,-1,-1,-1
350,273,1456,315,464,341,1,-1,-1,-1
350,281,630,290,163,119,1,-1,-1,-1
350,308,1299,307,217,114,1,-1,-1,-1
351,262,484,152,71,51,1,-1,-1,-1
351,273,1460,315,460,343,1,-1,-1,-1
351,281,639,294,170,123,1,-1,-1,-1
351,308,1264,300,242,122,1,-1,-1,-1
352,262,480,151,70,51,1,-1,-1,-1
352,273,1465,316,455,345,1,-1,-1,-1
352,281,647,299,177,128,1,-1,-1,-1
352,308,1243,296,237,121,1,-1,-1,-1
353,262,475,150,69,50,1,-1,-1,-1
353,273,1470,316,450,347,1,-1,-1,-1
353,281,656,303,184,132,1,-1,-1,-1
353,308,1222,292,232,119,1,-1,-1,-1
354,262,471,149,68,50,1,-1,-1,-1
354,273,1474,316,446,349,1,-1,-1,-1
354,281,664,307,191,136,1,-1,-1,-1
354,308,1201,288,226,118,1,-1,-1,-1
355,262,467,148,68,50,1,-1,-1,-1
355,273,1479,316,441,351,1,-1,-1,-1
355,281,671,311,194,140,1,-1,-1,-1
355,308,1180,285,221,117,1,-1,-1,-1
356,262,463,148,68,49,1,-1,-1,-1
356,273,1484,317,436,353,1,-1,-1,-1
356,281,686,316,202,142,1,-1,-1,-1
356,308,1159,281,216,115,1,-1,-1,-1
357,262,459,147,68,49,1,-1,-1,-1
357,273,1488,317,432,355,1,-1,-1,-1
357,281,698,322,205,142,1,-1,-1,-1
357,308,1138,277,211,114,1,-1,-1,-1
358,262,455,146,68,48,1,-1,-1,-1
358,273,1493,317,427,357,1,-1,-1,-1
358,281,710,328,209,142,1,-1,-1,-1
358,308,1117,273,205,112,1,-1,-1,-1
359,262,452,146,68,48,1,-1,-1,-1
359,273,1494,317,426,357,1,-1,-1,-1
359,281,721,334,212,142,1,-1,-1,-1
359,308,1096,269,200,111,1,-1,-1,-1
360,262,448,145,67,48,1,-1,-1,-1
360,273,1495,318,425,357,1,-1,-1,-1
360,281,733,340,215,142,1,-1,-1,-1
360,308,1079,265,194,109,1,-1,-1,-1
361,262,444,144,67,47,1,-1,-1,-1
361,273,1497,318,423,358,1,-1,-1,-1
361,281,748,340,235,152,1,-1,-1,-1
361,308,1061,260,188,106,1,-1,-1,-1
362,262,440,143,67,47,1,-1,-1,-1
362,273,1498,318,422,358,1,-1,-1,-1
362,281,763,345,228,153,1,-1,-1,-1
362,308,1037,260,188,102,1,-1,-1,-1
363,262,436,143,67,46,1,-1,-1,-1
363,273,1499,319,421,358,1,-1,-1,-1
363,281,777,353,233,153,1,-1,-1,-1
363,308,1019,258,186,100,1,-1,-1,-1
364,262,432,142,67,46,1,-1,-1,-1
364,273,1500,319,420,358,1,-1,-1,-1
364,281,791,360,238,152,1,-1,-1,-1
364,285,230,110,50,47,1,-1,-1,-1
364,308,1001,256,183,98,1,-1,-1,-1
365,262,429,141,66,46,1,-1,-1,-1
365,273,1502,319,418,359,1,-1,-1,-1
365,281,814,362,252,157,1,-1,-1,-1
365,285,231,111,51,47,1,-1,-1,-1
365,308,994,252,175,98,1,-1,-1,-1
366,262,426,140,65,46,1,-1,-1,-1
366,273,1503,320,417,359,1,-1,-1,-1
366,281,826,366,246,161,1,-1,-1,-1
366,285,232,112,51,48,1,-1,-1,-1
366,308,979,247,171,100,1,-1,-1,-1
367,262,424,139,65,46,1,-1,-1,-1
367,273,1504,320,416,359,1,-1,-1,-1
367,281,839,371,258,165,1,-1,-1,-1
367,285,233,112,52,48,1,-1,-1,-1
367,302,1359,227,329,221,1,-1,-1,-1
367,308,963,241,167,102,1,-1,-1,-1
368,262,421,138,64,46,1,-1,-1,-1
368,273,1505,320,415,359,1,-1,-1,-1
368,281,852,377,270,169,1,-1,-1,-1
368,285,234,113,53,48,1,-1,-1,-1
368,302,1337,225,322,217,1,-1,-1,-1
368,308,938,239,169,100,1,-1,-1,-1
369,262,418,137,63,46,1,-1,-1,-1
369,273,1506,321,414,359,1,-1,-1,-1
369,281,865,382,281,172,1,-1,-1,-1
369,285,236,114,53,49,1,-1,-1,-1
369,302,1314,223,315,212,1,-1,-1,-1
369,308,932,236,160,101,1,-1,-1,-1
370,262,415,136,62,46,1,-1,-1,-1
370,273,1507,321,413,359,1,-1,-1,-1
370,281,878,387,293,176,1,-1,-1,-1
370,285,237,115,54,49,1,-1,-1,-1
370,302,1292,220,308,208,1,-1,-1,-1
370,308,918,234,157,99,1,-1,-1,-1
371,262,412,135,61,46,1,-1,-1,-1
371,273,1508,321,412,359,1,-1,-1,-1
371,281,901,391,306,179,1,-1,-1,-1
371,285,238,115,55,49,1,-1,-1,-1
371,302,1269,218,301,203,1,-1,-1,-1
371,308,905,232,154,98,1,-1,-1,-1
372,262,410,134,61,46,1,-1,-1,-1
372,273,1509,321,411,359,1,-1,-1,-1
372,281,918,396,308,184,1,-1,-1,-1
372,285,239,116,55,50,1,-1,-1,-1
372,302,1247,216,294,199,1,-1,-1,-1
372,308,891,230,151,96,1,-1,-1,-1
373,262,407,133,60,46,1,-1,-1,-1
373,273,1510,322,410,359,1,-1,-1,-1
373,281,933,400,316,191,1,-1,-1,-1
373,285,240,117,56,50,1,-1,-1,-1
373,302,1228,213,289,197,1,-1,-1,-1
373,308,877,227,149,95,1,-1,-1,-1
374,262,404,132,59,46,1,-1,-1,-1
374,273,1511,322,409,359,1,-1,-1,-1
374,281,960,407,325,198,1,-1,-1,-1
374,285,242,118,57,51,1,-1,-1,-1
374,302,1209,211,284,195,1,-1,-1,-1
374,308,863,225,146,93,1,-1,-1,-1
375,262,402,132,58,46,1,-1,-1,-1
375,273,1512,322,408,359,1,-1,-1,-1
375,281,975,413,330,200,1,-1,-1,-1
375,285,244,118,57,51,1,-1,-1,-1
375,302,1190,208,279,193,1,-1,-1,-1
375,308,850,223,143,92,1,-1,-1,-1
376,262,399,131,58,45,1,-1,-1,-1
376,273,1513,322,407,359,1,-1,-1,-1
376,281,992,419,339,202,1,-1,-1,-1
376,285,246,119,58,52,1,-1,-1,-1
376,302,1171,206,275,191,1,-1,-1,-1
376,308,836,221,140,90,1,-1,-1,-1
377,262,397,131,57,45,1,-1,-1,-1
377,273,1514,323,406,359,1,-1,-1,-1
377,281,1019,422,353,206,1,-1,-1,-1
377,285,248,119,58,52,1,-1,-1,-1
377,302,1152,203,270,189,1,-1,-1,-1
377,308,825,219,136,87,1,-1,-1,-1
378,262,395,130,57,44,1,-1,-1,-1
378,273,1515,323,405,359,1,-1,-1,-1
378,281,1036,425,355,213,1,-1,-1,-1
378,285,251,120,59,53,1,-1,-1,-1
378,302,1133,201,265,187,1,-1,-1,-1
378,308,815,218,133,85,1,-1,-1,-1
379,262,393,130,56,44,1,-1,-1,-1
379,273,1516,323,404,359,1,-1,-1,-1
379,281,1047,445,377,205,1,-1,-1,-1
379,285,253,120,60,53,1,-1,-1,-1
379,302,1114,198,260,185,1,-1,-1,-1
379,308,804,216,129,82,1,-1,-1,-1
380,262,390,129,55,43,1,-1,-1,-1
380,273,1520,324,400,359,1,-1,-1,-1
380,281,1079,449,388,213,1,-1,-1,-1
380,285,255,121,60,54,1,-1,-1,-1
380,302,1100,196,256,183,1,-1,-1,-1
380,308,794,215,125,79,1,-1,-1,-1
381,262,388,129,55,43,1,-1,-1,-1
381,273,1523,325,397,360,1,-1,-1,-1
381,281,1101,452,382,222,1,-1,-1,-1
381,285,257,121,61,54,1,-1,-1,-1
381,302,1085,194,252,181,1,-1,-1,-1
381,308,783,213,121,76,1,-1,-1,-1
382,262,386,128,54,42,1,-1,-1,-1
382,273,1527,326,393,360,1,-1,-1,-1
382,281,1118,460,387,223,1,-1,-1,-1
382,285,259,122,61,55,1,-1,-1,-1
382,302,1071,192,248,179,1,-1,-1,-1
382,308,773,212,118,74,1,-1,-1,-1
383,262,383,128,54,42,1,-1,-1,-1
383,273,1530,327,390,361,1,-1,-1,-1
383,281,1151,466,397,233,1,-1,-1,-1
383,285,261,122,62,55,1,-1,-1,-1
383,302,1057,190,244,177,1,-1,-1,-1
383,308,762,210,114,71,1,-1,-1,-1
384,262,381,127,53,41,1,-1,-1,-1
384,273,1534,328,386,361,1,-1,-1,-1
384,281,1170,472,399,240,1,-1,-1,-1
384,285,263,123,63,55,1,-1,-1,-1
384,302,1043,189,240,175,1,-1,-1,-1
384,308,752,208,113,71,1,-1,-1,-1
385,262,379,126,52,41,1,-1,-1,-1
385,273,1537,329,383,362,1,-1,-1,-1
385,281,1191,478,418,243,1,-1,-1,-1
385,285,265,124,63,56,1,-1,-1,-1
385,302,1028,187,235,172,1,-1,-1,-1
385,308,742,206,111,70,1,-1,-1,-1
386,262,377,126,52,40,1,-1,-1,-1
386,273,1541,330,379,362,1,-1,-1,-1
386,281,1212,483,436,245,1,-1,-1,-1
386,285,268,125,64,56,1,-1,-1,-1
386,302,1014,185,231,170,1,-1,-1,-1
386,308,732,204,110,70,1,-1,-1,-1
387,262,375,125,51,40,1,-1,-1,-1
387,281,1231,495,446,253,1,-1,-1,-1
387,285,270,126,65,56,1,-1,-1,-1
387,302,1000,183,227,168,1,-1,-1,-1
387,308,722,201,109,70,1,-1,-1,-1
388,262,373,124,51,40,1,-1,-1,-1
388,281,1270,494,457,267,1,-1,-1,-1
388,285,272,127,65,56,1,-1,-1,-1
388,302,985,181,223,166,1,-1,-1,-1
388,308,712,199,108,70,1,-1,-1,-1
389,262,372,124,50,39,1,-1,-1,-1
389,281,1284,502,471,270,1,-1,-1,-1
389,285,274,128,66,57,1,-1,-1,-1
389,302,971,179,219,164,1,-1,-1,-1
389,308,702,197,106,69,1,-1,-1,-1
390,262,370,123,50,39,1,-1,-1,-1
390,281,1318,512,470,272,1,-1,-1,-1
390,285,276,128,67,57,1,-1,-1,-1
390,302,960,178,216,162,1,-1,-1,-1
390,308,692,195,105,69,1,-1,-1,-1
391,262,368,122,49,39,1,-1,-1,-1
391,281,1351,521,470,275,1,-1,-1,-1
391,285,278,129,67,57,1,-1,-1,-1
391,302,949,177,213,160,1,-1,-1,-1
391,308,684,194,104,68,1,-1,-1,-1
392,262,366,122,49,38,1,-1,-1,-1
392,281,1385,531,469,277,1,-1,-1,-1
392,282,248,122,49,44,1,-1,-1,-1
392,285,281,130,68,57,1,-1,-1,-1
392,302,939,176,210,158,1,-1,-1,-1
392,308,676,192,102,68,1,-1,-1,-1
393,262,364,121,48,38,1,-1,-1,-1
393,281,1418,540,469,280,1,-1,-1,-1
393,282,250,123,50,44,1,-1,-1,-1
393,285,283,131,69,58,1,-1,-1,-1
393,302,928,175,207,156,1,-1,-1,-1
393,308,669,191,101,67,1,-1,-1,-1
394,281,1452,550,468,282,1,-1,-1,-1
394,282,251,124,51,44,1,-1,-1,-1
394,285,285,132,69,58,1,-1,-1,-1
394,302,917,175,205,155,1,-1,-1,-1
394,308,661,189,99,67,1,-1,-1,-1
395,281,1480,559,440,289,1,-1,-1,-1
395,282,253,126,53,44,1,-1,-1,-1
395,285,287,133,70,58,1,-1,-1,-1
395,302,906,174,202,153,1,-1,-1,-1
395,308,653,188,98,66,1,-1,-1,-1
396,281,1508,567,412,295,1,-1,-1,-1
396,282,255,127,54,44,1,-1,-1,-1
396,285,290,134,70,58,1,-1,-1,-1
396,302,895,173,199,151,1,-1,-1,-1
396,308,645,187,97,65,1,-1,-1,-1
397,282,256,128,55,44,1,-1,-1,-1
397,285,293,135,71,59,1,-1,-1,-1
397,302,885,172,196,149,1,-1,-1,-1
397,308,637,185,95,65,1,-1,-1,-1
398,282,258,129,56,44,1,-1,-1,-1
398,285,296,136,71,59,1,-1,-1,-1
398,302,874,171,193,147,1,-1,-1,-1
398,308,630,184,94,64,1,-1,-1,-1
399,282,261,130,56,44,1,-1,-1,-1
399,285,300,137,72,59,1,-1,-1,-1
399,302,863,170,190,145,1,-1,-1,-1
399,308,622,182,92,64,1,-1,-1,-1
400,282,263,131,56,45,1,-1,-1,-1
400,285,303,138,72,60,1,-1,-1,-1
400,302,855,170,188,143,1,-1,-1,-1
400,308,614,181,91,63,1,-1,-1,-1
401,282,266,132,57,45,1,-1,-1,-1
401,285,306,139,73,60,1,-1,-1,-1
401,302,847,169,186,142,1,-1,-1,-1
401,308,608,180,90,62,1,-1,-1,-1
402,282,269,133,57,45,1,-1,-1,-1
402,285,309,140,73,60,1,-1,-1,-1
402,302,839,169,183,140,1,-1,-1,-1
402,308,602,179,89,61,1,-1,-1,-1
403,282,271,134,57,46,1,-1,-1,-1
403,285,312,141,74,61,1,-1,-1,-1
403,302,831,169,181,138,1,-1,-1,-1
403,308,595,178,89,61,1,-1,-1,-1
404,282,274,136,57,46,1,-1,-1,-1
404,285,315,142,74,61,1,-1,-1,-1
404,302,823,168,179,136,1,-1,-1,-1
404,303,1629,342,288,169,1,-1,-1,-1
404,308,589,177,88,60,1,-1,-1,-1
405,282,277,137,57,46,1,-1,-1,-1
405,285,318,143,75,61,1,-1,-1,-1
405,302,816,168,177,135,1,-1,-1,-1
405,303,1591,337,300,167,1,-1,-1,-1
405,308,583,176,87,59,1,-1,-1,-1
406,282,279,138,57,47,1,-1,-1,-1
406,285,321,144,75,62,1,-1,-1,-1
406,302,808,167,175,133,1,-1,-1,-1
406,303,1554,332,292,161,1,-1,-1,-1
406,308,577,174,86,58,1,-1,-1,-1
407,282,282,139,58,47,1,-1,-1,-1
407,285,325,145,76,62,1,-1,-1,-1
407,302,800,167,173,131,1,-1,-1,-1
407,303,1517,326,285,156,1,-1,-1,-1
407,308,571,173,85,57,1,-1,-1,-1
408,282,285,140,58,47,1,-1,-1,-1
408,285,328,146,76,62,1,-1,-1,-1
408,302,792,167,170,129,1,-1,-1,-1
408,303,1480,321,277,150,1,-1,-1,-1
408,308,564,172,85,57,1,-1,-1,-1
409,282,287,141,58,48,1,-1,-1,-1
409,285,331,147,77,63,1,-1,-1,-1
409,302,784,166,168,128,1,-1,-1,-1
409,303,1448,316,269,148,1,-1,-1,-1
409,308,558,171,84,56,1,-1,-1,-1
410,282,290,142,58,48,1,-1,-1,-1
410,285,334,148,77,63,1,-1,-1,-1
410,302,776,166,166,126,1,-1,-1,-1
410,303,1416,311,261,146,1,-1,-1,-1
410,308,552,170,83,55,1,-1,-1,-1
