221,242,567,796,93,72,1,-1,-1,-1
222,242,573,796,95,74,1,-1,-1,-1
223,242,579,795,96,76,1,-1,-1,-1
224,242,586,795,98,79,1,-1,-1,-1
225,242,592,795,99,81,1,-1,-1,-1
226,242,598,794,101,83,1,-1,-1,-1
227,242,604,794,102,85,1,-1,-1,-1
228,242,613,794,104,85,1,-1,-1,-1
229,242,621,795,105,86,1,-1,-1,-1
230,242,630,795,107,86,1,-1,-1,-1
231,242,639,795,109,86,1,-1,-1,-1
232,242,647,796,110,87,1,-1,-1,-1
233,242,656,796,112,87,1,-1,-1,-1
234,242,665,796,117,90,1,-1,-1,-1
235,242,674,795,123,93,1,-1,-1,-1
236,242,683,795,128,96,1,-1,-1,-1
237,242,692,795,133,99,1,-1,-1,-1
238,242,701,795,138,102,1,-1,-1,-1
239,242,710,794,144,105,1,-1,-1,-1
240,242,719,794,149,108,1,-1,-1,-1
241,242,734,799,146,103,1,-1,-1,-1
242,242,743,798,150,105,1,-1,-1,-1
243,242,755,799,143,102,1,-1,-1,-1
244,242,769,801,158,109,1,-1,-1,-1
245,242,782,799,157,116,1,-1,-1,-1
246,242,795,804,157,122,1,-1,-1,-1
247,242,811,800,176,138,1,-1,-1,-1
248,242,822,798,180,144,1,-1,-1,-1
249,242,829,799,190,149,1,-1,-1,-1
250,242,852,803,197,147,1,-1,-1,-1
251,242,863,805,204,151,1,-1,-1,-1
252,242,886,804,223,158,1,-1,-1,-1
253,242,895,806,232,163,1,-1,-1,-1
254,242,921,806,256,176,1,-1,-1,-1
255,242,939,809,246,182,1,-1,-1,-1
256,242,969,810,270,188,1,-1,-1,-1
257,242,1012,827,278,190,1,-1,-1,-1
258,242,1037,829,319,211,1,-1,-1,-1
259,242,1063,831,359,232,1,-1,-1,-1
260,242,1088,832,400,253,1,-1,-1,-1
261,242,1113,834,440,274,1,-1,-1,-1
262,242,1184,842,460,293,1,-1,-1,-1
263,242,1254,850,480,311,1,-1,-1,-1
264,242,1331,858,561,351,1,-1,-1,-1
265,242,1407,866,642,390,1,-1,-1,-1
266,242,1485,848,770,509,1,-1,-1,-1
267,242,1647,894,913,531,1,-1,-1,-1
731,243,1982,643,578,322,1,-1,-1,-1
732,243,1883,656,552,289,1,-1,-1,-1
733,243,1798,658,500,276,1,-1,-1,-1
734,243,1712,660,447,262,1,-1,-1,-1
735,243,1644,668,415,244,1,-1,-1,-1
736,243,1576,675,382,225,1,-1,-1,-1
737,243,1525,678,355,214,1,-1,-1,-1
738,243,1474,681,329,203,1,-1,-1,-1
739,243,1423,684,302,192,1,-1,-1,-1
740,243,1382,684,283,186,1,-1,-1,-1
740,245,550,775,108,82,1,-1,-1,-1
741,243,1341,684,263,179,1,-1,-1,-1
741,245,556,775,108,83,1,-1,-1,-1
742,243,1304,688,257,174,1,-1,-1,-1
742,245,562,775,109,84,1,-1,-1,-1
743,243,1267,691,252,169,1,-1,-1,-1
743,245,567,774,109,85,1,-1,-1,-1
744,243,1230,695,246,164,1,-1,-1,-1
744,245,573,774,110,86,1,-1,-1,-1
745,243,1191,699,238,154,1,-1,-1,-1
745,245,579,774,110,86,1,-1,-1,-1
746,243,1171,699,227,153,1,-1,-1,-1
746,245,585,774,111,87,1,-1,-1,-1
747,243,1150,699,215,152,1,-1,-1,-1
747,245,590,773,111,88,1,-1,-1,-1
748,243,1129,700,206,148,1,-1,-1,-1
748,245,596,773,112,89,1,-1,-1,-1
749,243,1107,701,197,144,1,-1,-1,-1
749,245,602,773,112,90,1,-1,-1,-1
750,243,1085,704,191,141,1,-1,-1,-1
750,245,608,772,115,92,1,-1,-1,-1
751,243,1063,706,185,138,1,-1,-1,-1
751,245,614,771,119,94,1,-1,-1,-1
752,243,1043,707,181,137,1,-1,-1,-1
752,245,621,770,122,95,1,-1,-1,-1
753,243,1022,707,177,135,1,-1,-1,-1
753,245,627,769,126,97,1,-1,-1,-1
754,243,1009,709,173,132,1,-1,-1,-1
754,245,633,768,129,99,1,-1,-1,-1
755,243,991,713,169,126,1,-1,-1,-1
755,245,639,767,133,101,1,-1,-1,-1
756,243,973,717,164,120,1,-1,-1,-1
756,245,646,766,136,102,1,-1,-1,-1
757,243,955,721,160,113,1,-1,-1,-1
757,245,652,765,140,104,1,-1,-1,-1
758,243,937,725,155,107,1,-1,-1,-1
758,245,658,764,143,106,1,-1,-1,-1
759,243,918,726,169,105,1,-1,-1,-1
759,245,667,763,145,108,1,-1,-1,-1
760,243,919,729,150,99,1,-1,-1,-1
760,245,675,763,147,110,1,-1,-1,-1
761,243,893,730,155,102,1,-1,-1,-1
761,245,684,762,149,112,1,-1,-1,-1
762,243,881,731,155,100,1,-1,-1,-1
762,245,693,761,151,114,1,-1,-1,-1
763,243,877,734,143,96,1,-1,-1,-1
763,245,701,761,152,115,1,-1,-1,-1
764,243,860,735,138,94,1,-1,-1,-1
764,245,710,760,154,117,1,-1,-1,-1
765,243,844,735,134,93,1,-1,-1,-1
765,245,719,759,156,119,1,-1,-1,-1
766,243,827,736,129,91,1,-1,-1,-1
766,245,727,759,158,121,1,-1,-1,-1
767,243,817,738,125,89,1,-1,-1,-1
767,245,736,758,160,123,1,-1,-1,-1
768,244,2004,630,556,313,1,-1,-1,-1
768,245,746,754,162,131,1,-1,-1,-1
769,244,1908,641,633,287,1,-1,-1,-1
769,245,755,750,165,138,1,-1,-1,-1
770,244,1828,647,577,268,1,-1,-1,-1
770,245,765,746,167,146,1,-1,-1,-1
771,244,1749,652,522,250,1,-1,-1,-1
771,245,769,746,172,150,1,-1,-1,-1
772,244,1669,658,466,231,1,-1,-1,-1
772,245,775,749,178,147,1,-1,-1,-1
773,244,1614,661,431,220,1,-1,-1,-1
773,245,781,752,185,145,1,-1,-1,-1
774,243,745,749,97,77,1,-1,-1,-1
774,244,1558,664,397,210,1,-1,-1,-1
774,245,794,758,190,143,1,-1,-1,-1
775,243,735,751,97,75,1,-1,-1,-1
775,244,1503,667,362,199,1,-1,-1,-1
775,245,806,763,194,140,1,-1,-1,-1
776,243,724,753,96,74,1,-1,-1,-1
776,244,1457,670,341,191,1,-1,-1,-1
776,245,811,763,202,141,1,-1,-1,-1
777,243,714,755,95,72,1,-1,-1,-1
777,244,1410,673,319,182,1,-1,-1,-1
777,245,816,761,212,144,1,-1,-1,-1
778,243,705,756,94,71,1,-1,-1,-1
778,244,1373,676,306,177,1,-1,-1,-1
778,245,830,769,221,146,1,-1,-1,-1
779,243,696,757,94,71,1,-1,-1,-1
779,244,1336,679,293,172,1,-1,-1,-1
779,245,835,766,220,152,1,-1,-1,-1
780,243,688,759,93,70,1,-1,-1,-1
780,244,1299,683,281,168,1,-1,-1,-1
780,245,845,765,221,158,1,-1,-1,-1
781,243,679,760,93,69,1,-1,-1,-1
781,244,1262,686,268,163,1,-1,-1,-1
781,245,855,761,223,166,1,-1,-1,-1
782,243,670,761,92,69,1,-1,-1,-1
782,244,1225,689,255,158,1,-1,-1,-1
782,245,863,759,226,175,1,-1,-1,-1
783,243,661,762,92,68,1,-1,-1,-1
783,244,1199,691,243,154,1,-1,-1,-1
783,245,868,759,246,185,1,-1,-1,-1
784,243,652,763,91,68,1,-1,-1,-1
784,244,1173,693,232,151,1,-1,-1,-1
784,245,871,759,255,188,1,-1,-1,-1
785,243,643,764,91,67,1,-1,-1,-1
785,244,1147,695,220,147,1,-1,-1,-1
785,245,880,760,259,190,1,-1,-1,-1
786,243,635,766,90,66,1,-1,-1,-1
786,244,1124,698,213,141,1,-1,-1,-1
786,245,889,768,264,201,1,-1,-1,-1
787,243,626,767,90,66,1,-1,-1,-1
787,244,1101,700,206,134,1,-1,-1,-1
787,245,893,769,266,205,1,-1,-1,-1
788,243,617,768,89,65,1,-1,-1,-1
788,244,1079,703,200,128,1,-1,-1,-1
788,245,904,772,292,207,1,-1,-1,-1
789,244,1056,705,193,121,1,-1,-1,-1
789,245,910,771,299,210,1,-1,-1,-1
790,244,1033,708,186,115,1,-1,-1,-1
790,245,923,775,295,212,1,-1,-1,-1
791,244,1010,710,179,108,1,-1,-1,-1
791,245,945,780,312,223,1,-1,-1,-1
792,244,992,712,174,107,1,-1,-1,-1
792,245,949,770,337,254,1,-1,-1,-1
793,244,974,714,168,106,1,-1,-1,-1
793,245,965,776,344,257,1,-1,-1,-1
794,244,956,717,163,105,1,-1,-1,-1
794,245,980,782,353,259,1,-1,-1,-1
795,244,938,719,158,104,1,-1,-1,-1
795,245,999,781,373,272,1,-1,-1,-1
796,244,920,721,152,103,1,-1,-1,-1
796,245,1018,780,393,285,1,-1,-1,-1
797,244,902,723,147,102,1,-1,-1,-1
797,245,1037,779,413,298,1,-1,-1,-1
798,244,888,726,143,101,1,-1,-1,-1
798,245,1056,778,433,311,1,-1,-1,-1
799,244,873,728,140,99,1,-1,-1,-1
799,245,1075,777,453,324,1,-1,-1,-1
800,244,859,731,136,98,1,-1,-1,-1
800,245,1103,780,490,343,1,-1,-1,-1
801,244,845,733,132,96,1,-1,-1,-1
801,245,1132,782,527,362,1,-1,-1,-1
802,244,830,736,129,95,1,-1,-1,-1
802,245,1160,785,564,381,1,-1,-1,-1
803,244,816,738,125,93,1,-1,-1,-1
803,245,1189,787,601,400,1,-1,-1,-1
804,244,805,740,123,92,1,-1,-1,-1
804,245,1217,790,638,419,1,-1,-1,-1
805,244,793,741,120,90,1,-1,-1,-1
805,245,1264,790,719,456,1,-1,-1,-1
806,244,782,743,118,89,1,-1,-1,-1
806,245,1311,789,799,493,1,-1,-1,-1
807,244,771,745,116,88,1,-1,-1,-1
807,245,1357,789,880,531,1,-1,-1,-1
808,244,759,746,113,86,1,-1,-1,-1
808,245,1404,788,960,568,1,-1,-1,-1
808,246,1939,634,621,324,1,-1,-1,-1
809,244,748,748,111,85,1,-1,-1,-1
809,245,1451,788,1041,605,1,-1,-1,-1
810,244,736,749,108,83,1,-1,-1,-1
810,245,1518,794,1042,657,1,-1,-1,-1
810,246,1766,648,575,277,1,-1,-1,-1
811,244,725,751,106,82,1,-1,-1,-1
811,245,1593,792,967,726,1,-1,-1,-1
811,246,1694,653,514,259,1,-1,-1,-1
812,244,715,753,106,80,1,-1,-1,-1
812,246,1623,658,454,242,1,-1,-1,-1
813,244,705,755,105,78,1,-1,-1,-1
813,246,1567,663,435,231,1,-1,-1,-1
814,244,695,757,105,76,1,-1,-1,-1
814,246,1512,667,416,221,1,-1,-1,-1
815,244,685,758,104,73,1,-1,-1,-1
815,246,1456,672,397,210,1,-1,-1,-1
816,244,675,760,104,71,1,-1,-1,-1
816,246,1400,676,378,199,1,-1,-1,-1
817,244,665,762,103,69,1,-1,-1,-1
817,246,1367,679,351,191,1,-1,-1,-1
818,244,658,763,100,69,1,-1,-1,-1
818,246,1334,682,323,183,1,-1,-1,-1
819,244,650,764,97,68,1,-1,-1,-1
819,246,1301,685,296,175,1,-1,-1,-1
820,244,643,765,94,68,1,-1,-1,-1
820,246,1262,687,276,169,1,-1,-1,-1
821,244,636,766,91,68,1,-1,-1,-1
821,246,1223,690,268,168,1,-1,-1,-1
822,244,628,767,88,67,1,-1,-1,-1
822,246,1198,693,258,162,1,-1,-1,-1
823,244,621,768,85,67,1,-1,-1,-1
823,246,1173,696,247,157,1,-1,-1,-1
824,244,615,769,84,66,1,-1,-1,-1
824,246,1148,699,237,151,1,-1,-1,-1
825,244,610,769,84,65,1,-1,-1,-1
825,246,1123,702,226,146,1,-1,-1,-1
826,244,604,770,83,64,1,-1,-1,-1
826,246,1098,705,216,140,1,-1,-1,-1
827,244,599,770,83,63,1,-1,-1,-1
827,246,1076,706,208,137,1,-1,-1,-1
828,244,593,771,82,62,1,-1,-1,-1
828,246,1053,707,200,134,1,-1,-1,-1
829,246,1033,707,195,135,1,-1,-1,-1
830,246,1012,707,189,136,1,-1,-1,-1
831,246,995,710,184,132,1,-1,-1,-1
832,246,978,713,178,128,1,-1,-1,-1
833,246,961,716,173,124,1,-1,-1,-1
834,246,943,720,168,121,1,-1,-1,-1
835,246,926,723,163,117,1,-1,-1,-1
836,246,909,726,157,113,1,-1,-1,-1
837,246,892,729,152,109,1,-1,-1,-1
838,246,875,728,165,108,1,-1,-1,-1
839,246,863,731,153,105,1,-1,-1,-1
840,246,850,734,141,102,1,-1,-1,-1
841,246,835,737,149,100,1,-1,-1,-1
842,246,824,739,145,98,1,-1,-1,-1
843,246,813,741,140,96,1,-1,-1,-1
844,246,802,742,136,94,1,-1,-1,-1
845,246,791,744,132,92,1,-1,-1,-1
846,246,780,746,127,90,1,-1,-1,-1
847,246,769,748,123,88,1,-1,-1,-1
848,246,758,749,119,86,1,-1,-1,-1
849,246,747,751,114,84,1,-1,-1,-1
850,246,736,753,110,82,1,-1,-1,-1
851,246,726,754,109,81,1,-1,-1,-1
852,246,716,755,109,79,1,-1,-1,-1
853,246,706,757,108,78,1,-1,-1,-1
854,246,696,758,107,76,1,-1,-1,-1
855,246,685,759,107,75,1,-1,-1,-1
856,246,675,760,106,73,1,-1,-1,-1
857,246,665,762,105,72,1,-1,-1,-1
858,246,655,763,105,70,1,-1,-1,-1
859,246,645,764,104,69,1,-1,-1,-1
860,246,639,765,102,68,1,-1,-1,-1
861,246,633,766,99,67,1,-1,-1,-1
862,246,628,767,97,67,1,-1,-1,-1
863,246,622,768,94,66,1,-1,-1,-1
864,246,616,769,92,65,1,-1,-1,-1
865,246,610,770,89,64,1,-1,-1,-1
866,246,605,771,87,64,1,-1,-1,-1
867,246,599,772,84,63,1,-1,-1,-1
868,246,593,773,82,62,1,-1,-1,-1
941,247,0,1205,522,306,1,-1,-1,-1
942,247,0,1200,549,304,1,-1,-1,-1
943,247,0,1195,577,302,1,-1,-1,-1
944,247,0,1190,604,300,1,-1,-1,-1
945,247,0,1166,647,334,1,-1,-1,-1
946,247,23,1179,624,298,1,-1,-1,-1
947,247,41,1173,625,299,1,-1,-1,-1
948,247,60,1168,626,301,1,-1,-1,-1
949,247,78,1162,627,302,1,-1,-1,-1
950,247,96,1157,627,303,1,-1,-1,-1
951,247,114,1151,628,304,1,-1,-1,-1
952,247,133,1146,629,306,1,-1,-1,-1
953,247,151,1140,630,307,1,-1,-1,-1
954,247,168,1136,629,306,1,-1,-1,-1
955,247,185,1132,628,306,1,-1,-1,-1
956,247,202,1128,627,305,1,-1,-1,-1
957,247,218,1124,625,304,1,-1,-1,-1
958,247,235,1120,624,303,1,-1,-1,-1
959,247,252,1116,623,303,1,-1,-1,-1
960,247,269,1112,622,302,1,-1,-1,-1
961,247,282,1110,618,298,1,-1,-1,-1
962,247,291,1106,620,299,1,-1,-1,-1
963,247,300,1102,622,300,1,-1,-1,-1
964,247,309,1098,624,301,1,-1,-1,-1
965,247,318,1095,627,302,1,-1,-1,-1
966,247,327,1091,629,302,1,-1,-1,-1
967,247,336,1087,631,303,1,-1,-1,-1
968,247,345,1083,633,304,1,-1,-1,-1
969,247,354,1079,635,305,1,-1,-1,-1
970,247,370,1075,635,305,1,-1,-1,-1
971,247,387,1072,635,305,1,-1,-1,-1
972,247,403,1068,634,305,1,-1,-1,-1
973,247,420,1064,634,305,1,-1,-1,-1
974,247,436,1060,634,305,1,-1,-1,-1
975,247,452,1057,634,305,1,-1,-1,-1
976,247,469,1053,633,305,1,-1,-1,-1
977,247,485,1049,633,305,1,-1,-1,-1
978,247,511,1043,636,305,1,-1,-1,-1
979,247,538,1036,639,305,1,-1,-1,-1
980,247,564,1030,642,305,1,-1,-1,-1
981,247,590,1023,645,304,1,-1,-1,-1
982,247,616,1017,648,304,1,-1,-1,-1
983,247,643,1010,651,304,1,-1,-1,-1
984,247,669,1004,654,304,1,-1,-1,-1
985,247,702,998,659,307,1,-1,-1,-1
986,247,734,992,665,310,1,-1,-1,-1
987,247,767,986,670,313,1,-1,-1,-1
988,247,800,979,675,315,1,-1,-1,-1
989,247,833,973,680,318,1,-1,-1,-1
990,247,865,967,686,321,1,-1,-1,-1
991,247,898,961,691,324,1,-1,-1,-1
992,247,936,956,699,333,1,-1,-1,-1
993,247,973,951,707,341,1,-1,-1,-1
994,247,1011,945,716,350,1,-1,-1,-1
995,247,1048,940,724,358,1,-1,-1,-1
996,247,1086,935,732,367,1,-1,-1,-1
997,247,1125,936,754,385,1,-1,-1,-1
998,247,1165,937,776,403,1,-1,-1,-1
999,247,1204,938,797,420,1,-1,-1,-1
1000,247,1243,939,819,438,1,-1,-1,-1
1001,247,1292,941,866,467,1,-1,-1,-1
1002,247,1342,943,914,496,1,-1,-1,-1
1003,247,1391,944,961,525,1,-1,-1,-1
1004,247,1441,946,1009,554,1,-1,-1,-1
1005,247,1490,948,1056,583,1,-1,-1,-1
1006,247,1550,952,1010,620,1,-1,-1,-1
1007,247,1610,958,950,670,1,-1,-1,-1
1094,248,1883,565,677,426,1,-1,-1,-1
1095,248,1822,574,738,395,1,-1,-1,-1
1096,248,1755,580,728,378,1,-1,-1,-1
1097,248,1708,587,683,360,1,-1,-1,-1
1098,248,1660,593,638,342,1,-1,-1,-1
1099,248,1613,600,593,325,1,-1,-1,-1
1100,248,1565,606,548,307,1,-1,-1,-1
1101,248,1518,613,503,289,1,-1,-1,-1
1102,248,1487,616,477,279,1,-1,-1,-1
1103,248,1456,620,451,269,1,-1,-1,-1
1104,248,1424,623,426,260,1,-1,-1,-1
1105,248,1393,627,400,250,1,-1,-1,-1
1106,248,1362,630,374,240,1,-1,-1,-1
1107,248,1336,633,365,234,1,-1,-1,-1
1108,248,1309,636,357,228,1,-1,-1,-1
1109,248,1283,638,348,223,1,-1,-1,-1
1110,248,1256,641,340,217,1,-1,-1,-1
1111,248,1230,644,331,211,1,-1,-1,-1
1112,248,1201,648,316,206,1,-1,-1,-1
1113,248,1190,652,311,199,1,-1,-1,-1
1114,248,1161,656,296,193,1,-1,-1,-1
1115,248,1146,658,298,190,1,-1,-1,-1
1116,248,1127,660,277,186,1,-1,-1,-1
1117,248,1116,660,274,186,1,-1,-1,-1
1118,248,1097,664,248,179,1,-1,-1,-1
1119,248,1080,663,259,182,1,-1,-1,-1
1120,248,1070,666,252,174,1,-1,-1,-1
1121,248,1050,670,241,168,1,-1,-1,-1
1122,248,1038,670,238,167,1,-1,-1,-1
1123,248,1030,674,231,162,1,-1,-1,-1
1124,248,1008,679,227,155,1,-1,-1,-1
1125,248,998,680,222,153,1,-1,-1,-1
1126,248,986,682,220,151,1,-1,-1,-1
1127,248,968,682,215,150,1,-1,-1,-1
1128,248,959,683,215,146,1,-1,-1,-1
1129,248,950,685,208,144,1,-1,-1,-1
1130,248,941,687,201,142,1,-1,-1,-1
1131,248,926,684,194,146,1,-1,-1,-1
1132,248,916,684,194,144,1,-1,-1,-1
1133,248,908,687,187,141,1,-1,-1,-1
1134,248,898,697,186,138,1,-1,-1,-1
1135,248,884,689,185,141,1,-1,-1,-1
1136,248,873,696,185,142,1,-1,-1,-1
1137,248,862,698,179,138,1,-1,-1,-1
1138,248,855,701,175,134,1,-1,-1,-1
1139,248,847,703,172,131,1,-1,-1,-1
1140,248,839,706,168,128,1,-1,-1,-1
1141,248,831,708,165,125,1,-1,-1,-1
1142,248,823,711,161,122,1,-1,-1,-1
1143,248,815,713,158,119,1,-1,-1,-1
1144,248,807,715,154,116,1,-1,-1,-1
1145,241,1939,658,621,328,1,-1,-1,-1
1145,248,799,718,151,113,1,-1,-1,-1
1146,241,1865,667,668,296,1,-1,-1,-1
1146,248,791,720,147,110,1,-1,-1,-1
1147,241,1790,667,622,287,1,-1,-1,-1
1147,248,783,723,144,107,1,-1,-1,-1
1148,241,1711,664,617,273,1,-1,-1,-1
1148,248,775,725,140,104,1,-1,-1,-1
1149,241,1652,666,552,266,1,-1,-1,-1
1149,248,767,726,139,103,1,-1,-1,-1
1150,241,1626,678,490,248,1,-1,-1,-1
1150,248,760,728,137,101,1,-1,-1,-1
1151,241,1585,680,461,238,1,-1,-1,-1
1151,248,752,729,136,100,1,-1,-1,-1
1152,241,1544,682,432,228,1,-1,-1,-1
1152,248,745,731,134,99,1,-1,-1,-1
1153,241,1503,684,403,218,1,-1,-1,-1
1153,248,737,732,133,97,1,-1,-1,-1
1154,241,1469,687,382,209,1,-1,-1,-1
1154,248,729,733,131,96,1,-1,-1,-1
1155,241,1435,690,360,201,1,-1,-1,-1
1155,248,722,735,130,94,1,-1,-1,-1
1156,241,1401,693,339,192,1,-1,-1,-1
1156,248,714,736,128,93,1,-1,-1,-1
1157,241,1375,695,325,186,1,-1,-1,-1
1157,248,709,737,126,92,1,-1,-1,-1
1158,241,1349,697,310,181,1,-1,-1,-1
1158,248,703,738,124,92,1,-1,-1,-1
1159,241,1323,699,296,175,1,-1,-1,-1
1159,248,698,739,122,91,1,-1,-1,-1
1160,241,1299,697,293,175,1,-1,-1,-1
1160,248,693,741,120,91,1,-1,-1,-1
1161,241,1276,695,290,176,1,-1,-1,-1
1161,248,687,742,118,90,1,-1,-1,-1
1162,241,1252,693,287,176,1,-1,-1,-1
1162,248,682,743,116,89,1,-1,-1,-1
1163,241,1228,695,270,172,1,-1,-1,-1
1163,248,676,744,114,89,1,-1,-1,-1
1164,241,1219,696,262,167,1,-1,-1,-1
1164,248,671,745,112,88,1,-1,-1,-1
1165,241,1214,696,251,165,1,-1,-1,-1
1165,248,666,746,110,87,1,-1,-1,-1
1166,241,1197,698,232,158,1,-1,-1,-1
1166,248,661,747,108,86,1,-1,-1,-1
1167,241,1194,698,222,155,1,-1,-1,-1
1167,248,656,748,106,85,1,-1,-1,-1
1168,241,1192,695,208,155,1,-1,-1,-1
1168,248,651,749,104,84,1,-1,-1,-1
1169,241,1192,693,194,156,1,-1,-1,-1
1169,248,646,750,102,83,1,-1,-1,-1
1170,241,1187,691,179,155,1,-1,-1,-1
1170,248,641,751,99,82,1,-1,-1,-1
1171,241,1188,690,174,154,1,-1,-1,-1
1171,248,636,752,97,81,1,-1,-1,-1
1172,241,1189,690,163,136,1,-1,-1,-1
1172,248,631,753,95,80,1,-1,-1,-1
1173,241,1190,689,161,135,1,-1,-1,-1
1173,248,626,754,93,79,1,-1,-1,-1
1174,241,1192,687,158,133,1,-1,-1,-1
1174,248,621,755,91,78,1,-1,-1,-1
1175,241,1195,683,153,131,1,-1,-1,-1
1175,248,617,755,91,77,1,-1,-1,-1
1176,241,1200,676,147,131,1,-1,-1,-1
1176,248,613,756,91,77,1,-1,-1,-1
1177,241,1204,667,143,134,1,-1,-1,-1
1177,248,608,756,91,76,1,-1,-1,-1
1178,241,1203,660,163,134,1,-1,-1,-1
1178,248,604,757,91,76,1,-1,-1,-1
1179,241,1203,657,166,131,1,-1,-1,-1
1179,248,600,757,91,75,1,-1,-1,-1
1180,241,1210,650,169,129,1,-1,-1,-1
1180,248,596,758,91,75,1,-1,-1,-1
1181,241,1217,643,171,127,1,-1,-1,-1
1181,248,591,758,90,74,1,-1,-1,-1
1182,241,1230,637,170,125,1,-1,-1,-1
1182,248,587,758,90,73,1,-1,-1,-1
1183,241,1243,630,170,124,1,-1,-1,-1
1183,248,583,759,90,73,1,-1,-1,-1
1184,241,1256,624,169,122,1,-1,-1,-1
1184,248,579,759,90,72,1,-1,-1,-1
1185,241,1269,617,169,120,1,-1,-1,-1
1185,248,574,760,90,72,1,-1,-1,-1
1186,241,1282,611,168,118,1,-1,-1,-1
1186,248,570,760,90,71,1,-1,-1,-1
1187,241,1295,604,167,117,1,-1,-1,-1
1188,241,1308,598,167,115,1,-1,-1,-1
1189,241,1321,591,166,113,1,-1,-1,-1
1190,241,1336,584,164,111,1,-1,-1,-1
1191,241,1351,578,162,109,1,-1,-1,-1
1192,241,1366,571,160,107,1,-1,-1,-1
1193,241,1382,564,157,105,1,-1,-1,-1
1194,241,1397,557,155,103,1,-1,-1,-1
1195,241,1412,551,153,101,1,-1,-1,-1
1196,241,1427,544,151,99,1,-1,-1,-1
1197,241,1441,537,150,98,1,-1,-1,-1
1198,241,1454,531,149,98,1,-1,-1,-1
1199,241,1468,524,147,97,1,-1,-1,-1
1200,241,1482,518,146,96,1,-1,-1,-1
1201,241,1495,511,145,96,1,-1,-1,-1
1202,241,1509,505,144,95,1,-1,-1,-1
1216,249,1967,596,593,384,1,-1,-1,-1
1217,249,1893,604,667,363,1,-1,-1,-1
1218,249,1837,610,627,347,1,-1,-1,-1
1219,249,1781,616,587,330,1,-1,-1,-1
1220,249,1725,622,548,314,1,-1,-1,-1
1221,249,1669,628,508,297,1,-1,-1,-1
1222,249,1613,634,468,281,1,-1,-1,-1
1223,249,1573,638,441,269,1,-1,-1,-1
1224,249,1532,641,415,258,1,-1,-1,-1
1225,249,1492,645,388,246,1,-1,-1,-1
1226,249,1459,649,367,237,1,-1,-1,-1
1227,249,1425,652,345,229,1,-1,-1,-1
1228,249,1392,656,324,220,1,-1,-1,-1
1229,249,1362,661,315,214,1,-1,-1,-1
1230,249,1331,665,307,207,1,-1,-1,-1
1231,249,1301,670,298,201,1,-1,-1,-1
1232,249,1272,672,291,198,1,-1,-1,-1
1233,249,1244,673,285,194,1,-1,-1,-1
1234,249,1215,675,278,191,1,-1,-1,-1
1235,249,1196,678,267,187,1,-1,-1,-1
1236,249,1176,681,255,183,1,-1,-1,-1
1237,249,1156,682,250,179,1,-1,-1,-1
1238,249,1135,683,245,175,1,-1,-1,-1
1239,249,1115,689,237,166,1,-1,-1,-1
1239,250,565,788,93,78,1,-1,-1,-1
1240,249,1095,695,229,156,1,-1,-1,-1
1240,250,570,787,95,79,1,-1,-1,-1
1241,249,1085,697,220,151,1,-1,-1,-1
1241,250,575,786,96,80,1,-1,-1,-1
1242,249,1058,699,213,149,1,-1,-1,-1
1242,250,579,786,98,82,1,-1,-1,-1
1243,249,1048,700,207,145,1,-1,-1,-1
1243,250,584,785,100,83,1,-1,-1,-1
1244,249,1021,701,204,147,1,-1,-1,-1
1244,250,589,784,101,84,1,-1,-1,-1
1245,249,1012,703,197,143,1,-1,-1,-1
1245,250,594,783,103,85,1,-1,-1,-1
1246,249,998,704,196,141,1,-1,-1,-1
1246,250,598,783,105,87,1,-1,-1,-1
1247,249,986,705,190,138,1,-1,-1,-1
1247,250,603,782,106,88,1,-1,-1,-1
1248,249,974,706,184,136,1,-1,-1,-1
1248,250,608,781,108,89,1,-1,-1,-1
1249,249,961,707,178,133,1,-1,-1,-1
1249,250,614,781,111,91,1,-1,-1,-1
1250,249,949,708,173,130,1,-1,-1,-1
1250,250,620,780,113,92,1,-1,-1,-1
1251,249,937,709,167,127,1,-1,-1,-1
1251,250,626,780,116,94,1,-1,-1,-1
1252,249,925,710,161,125,1,-1,-1,-1
1252,250,632,779,118,95,1,-1,-1,-1
1253,249,912,711,155,122,1,-1,-1,-1
1253,250,639,779,121,97,1,-1,-1,-1
1254,249,900,712,149,119,1,-1,-1,-1
1254,250,645,779,124,98,1,-1,-1,-1
1255,249,888,720,150,113,1,-1,-1,-1
1255,250,651,778,126,100,1,-1,-1,-1
1256,249,876,727,151,107,1,-1,-1,-1
1256,250,657,778,129,101,1,-1,-1,-1
1257,249,863,727,147,110,1,-1,-1,-1
1257,250,663,777,131,103,1,-1,-1,-1
1258,249,849,727,143,112,1,-1,-1,-1
1258,250,669,777,134,104,1,-1,-1,-1
1259,249,837,728,147,109,1,-1,-1,-1
1259,250,677,777,136,106,1,-1,-1,-1
1260,249,827,730,143,107,1,-1,-1,-1
1260,250,686,777,139,108,1,-1,-1,-1
1261,249,817,731,140,105,1,-1,-1,-1
1261,250,694,776,141,110,1,-1,-1,-1
1262,249,808,733,136,103,1,-1,-1,-1
1262,250,703,776,144,112,1,-1,-1,-1
1263,249,798,735,133,101,1,-1,-1,-1
1263,250,711,776,146,114,1,-1,-1,-1
1264,249,788,737,129,99,1,-1,-1,-1
1264,250,719,776,148,115,1,-1,-1,-1
1265,249,778,738,126,96,1,-1,-1,-1
1265,250,728,776,151,117,1,-1,-1,-1
1266,250,736,775,153,119,1,-1,-1,-1
1267,250,745,775,156,121,1,-1,-1,-1
1268,250,753,775,158,123,1,-1,-1,-1
1269,250,760,777,169,126,1,-1,-1,-1
1270,249,729,747,108,86,1,-1,-1,-1
1270,250,766,778,180,129,1,-1,-1,-1
1271,249,721,748,107,86,1,-1,-1,-1
1271,250,776,780,183,131,1,-1,-1,-1
1272,249,713,748,107,85,1,-1,-1,-1
1272,250,782,778,188,133,1,-1,-1,-1
1273,249,705,749,106,85,1,-1,-1,-1
1273,250,793,778,196,138,1,-1,-1,-1
1274,249,697,750,105,84,1,-1,-1,-1
1274,250,805,777,204,142,1,-1,-1,-1
1275,249,690,750,105,84,1,-1,-1,-1
1275,250,816,777,212,147,1,-1,-1,-1
1276,249,682,751,104,83,1,-1,-1,-1
1276,250,829,779,214,150,1,-1,-1,-1
1277,249,674,752,103,83,1,-1,-1,-1
1277,250,842,780,216,152,1,-1,-1,-1
1278,249,666,752,103,82,1,-1,-1,-1
1278,250,856,780,221,159,1,-1,-1,-1
1279,249,658,753,102,82,1,-1,-1,-1
1279,250,870,779,227,166,1,-1,-1,-1
1280,249,652,754,100,80,1,-1,-1,-1
1280,250,884,779,232,173,1,-1,-1,-1
1281,249,646,756,97,79,1,-1,-1,-1
1281,250,899,778,237,180,1,-1,-1,-1
1282,249,640,757,95,77,1,-1,-1,-1
1282,250,913,778,242,187,1,-1,-1,-1
1283,249,633,758,93,76,1,-1,-1,-1
1283,250,927,777,248,194,1,-1,-1,-1
1284,249,627,759,91,74,1,-1,-1,-1
1284,250,941,777,253,201,1,-1,-1,-1
1285,249,621,761,88,73,1,-1,-1,-1
1285,250,959,777,268,212,1,-1,-1,-1
1286,249,615,762,86,71,1,-1,-1,-1
1286,250,976,778,283,223,1,-1,-1,-1
1287,249,609,763,86,70,1,-1,-1,-1
1287,250,994,778,298,235,1,-1,-1,-1
1288,249,604,765,86,69,1,-1,-1,-1
1288,250,1012,778,313,246,1,-1,-1,-1
1289,249,598,766,86,68,1,-1,-1,-1
1289,250,1029,779,328,257,1,-1,-1,-1
1290,249,593,767,86,67,1,-1,-1,-1
1290,250,1047,779,343,268,1,-1,-1,-1
1291,249,587,768,86,66,1,-1,-1,-1
1291,250,1072,782,368,283,1,-1,-1,-1
1292,249,582,770,86,65,1,-1,-1,-1
1292,250,1097,785,394,298,1,-1,-1,-1
1293,249,576,771,86,64,1,-1,-1,-1
1293,250,1122,788,419,313,1,-1,-1,-1
1294,250,1156,791,458,337,1,-1,-1,-1
1295,250,1190,793,496,361,1,-1,-1,-1
1296,250,1224,796,535,385,1,-1,-1,-1
1297,250,1275,799,599,422,1,-1,-1,-1
1298,250,1326,802,662,460,1,-1,-1,-1
1299,250,1377,805,726,497,1,-1,-1,-1
1300,250,1445,810,836,551,1,-1,-1,-1
1301,250,1513,814,946,604,1,-1,-1,-1
1302,250,1602,822,958,681,1,-1,-1,-1
1466,251,1833,725,727,382,1,-1,-1,-1
1467,251,1721,742,839,357,1,-1,-1,-1
1468,251,1621,759,787,343,1,-1,-1,-1
1469,251,1520,775,734,328,1,-1,-1,-1
1470,251,1427,790,697,322,1,-1,-1,-1
1471,251,1334,805,659,315,1,-1,-1,-1
1472,251,1073,853,591,302,1,-1,-1,-1
1473,251,994,874,578,297,1,-1,-1,-1
1474,251,914,895,566,292,1,-1,-1,-1
1475,251,835,916,553,286,1,-1,-1,-1
1476,251,755,937,540,281,1,-1,-1,-1
1477,251,684,961,525,274,1,-1,-1,-1
1478,251,606,982,518,271,1,-1,-1,-1
1479,251,527,1004,512,267,1,-1,-1,-1
1480,251,449,1025,505,264,1,-1,-1,-1
1481,251,363,1043,511,265,1,-1,-1,-1
1482,251,277,1062,517,265,1,-1,-1,-1
1483,251,191,1080,523,266,1,-1,-1,-1
1484,251,117,1100,523,266,1,-1,-1,-1
1485,251,43,1119,523,266,1,-1,-1,-1
1486,251,0,1148,483,253,1,-1,-1,-1
1624,252,567,792,91,69,1,-1,-1,-1
1625,252,574,791,92,70,1,-1,-1,-1
1626,252,582,791,93,71,1,-1,-1,-1
1627,252,589,790,94,72,1,-1,-1,-1
1628,252,597,790,94,72,1,-1,-1,-1
1629,252,604,789,95,73,1,-1,-1,-1
1630,252,612,789,96,74,1,-1,-1,-1
1631,252,619,788,97,75,1,-1,-1,-1
1632,252,628,787,101,77,1,-1,-1,-1
1633,252,636,785,104,79,1,-1,-1,-1
1634,252,645,784,108,81,1,-1,-1,-1
1635,252,654,783,112,83,1,-1,-1,-1
1636,252,663,782,116,85,1,-1,-1,-1
1637,252,671,780,119,87,1,-1,-1,-1
1638,252,680,779,123,89,1,-1,-1,-1
1639,252,691,779,126,92,1,-1,-1,-1
1640,252,701,779,129,94,1,-1,-1,-1
1641,252,712,779,132,97,1,-1,-1,-1
1642,252,722,779,135,100,1,-1,-1,-1
1643,252,733,779,138,102,1,-1,-1,-1
1644,252,743,779,141,105,1,-1,-1,-1
1645,252,755,779,132,107,1,-1,-1,-1
1646,252,766,780,137,111,1,-1,-1,-1
1647,252,777,780,143,115,1,-1,-1,-1
1648,252,788,781,148,119,1,-1,-1,-1
1649,252,799,782,154,123,1,-1,-1,-1
1650,252,810,783,159,127,1,-1,-1,-1
1651,252,821,783,164,131,1,-1,-1,-1
1652,252,832,784,170,135,1,-1,-1,-1
1653,252,843,785,175,139,1,-1,-1,-1
1654,252,854,785,181,143,1,-1,-1,-1
1655,252,865,786,186,147,1,-1,-1,-1
1656,252,878,785,200,156,1,-1,-1,-1
1657,252,891,784,214,165,1,-1,-1,-1
1658,252,904,784,228,173,1,-1,-1,-1
1659,252,917,783,242,182,1,-1,-1,-1
1660,252,930,782,256,191,1,-1,-1,-1
1661,252,959,790,276,194,1,-1,-1,-1
1662,252,970,790,281,207,1,-1,-1,-1
1663,252,1004,791,299,216,1,-1,-1,-1
1664,252,1040,793,323,231,1,-1,-1,-1
1665,252,1076,795,347,247,1,-1,-1,-1
1666,252,1111,797,371,262,1,-1,-1,-1
1667,252,1147,799,395,278,1,-1,-1,-1
1668,252,1183,801,419,293,1,-1,-1,-1
1669,252,1237,807,460,318,1,-1,-1,-1
1670,252,1299,811,528,350,1,-1,-1,-1
1671,252,1360,814,596,382,1,-1,-1,-1
1672,252,1449,816,701,435,1,-1,-1,-1
1673,252,1537,818,806,488,1,-1,-1,-1
1674,252,1656,820,904,560,1,-1,-1,-1
1776,253,563,786,93,77,1,-1,-1,-1
1777,253,570,786,94,78,1,-1,-1,-1
1778,253,577,786,94,79,1,-1,-1,-1
1779,253,585,786,95,81,1,-1,-1,-1
1780,253,592,786,96,82,1,-1,-1,-1
1781,253,599,786,96,83,1,-1,-1,-1
1782,253,606,786,97,84,1,-1,-1,-1
1783,253,613,785,100,85,1,-1,-1,-1
1784,253,621,784,102,86,1,-1,-1,-1
1785,253,628,784,105,88,1,-1,-1,-1
1786,253,635,783,107,89,1,-1,-1,-1
1787,253,643,782,110,90,1,-1,-1,-1
1788,253,650,781,112,91,1,-1,-1,-1
1789,253,659,781,114,94,1,-1,-1,-1
1790,253,667,780,117,96,1,-1,-1,-1
1791,253,676,780,119,99,1,-1,-1,-1
1792,253,684,780,121,101,1,-1,-1,-1
1793,253,693,779,124,104,1,-1,-1,-1
1794,253,701,779,126,106,1,-1,-1,-1
1795,253,711,780,130,108,1,-1,-1,-1
1796,253,720,781,134,110,1,-1,-1,-1
1797,253,730,782,137,112,1,-1,-1,-1
1798,253,739,783,141,114,1,-1,-1,-1
1799,253,745,784,146,116,1,-1,-1,-1
1800,253,752,777,151,127,1,-1,-1,-1
1801,253,769,782,158,120,1,-1,-1,-1
1802,253,774,778,169,133,1,-1,-1,-1
1803,253,784,779,173,136,1,-1,-1,-1
1804,253,789,777,178,144,1,-1,-1,-1
1805,253,803,778,185,151,1,-1,-1,-1
1806,253,816,779,193,158,1,-1,-1,-1
1807,253,830,779,200,164,1,-1,-1,-1
1808,253,843,780,208,171,1,-1,-1,-1
1809,253,857,781,215,178,1,-1,-1,-1
1810,253,866,780,218,185,1,-1,-1,-1
1811,253,885,779,237,194,1,-1,-1,-1
1812,253,899,782,237,196,1,-1,-1,-1
1813,253,924,783,260,208,1,-1,-1,-1
1814,253,936,786,261,213,1,-1,-1,-1
1815,253,961,787,292,229,1,-1,-1,-1
1816,253,990,791,306,242,1,-1,-1,-1
1817,253,1020,795,321,254,1,-1,-1,-1
1818,253,1049,799,335,267,1,-1,-1,-1
1819,253,1088,801,369,290,1,-1,-1,-1
1820,253,1127,803,404,314,1,-1,-1,-1
1821,253,1166,805,438,337,1,-1,-1,-1
1822,253,1222,807,491,372,1,-1,-1,-1
1823,253,1278,809,544,406,1,-1,-1,-1
1824,253,1354,814,638,460,1,-1,-1,-1
1825,253,1429,818,732,514,1,-1,-1,-1
1826,253,1535,822,874,590,1,-1,-1,-1
1827,253,1664,837,896,676,1,-1,-1,-1
2129,254,1962,580,598,394,1,-1,-1,-1
2130,254,1896,591,664,370,1,-1,-1,-1
2131,254,1824,600,637,345,1,-1,-1,-1
2132,254,1772,605,592,330,1,-1,-1,-1
2133,254,1719,610,548,315,1,-1,-1,-1
2134,254,1667,615,503,300,1,-1,-1,-1
2135,254,1623,620,474,287,1,-1,-1,-1
2136,254,1579,625,446,274,1,-1,-1,-1
2137,254,1535,630,417,261,1,-1,-1,-1
2138,254,1502,634,401,252,1,-1,-1,-1
2139,254,1469,637,385,244,1,-1,-1,-1
2140,254,1436,641,369,235,1,-1,-1,-1
2141,254,1403,644,353,226,1,-1,-1,-1
2142,254,1370,648,337,217,1,-1,-1,-1
2143,254,1337,651,321,209,1,-1,-1,-1
2144,254,1304,655,305,200,1,-1,-1,-1
2145,254,1295,652,299,205,1,-1,-1,-1
2146,254,1273,656,286,198,1,-1,-1,-1
2147,254,1251,661,273,190,1,-1,-1,-1
2148,254,1229,665,259,183,1,-1,-1,-1
2149,254,1207,669,246,175,1,-1,-1,-1
2150,254,1188,669,243,177,1,-1,-1,-1
2151,254,1169,668,239,179,1,-1,-1,-1
2152,254,1149,668,236,180,1,-1,-1,-1
2153,254,1130,667,232,182,1,-1,-1,-1
2154,254,1111,671,216,172,1,-1,-1,-1
2155,254,1100,672,213,172,1,-1,-1,-1
2156,254,1087,675,208,167,1,-1,-1,-1
2157,254,1073,678,202,161,1,-1,-1,-1
2158,254,1060,680,197,156,1,-1,-1,-1
2159,254,1047,683,191,150,1,-1,-1,-1
2160,254,1033,686,186,145,1,-1,-1,-1
2161,254,1020,689,180,139,1,-1,-1,-1
2162,254,1007,691,175,134,1,-1,-1,-1
2163,254,993,694,169,128,1,-1,-1,-1
2164,254,980,697,164,123,1,-1,-1,-1
2165,254,969,698,161,122,1,-1,-1,-1
2166,254,958,700,159,122,1,-1,-1,-1
2167,254,947,701,156,121,1,-1,-1,-1
2168,254,936,703,153,120,1,-1,-1,-1
2169,254,925,704,151,120,1,-1,-1,-1
2170,254,914,706,148,119,1,-1,-1,-1
2171,254,903,707,145,118,1,-1,-1,-1
2172,254,892,709,143,118,1,-1,-1,-1
2173,254,881,710,140,117,1,-1,-1,-1
2174,254,871,712,138,114,1,-1,-1,-1
2175,254,861,715,137,112,1,-1,-1,-1
2176,254,851,717,135,109,1,-1,-1,-1
2177,254,841,720,133,106,1,-1,-1,-1
2178,254,830,722,132,104,1,-1,-1,-1
2179,254,820,725,130,101,1,-1,-1,-1
2180,254,810,727,128,98,1,-1,-1,-1
2181,254,800,730,127,96,1,-1,-1,-1
2182,254,790,732,125,93,1,-1,-1,-1
2183,254,782,734,123,92,1,-1,-1,-1
2184,254,773,735,121,90,1,-1,-1,-1
2185,254,765,737,119,89,1,-1,-1,-1
2186,254,757,739,117,88,1,-1,-1,-1
2187,254,748,740,114,86,1,-1,-1,-1
2188,254,740,742,112,85,1,-1,-1,-1
2189,254,731,743,110,83,1,-1,-1,-1
2190,254,723,745,108,82,1,-1,-1,-1
2191,254,716,746,107,82,1,-1,-1,-1
2192,254,710,746,106,81,1,-1,-1,-1
2193,254,703,747,105,81,1,-1,-1,-1
2194,254,696,747,104,80,1,-1,-1,-1
2195,254,690,748,104,80,1,-1,-1,-1
2196,254,683,749,103,80,1,-1,-1,-1
2197,254,676,749,102,79,1,-1,-1,-1
2198,254,669,750,101,79,1,-1,-1,-1
2199,254,663,750,100,78,1,-1,-1,-1
2200,254,656,751,99,78,1,-1,-1,-1
2201,254,651,752,97,77,1,-1,-1,-1
2202,254,647,753,95,77,1,-1,-1,-1
2203,254,642,754,93,76,1,-1,-1,-1
2204,254,638,755,92,75,1,-1,-1,-1
2205,254,633,756,90,74,1,-1,-1,-1
2206,254,629,757,88,74,1,-1,-1,-1
2207,254,624,758,86,73,1,-1,-1,-1
2208,254,620,759,85,72,1,-1,-1,-1
2209,254,615,760,84,71,1,-1,-1,-1
2210,254,611,761,83,70,1,-1,-1,-1
2211,254,606,763,83,68,1,-1,-1,-1
2212,254,602,764,82,67,1,-1,-1,-1
2213,254,597,765,81,66,1,-1,-1,-1
2214,254,593,766,80,65,1,-1,-1,-1
2253,255,574,801,88,69,1,-1,-1,-1
2254,255,581,800,89,71,1,-1,-1,-1
2255,255,588,800,90,73,1,-1,-1,-1
2256,255,595,799,91,74,1,-1,-1,-1
2257,255,602,799,93,76,1,-1,-1,-1
2258,255,609,798,94,78,1,-1,-1,-1
2259,255,616,797,95,80,1,-1,-1,-1
2260,255,623,797,96,81,1,-1,-1,-1
2261,255,630,796,97,83,1,-1,-1,-1
2262,255,638,796,100,84,1,-1,-1,-1
2263,255,646,797,103,85,1,-1,-1,-1
2264,255,654,797,105,86,1,-1,-1,-1
2265,255,663,798,108,87,1,-1,-1,-1
2266,255,671,798,111,87,1,-1,-1,-1
2267,255,679,798,114,88,1,-1,-1,-1
2268,255,687,799,116,89,1,-1,-1,-1
2269,255,695,799,119,90,1,-1,-1,-1
2270,255,705,800,123,93,1,-1,-1,-1
2271,255,714,800,128,95,1,-1,-1,-1
2272,255,724,801,132,98,1,-1,-1,-1
2273,255,733,801,137,100,1,-1,-1,-1
2274,255,743,802,141,103,1,-1,-1,-1
2275,255,749,800,146,109,1,-1,-1,-1
2276,255,760,800,150,116,1,-1,-1,-1
2277,255,772,800,154,123,1,-1,-1,-1
2278,255,783,800,158,130,1,-1,-1,-1
2279,255,794,800,161,136,1,-1,-1,-1
2280,255,806,800,165,143,1,-1,-1,-1
2281,255,817,800,169,150,1,-1,-1,-1
2282,255,829,803,175,154,1,-1,-1,-1
2283,255,836,806,183,156,1,-1,-1,-1
2284,255,854,809,196,160,1,-1,-1,-1
2285,255,866,814,200,163,1,-1,-1,-1
2286,255,884,817,211,173,1,-1,-1,-1
2287,255,902,819,223,182,1,-1,-1,-1
2288,255,919,822,234,192,1,-1,-1,-1
2289,255,937,824,245,201,1,-1,-1,-1
2290,255,966,828,271,212,1,-1,-1,-1
2291,255,982,835,262,215,1,-1,-1,-1
2292,255,1011,843,290,219,1,-1,-1,-1
2293,255,1035,848,333,238,1,-1,-1,-1
2294,255,1058,852,376,257,1,-1,-1,-1
2295,255,1111,859,390,282,1,-1,-1,-1
2296,255,1163,866,404,306,1,-1,-1,-1
2297,255,1220,876,458,339,1,-1,-1,-1
2298,255,1276,885,512,371,1,-1,-1,-1
2299,255,1358,895,597,421,1,-1,-1,-1
2300,255,1440,904,682,471,1,-1,-1,-1
2301,255,1550,922,810,537,1,-1,-1,-1
2302,255,1682,935,878,641,1,-1,-1,-1
2364,257,567,792,85,71,1,-1,-1,-1
2365,256,1921,645,639,322,1,-1,-1,-1
2365,257,570,788,92,75,1,-1,-1,-1
2366,256,1628,673,501,249,1,-1,-1,-1
2366,257,585,786,97,80,1,-1,-1,-1
2367,256,1563,674,451,239,1,-1,-1,-1
2367,257,591,786,97,81,1,-1,-1,-1
2368,256,1498,675,400,229,1,-1,-1,-1
2368,257,596,787,98,81,1,-1,-1,-1
2369,256,1448,677,370,220,1,-1,-1,-1
2369,257,602,787,98,82,1,-1,-1,-1
2370,256,1398,678,341,210,1,-1,-1,-1
2370,257,607,787,98,82,1,-1,-1,-1
2371,256,1348,680,311,201,1,-1,-1,-1
2371,257,613,787,98,83,1,-1,-1,-1
2372,256,1311,682,292,191,1,-1,-1,-1
2372,257,618,788,99,83,1,-1,-1,-1
2373,256,1279,685,282,184,1,-1,-1,-1
2373,257,624,788,99,84,1,-1,-1,-1
2374,256,1246,689,272,178,1,-1,-1,-1
2374,257,631,787,102,86,1,-1,-1,-1
2375,256,1214,692,262,171,1,-1,-1,-1
2375,257,638,787,105,88,1,-1,-1,-1
2376,256,1181,695,252,164,1,-1,-1,-1
2376,257,644,786,107,89,1,-1,-1,-1
2377,256,1162,697,244,160,1,-1,-1,-1
2377,257,651,786,110,91,1,-1,-1,-1
2378,256,1143,698,236,155,1,-1,-1,-1
2378,257,658,785,113,93,1,-1,-1,-1
2379,256,1124,700,228,151,1,-1,-1,-1
2379,257,665,784,116,95,1,-1,-1,-1
2380,256,1105,701,220,147,1,-1,-1,-1
2380,257,671,784,118,96,1,-1,-1,-1
2381,256,1086,703,212,143,1,-1,-1,-1
2381,257,678,783,121,98,1,-1,-1,-1
2382,256,1067,704,204,138,1,-1,-1,-1
2382,257,686,783,125,100,1,-1,-1,-1
2383,256,1048,706,196,134,1,-1,-1,-1
2383,257,693,783,128,102,1,-1,-1,-1
2384,256,1033,708,190,131,1,-1,-1,-1
2384,257,701,783,132,105,1,-1,-1,-1
2385,256,1018,710,185,128,1,-1,-1,-1
2385,257,709,782,136,107,1,-1,-1,-1
2386,256,1003,712,179,125,1,-1,-1,-1
2386,257,716,782,139,109,1,-1,-1,-1
2387,256,987,713,174,123,1,-1,-1,-1
2387,257,724,782,143,111,1,-1,-1,-1
2388,256,972,715,168,120,1,-1,-1,-1
2388,257,735,784,142,110,1,-1,-1,-1
2389,256,957,717,163,117,1,-1,-1,-1
2389,257,743,782,143,113,1,-1,-1,-1
2390,256,942,719,157,114,1,-1,-1,-1
2390,257,751,781,140,117,1,-1,-1,-1
2391,256,930,720,157,111,1,-1,-1,-1
2391,257,755,774,147,125,1,-1,-1,-1
2392,256,918,722,157,109,1,-1,-1,-1
2392,257,768,780,160,122,1,-1,-1,-1
2393,256,905,723,156,106,1,-1,-1,-1
2393,257,772,778,169,130,1,-1,-1,-1
2394,256,893,724,156,103,1,-1,-1,-1
2394,257,783,783,169,129,1,-1,-1,-1
2395,256,883,726,152,101,1,-1,-1,-1
2395,257,795,784,171,132,1,-1,-1,-1
2396,256,872,728,148,99,1,-1,-1,-1
2396,257,806,784,172,136,1,-1,-1,-1
2397,256,862,730,144,97,1,-1,-1,-1
2397,257,818,785,174,139,1,-1,-1,-1
2398,256,851,732,140,95,1,-1,-1,-1
2398,257,830,785,176,142,1,-1,-1,-1
2399,256,841,734,136,93,1,-1,-1,-1
2399,257,841,786,177,146,1,-1,-1,-1
2400,256,830,736,132,91,1,-1,-1,-1
2400,257,853,786,179,149,1,-1,-1,-1
2401,256,820,738,128,89,1,-1,-1,-1
2401,257,859,787,195,159,1,-1,-1,-1
2402,256,810,739,128,90,1,-1,-1,-1
2402,257,865,787,210,169,1,-1,-1,-1
2403,256,800,740,128,90,1,-1,-1,-1
2403,257,880,785,223,176,1,-1,-1,-1
2404,256,791,741,128,91,1,-1,-1,-1
2404,257,887,787,230,178,1,-1,-1,-1
2405,256,781,742,127,91,1,-1,-1,-1
2405,257,897,788,234,182,1,-1,-1,-1
2406,256,771,743,127,92,1,-1,-1,-1
2406,257,918,787,253,191,1,-1,-1,-1
2407,256,761,744,127,92,1,-1,-1,-1
2407,257,927,790,257,198,1,-1,-1,-1
2408,256,754,746,123,88,1,-1,-1,-1
2408,257,939,795,260,201,1,-1,-1,-1
2409,256,747,748,120,84,1,-1,-1,-1
2409,257,961,795,279,216,1,-1,-1,-1
2410,256,739,749,116,80,1,-1,-1,-1
2410,257,977,796,275,216,1,-1,-1,-1
2411,256,732,751,112,76,1,-1,-1,-1
2411,257,1008,803,293,230,1,-1,-1,-1
2412,256,727,752,108,76,1,-1,-1,-1
2412,257,1032,805,309,244,1,-1,-1,-1
2413,256,722,752,104,75,1,-1,-1,-1
2413,257,1055,807,324,257,1,-1,-1,-1
2414,256,717,753,99,75,1,-1,-1,-1
2414,257,1082,811,348,275,1,-1,-1,-1
2415,256,712,753,95,74,1,-1,-1,-1
2415,257,1109,814,372,293,1,-1,-1,-1
