1,274,962,483,43,39,1,-1,-1,-1
2,274,960,483,44,40,1,-1,-1,-1
3,274,959,483,44,40,1,-1,-1,-1
4,274,957,484,45,41,1,-1,-1,-1
5,274,955,484,45,41,1,-1,-1,-1
6,274,953,484,46,42,1,-1,-1,-1
7,274,952,484,46,42,1,-1,-1,-1
8,274,950,484,47,43,1,-1,-1,-1
9,274,948,484,47,43,1,-1,-1,-1
10,274,946,485,48,44,1,-1,-1,-1
11,274,945,485,48,44,1,-1,-1,-1
12,274,943,485,49,45,1,-1,-1,-1
13,274,940,485,50,46,1,-1,-1,-1
14,274,938,486,51,47,1,-1,-1,-1
15,274,935,486,52,48,1,-1,-1,-1
16,274,933,486,52,49,1,-1,-1,-1
17,274,930,487,53,50,1,-1,-1,-1
18,274,928,487,54,51,1,-1,-1,-1
19,274,925,487,55,53,1,-1,-1,-1
20,274,923,487,56,54,1,-1,-1,-1
21,274,920,488,57,55,1,-1,-1,-1
22,274,918,488,57,56,1,-1,-1,-1
23,274,915,488,58,57,1,-1,-1,-1
24,274,913,489,59,58,1,-1,-1,-1
25,274,910,489,60,59,1,-1,-1,-1
26,274,906,490,61,60,1,-1,-1,-1
27,274,902,490,63,61,1,-1,-1,-1
28,274,899,491,64,61,1,-1,-1,-1
29,274,895,491,66,62,1,-1,-1,-1
30,274,891,492,67,63,1,-1,-1,-1
31,274,887,492,69,64,1,-1,-1,-1
32,274,884,493,70,64,1,-1,-1,-1
33,274,880,493,72,65,1,-1,-1,-1
34,274,876,494,73,66,1,-1,-1,-1
35,274,868,494,77,68,1,-1,-1,-1
36,274,859,493,81,71,1,-1,-1,-1
37,274,851,493,85,73,1,-1,-1,-1
38,274,842,493,89,75,1,-1,-1,-1
39,274,834,492,94,78,1,-1,-1,-1
40,274,825,492,98,80,1,-1,-1,-1
41,274,817,492,102,82,1,-1,-1,-1
42,274,808,491,106,85,1,-1,-1,-1
43,274,800,491,110,87,1,-1,-1,-1
44,274,787,491,117,89,1,-1,-1,-1
45,274,775,490,123,91,1,-1,-1,-1
46,274,762,490,130,92,1,-1,-1,-1
47,274,749,489,136,94,1,-1,-1,-1
48,274,731,486,143,97,1,-1,-1,-1
49,274,713,483,149,100,1,-1,-1,-1
50,274,701,481,156,102,1,-1,-1,-1
51,274,676,474,160,110,1,-1,-1,-1
52,274,655,471,168,114,1,-1,-1,-1
53,274,634,467,176,117,1,-1,-1,-1
54,274,605,465,179,116,1,-1,-1,-1
55,274,578,461,183,118,1,-1,-1,-1
56,274,550,458,187,121,1,-1,-1,-1
57,274,523,454,191,123,1,-1,-1,-1
58,274,482,448,204,127,1,-1,-1,-1
59,274,440,441,218,130,1,-1,-1,-1
60,274,399,435,231,134,1,-1,-1,-1
61,274,341,426,251,140,1,-1,-1,-1
62,271,0,685,598,515,1,-1,-1,-1
62,274,283,417,270,147,1,-1,-1,-1
63,271,0,691,708,500,1,-1,-1,-1
63,274,225,408,290,153,1,-1,-1,-1
64,271,113,689,675,435,1,-1,-1,-1
64,274,150,395,315,160,1,-1,-1,-1
65,271,288,688,574,385,1,-1,-1,-1
65,274,74,382,340,166,1,-1,-1,-1
66,271,413,686,499,348,1,-1,-1,-1
66,274,0,364,360,181,1,-1,-1,-1
67,271,537,684,424,310,1,-1,-1,-1
67,274,0,348,292,191,1,-1,-1,-1
68,271,619,682,379,285,1,-1,-1,-1
69,271,700,680,334,259,1,-1,-1,-1
70,271,756,678,302,242,1,-1,-1,-1
71,271,811,676,269,225,1,-1,-1,-1
72,271,849,672,249,212,1,-1,-1,-1
73,271,888,668,228,198,1,-1,-1,-1
74,271,926,664,208,185,1,-1,-1,-1
75,271,945,661,197,178,1,-1,-1,-1
76,271,964,657,187,170,1,-1,-1,-1
77,271,984,654,176,163,1,-1,-1,-1
78,271,1003,650,165,156,1,-1,-1,-1
79,271,1022,647,155,148,1,-1,-1,-1
79,272,0,533,450,303,1,-1,-1,-1
80,271,1041,643,144,141,1,-1,-1,-1
80,272,0,528,572,304,1,-1,-1,-1
81,271,1049,641,138,136,1,-1,-1,-1
81,272,144,544,490,269,1,-1,-1,-1
82,271,1057,638,132,131,1,-1,-1,-1
82,272,288,560,407,233,1,-1,-1,-1
83,271,1066,636,126,127,1,-1,-1,-1
83,272,386,569,362,211,1,-1,-1,-1
84,271,1074,634,120,122,1,-1,-1,-1
84,272,484,577,316,188,1,-1,-1,-1
85,271,1082,631,114,117,1,-1,-1,-1
85,272,552,581,287,177,1,-1,-1,-1
86,271,1090,629,108,112,1,-1,-1,-1
86,272,619,584,257,165,1,-1,-1,-1
87,271,1093,626,104,109,1,-1,-1,-1
87,272,671,586,234,157,1,-1,-1,-1
88,271,1097,623,101,105,1,-1,-1,-1
88,272,723,588,211,149,1,-1,-1,-1
89,271,1100,621,97,102,1,-1,-1,-1
89,272,753,587,205,146,1,-1,-1,-1
90,271,1104,618,94,98,1,-1,-1,-1
90,272,784,586,199,142,1,-1,-1,-1
91,271,1107,615,90,95,1,-1,-1,-1
91,272,814,585,193,139,1,-1,-1,-1
92,271,1107,612,90,94,1,-1,-1,-1
92,272,850,583,173,134,1,-1,-1,-1
93,271,1108,609,89,92,1,-1,-1,-1
93,272,864,584,164,125,1,-1,-1,-1
94,271,1108,606,89,91,1,-1,-1,-1
94,272,890,585,158,121,1,-1,-1,-1
95,271,1108,603,88,89,1,-1,-1,-1
95,272,902,586,149,113,1,-1,-1,-1
96,271,1108,601,86,87,1,-1,-1,-1
96,272,924,582,145,116,1,-1,-1,-1
97,271,1108,599,84,86,1,-1,-1,-1
97,272,937,582,136,111,1,-1,-1,-1
98,271,1108,596,82,84,1,-1,-1,-1
98,272,950,582,130,107,1,-1,-1,-1
99,271,1108,594,80,83,1,-1,-1,-1
99,272,963,581,124,103,1,-1,-1,-1
100,271,1109,592,79,81,1,-1,-1,-1
100,272,975,580,117,95,1,-1,-1,-1
101,271,1109,590,77,80,1,-1,-1,-1
101,272,984,582,110,89,1,-1,-1,-1
102,271,1109,587,75,78,1,-1,-1,-1
102,272,992,581,103,85,1,-1,-1,-1
103,271,1109,585,73,77,1,-1,-1,-1
103,272,1000,580,95,82,1,-1,-1,-1
104,271,1109,583,71,75,1,-1,-1,-1
104,272,1008,578,88,78,1,-1,-1,-1
105,271,1109,581,70,74,1,-1,-1,-1
105,272,1016,577,80,74,1,-1,-1,-1
106,271,1108,579,68,72,1,-1,-1,-1
106,272,1019,575,79,73,1,-1,-1,-1
107,271,1108,577,67,71,1,-1,-1,-1
107,272,1022,572,78,72,1,-1,-1,-1
107,273,0,377,576,503,1,-1,-1,-1
108,271,1108,575,66,70,1,-1,-1,-1
108,272,1025,570,76,70,1,-1,-1,-1
108,273,0,376,642,476,1,-1,-1,-1
109,271,1107,573,65,69,1,-1,-1,-1
109,272,1028,567,75,69,1,-1,-1,-1
109,273,120,421,620,427,1,-1,-1,-1
109,276,942,488,43,39,1,-1,-1,-1
110,271,1107,571,63,67,1,-1,-1,-1
110,272,1031,565,74,68,1,-1,-1,-1
110,273,230,436,543,394,1,-1,-1,-1
110,276,939,489,44,40,1,-1,-1,-1
111,271,1106,569,62,66,1,-1,-1,-1
111,272,1032,563,72,67,1,-1,-1,-1
111,273,340,450,466,361,1,-1,-1,-1
111,276,937,489,45,40,1,-1,-1,-1
112,271,1106,567,61,65,1,-1,-1,-1
112,272,1034,561,70,66,1,-1,-1,-1
112,273,414,464,426,336,1,-1,-1,-1
112,276,934,490,45,41,1,-1,-1,-1
113,271,1106,565,60,64,1,-1,-1,-1
113,272,1035,559,69,65,1,-1,-1,-1
113,273,489,478,387,311,1,-1,-1,-1
113,276,932,491,46,42,1,-1,-1,-1
114,271,1105,563,58,62,1,-1,-1,-1
114,272,1037,557,67,64,1,-1,-1,-1
114,273,563,492,347,286,1,-1,-1,-1
114,276,929,491,47,42,1,-1,-1,-1
115,271,1105,561,57,61,1,-1,-1,-1
115,272,1038,556,65,63,1,-1,-1,-1
115,273,610,500,323,269,1,-1,-1,-1
115,276,927,492,48,43,1,-1,-1,-1
116,271,1105,560,56,60,1,-1,-1,-1
116,272,1039,554,63,62,1,-1,-1,-1
116,273,657,509,299,252,1,-1,-1,-1
116,276,924,493,48,44,1,-1,-1,-1
117,271,1104,559,56,59,1,-1,-1,-1
117,272,1041,552,61,61,1,-1,-1,-1
117,273,703,517,275,235,1,-1,-1,-1
117,276,922,493,49,44,1,-1,-1,-1
118,271,1104,558,55,58,1,-1,-1,-1
118,272,1042,550,60,60,1,-1,-1,-1
118,273,750,525,251,218,1,-1,-1,-1
118,276,919,494,50,45,1,-1,-1,-1
119,271,1103,557,55,57,1,-1,-1,-1
119,272,1044,548,58,59,1,-1,-1,-1
119,273,779,528,238,210,1,-1,-1,-1
119,276,915,495,51,46,1,-1,-1,-1
120,271,1103,556,54,56,1,-1,-1,-1
120,272,1045,546,56,58,1,-1,-1,-1
120,273,808,532,226,201,1,-1,-1,-1
120,276,912,495,52,46,1,-1,-1,-1
121,271,1103,555,53,55,1,-1,-1,-1
121,272,1046,545,55,57,1,-1,-1,-1
121,273,837,535,213,193,1,-1,-1,-1
121,276,908,496,53,47,1,-1,-1,-1
122,271,1102,554,53,54,1,-1,-1,-1
122,272,1046,543,54,56,1,-1,-1,-1
122,273,856,536,206,188,1,-1,-1,-1
122,276,905,496,54,48,1,-1,-1,-1
123,271,1102,552,52,54,1,-1,-1,-1
123,273,875,538,199,183,1,-1,-1,-1
123,276,901,497,56,48,1,-1,-1,-1
124,271,1101,551,52,53,1,-1,-1,-1
124,273,893,539,192,177,1,-1,-1,-1
124,276,898,497,57,49,1,-1,-1,-1
125,271,1101,550,51,52,1,-1,-1,-1
125,273,912,540,185,172,1,-1,-1,-1
125,276,894,498,58,50,1,-1,-1,-1
126,271,1101,549,50,51,1,-1,-1,-1
126,273,926,542,175,165,1,-1,-1,-1
126,276,891,498,59,50,1,-1,-1,-1
127,271,1100,548,50,50,1,-1,-1,-1
127,273,939,543,164,158,1,-1,-1,-1
127,276,887,499,60,51,1,-1,-1,-1
128,271,1100,547,49,49,1,-1,-1,-1
128,273,953,545,154,152,1,-1,-1,-1
128,276,882,499,62,53,1,-1,-1,-1
129,271,1099,546,49,48,1,-1,-1,-1
129,273,966,546,144,145,1,-1,-1,-1
129,276,877,499,64,55,1,-1,-1,-1
130,271,1099,545,48,47,1,-1,-1,-1
130,273,980,548,133,138,1,-1,-1,-1
130,276,872,499,66,57,1,-1,-1,-1
131,271,1099,544,47,47,1,-1,-1,-1
131,273,993,549,123,131,1,-1,-1,-1
131,276,867,499,68,59,1,-1,-1,-1
132,271,1099,543,47,46,1,-1,-1,-1
132,273,997,549,121,129,1,-1,-1,-1
132,276,862,499,70,61,1,-1,-1,-1
133,271,1099,542,46,46,1,-1,-1,-1
133,273,1002,548,120,127,1,-1,-1,-1
133,276,854,500,73,61,1,-1,-1,-1
134,271,1099,541,45,46,1,-1,-1,-1
134,273,1006,548,118,125,1,-1,-1,-1
134,276,846,502,76,61,1,-1,-1,-1
135,273,1011,547,117,122,1,-1,-1,-1
135,276,838,503,79,61,1,-1,-1,-1
136,272,1049,527,46,39,1,-1,-1,-1
136,273,1015,547,115,120,1,-1,-1,-1
136,276,830,504,82,61,1,-1,-1,-1
137,272,1049,526,45,39,1,-1,-1,-1
137,273,1020,546,114,118,1,-1,-1,-1
137,276,821,503,86,65,1,-1,-1,-1
138,272,1050,526,44,38,1,-1,-1,-1
138,273,1024,546,112,116,1,-1,-1,-1
138,276,812,501,89,68,1,-1,-1,-1
139,272,1050,525,43,38,1,-1,-1,-1
139,273,1026,545,109,113,1,-1,-1,-1
139,276,802,500,93,72,1,-1,-1,-1
140,272,1050,524,43,38,1,-1,-1,-1
140,273,1029,544,105,110,1,-1,-1,-1
140,276,793,498,96,75,1,-1,-1,-1
141,272,1050,523,42,37,1,-1,-1,-1
141,273,1031,543,102,106,1,-1,-1,-1
141,276,779,499,101,75,1,-1,-1,-1
142,272,1051,523,41,37,1,-1,-1,-1
142,273,1034,542,98,103,1,-1,-1,-1
142,276,764,499,105,75,1,-1,-1,-1
143,272,1051,522,40,36,1,-1,-1,-1
143,273,1036,540,95,100,1,-1,-1,-1
143,276,750,500,110,75,1,-1,-1,-1
144,272,1051,521,39,36,1,-1,-1,-1
144,273,1038,539,91,97,1,-1,-1,-1
144,276,730,497,117,79,1,-1,-1,-1
145,273,1041,538,88,93,1,-1,-1,-1
145,276,710,494,124,83,1,-1,-1,-1
146,273,1043,537,84,90,1,-1,-1,-1
146,276,689,490,130,86,1,-1,-1,-1
147,273,1044,536,82,88,1,-1,-1,-1
147,276,669,487,137,90,1,-1,-1,-1
148,273,1045,535,81,86,1,-1,-1,-1
148,276,636,482,151,94,1,-1,-1,-1
149,273,1045,534,79,85,1,-1,-1,-1
149,276,603,477,165,99,1,-1,-1,-1
150,273,1046,533,78,83,1,-1,-1,-1
150,276,569,471,179,103,1,-1,-1,-1
151,273,1047,533,76,81,1,-1,-1,-1
151,276,536,466,193,107,1,-1,-1,-1
152,273,1048,532,75,79,1,-1,-1,-1
152,276,503,461,198,110,1,-1,-1,-1
153,273,1048,531,73,78,1,-1,-1,-1
153,276,469,456,202,112,1,-1,-1,-1
154,273,1049,530,72,76,1,-1,-1,-1
154,276,420,450,217,114,1,-1,-1,-1
155,273,1050,529,70,74,1,-1,-1,-1
155,276,371,444,231,116,1,-1,-1,-1
156,273,1050,528,69,73,1,-1,-1,-1
156,276,303,433,254,124,1,-1,-1,-1
157,273,1051,527,68,72,1,-1,-1,-1
157,276,235,422,277,133,1,-1,-1,-1
158,273,1051,526,67,72,1,-1,-1,-1
158,276,167,411,300,141,1,-1,-1,-1
159,273,1051,525,66,71,1,-1,-1,-1
159,276,87,398,323,147,1,-1,-1,-1
160,273,1052,524,65,70,1,-1,-1,-1
160,276,0,379,344,156,1,-1,-1,-1
161,273,1052,523,64,69,1,-1,-1,-1
161,276,0,364,271,163,1,-1,-1,-1
162,273,1052,522,63,68,1,-1,-1,-1
163,273,1052,521,62,68,1,-1,-1,-1
164,273,1053,520,61,67,1,-1,-1,-1
165,273,1053,519,60,66,1,-1,-1,-1
166,273,1053,518,59,65,1,-1,-1,-1
166,275,0,731,677,469,1,-1,-1,-1
167,273,1053,518,59,64,1,-1,-1,-1
167,275,13,718,755,482,1,-1,-1,-1
168,273,1053,517,58,63,1,-1,-1,-1
168,275,214,710,632,426,1,-1,-1,-1
169,273,1053,516,58,62,1,-1,-1,-1
169,275,353,705,544,380,1,-1,-1,-1
169,277,1001,507,44,39,1,-1,-1,-1
170,268,950,488,43,37,1,-1,-1,-1
170,273,1054,516,57,62,1,-1,-1,-1
170,275,492,699,455,333,1,-1,-1,-1
170,277,999,508,45,40,1,-1,-1,-1
171,268,948,488,44,38,1,-1,-1,-1
171,273,1054,515,56,61,1,-1,-1,-1
171,275,591,696,390,297,1,-1,-1,-1
171,277,997,509,46,41,1,-1,-1,-1
172,268,945,488,44,39,1,-1,-1,-1
172,273,1054,514,56,60,1,-1,-1,-1
172,275,663,690,354,278,1,-1,-1,-1
172,277,996,509,46,42,1,-1,-1,-1
173,268,943,488,45,40,1,-1,-1,-1
173,273,1054,513,55,59,1,-1,-1,-1
173,275,734,684,317,258,1,-1,-1,-1
173,277,994,510,47,43,1,-1,-1,-1
174,268,941,488,46,41,1,-1,-1,-1
174,273,1054,513,55,58,1,-1,-1,-1
174,275,782,681,288,238,1,-1,-1,-1
174,277,992,511,48,43,1,-1,-1,-1
175,268,939,488,47,42,1,-1,-1,-1
175,273,1054,512,54,57,1,-1,-1,-1
175,275,829,679,260,218,1,-1,-1,-1
175,277,990,512,49,44,1,-1,-1,-1
176,268,936,488,47,42,1,-1,-1,-1
176,273,1054,511,54,57,1,-1,-1,-1
176,275,877,676,231,198,1,-1,-1,-1
176,277,989,512,49,45,1,-1,-1,-1
177,268,934,488,48,43,1,-1,-1,-1
177,273,1054,511,53,56,1,-1,-1,-1
177,275,905,672,217,189,1,-1,-1,-1
177,277,987,513,50,46,1,-1,-1,-1
178,268,932,488,49,44,1,-1,-1,-1
178,273,1054,510,53,56,1,-1,-1,-1
178,275,933,668,203,180,1,-1,-1,-1
178,277,985,514,51,47,1,-1,-1,-1
179,268,929,488,49,45,1,-1,-1,-1
179,273,1054,510,52,56,1,-1,-1,-1
179,275,961,664,189,171,1,-1,-1,-1
179,277,983,515,52,48,1,-1,-1,-1
180,268,927,488,50,46,1,-1,-1,-1
180,273,1054,509,52,56,1,-1,-1,-1
180,275,977,659,184,164,1,-1,-1,-1
180,277,981,516,53,48,1,-1,-1,-1
181,268,924,489,51,46,1,-1,-1,-1
181,273,1054,508,51,55,1,-1,-1,-1
181,275,994,655,179,158,1,-1,-1,-1
181,277,978,517,54,49,1,-1,-1,-1
182,268,922,489,51,46,1,-1,-1,-1
182,273,1054,508,51,55,1,-1,-1,-1
182,275,1010,650,174,151,1,-1,-1,-1
182,277,976,518,55,50,1,-1,-1,-1
183,268,919,490,52,47,1,-1,-1,-1
183,273,1054,507,50,55,1,-1,-1,-1
183,275,1023,647,164,145,1,-1,-1,-1
183,277,974,519,55,50,1,-1,-1,-1
184,268,917,491,52,47,1,-1,-1,-1
184,273,1054,507,50,54,1,-1,-1,-1
184,275,1037,644,154,138,1,-1,-1,-1
184,277,972,520,56,51,1,-1,-1,-1
185,268,914,492,53,47,1,-1,-1,-1
185,273,1054,506,49,54,1,-1,-1,-1
185,275,1050,640,143,132,1,-1,-1,-1
185,277,969,521,57,52,1,-1,-1,-1
186,268,911,492,54,47,1,-1,-1,-1
186,275,1063,637,133,125,1,-1,-1,-1
186,277,967,522,58,52,1,-1,-1,-1
187,268,909,493,54,47,1,-1,-1,-1
187,275,1070,634,130,123,1,-1,-1,-1
187,277,965,523,59,53,1,-1,-1,-1
188,268,906,494,55,48,1,-1,-1,-1
188,275,1076,631,126,121,1,-1,-1,-1
188,277,960,524,61,54,1,-1,-1,-1
189,268,904,494,55,48,1,-1,-1,-1
189,275,1083,627,123,119,1,-1,-1,-1
189,277,956,525,63,56,1,-1,-1,-1
190,268,901,495,56,48,1,-1,-1,-1
190,275,1089,624,119,117,1,-1,-1,-1
190,277,951,526,65,57,1,-1,-1,-1
191,268,897,496,57,49,1,-1,-1,-1
191,275,1092,622,118,113,1,-1,-1,-1
191,277,947,527,67,59,1,-1,-1,-1
192,268,894,496,58,50,1,-1,-1,-1
192,275,1095,620,118,111,1,-1,-1,-1
192,277,942,529,69,60,1,-1,-1,-1
193,268,890,497,60,50,1,-1,-1,-1
193,275,1101,617,111,107,1,-1,-1,-1
193,277,938,530,71,62,1,-1,-1,-1
194,268,886,497,61,51,1,-1,-1,-1
194,275,1103,615,110,103,1,-1,-1,-1
194,277,933,531,73,63,1,-1,-1,-1
195,268,883,498,62,52,1,-1,-1,-1
195,275,1106,614,105,99,1,-1,-1,-1
195,277,929,532,75,65,1,-1,-1,-1
196,268,879,498,63,53,1,-1,-1,-1
196,275,1108,612,101,96,1,-1,-1,-1
196,277,924,533,77,66,1,-1,-1,-1
197,268,875,499,64,54,1,-1,-1,-1
197,275,1111,611,96,92,1,-1,-1,-1
197,277,914,534,82,68,1,-1,-1,-1
198,268,871,499,66,54,1,-1,-1,-1
198,275,1114,609,91,88,1,-1,-1,-1
198,277,904,534,86,70,1,-1,-1,-1
199,268,868,500,67,55,1,-1,-1,-1
199,275,1116,608,87,85,1,-1,-1,-1
199,277,894,535,91,73,1,-1,-1,-1
200,268,864,500,68,56,1,-1,-1,-1
200,275,1119,606,82,81,1,-1,-1,-1
200,277,884,536,95,75,1,-1,-1,-1
201,268,858,500,70,57,1,-1,-1,-1
201,275,1119,603,81,80,1,-1,-1,-1
201,277,874,536,100,77,1,-1,-1,-1
202,268,852,500,72,58,1,-1,-1,-1
202,275,1119,601,79,79,1,-1,-1,-1
202,277,864,537,104,79,1,-1,-1,-1
203,268,846,501,74,59,1,-1,-1,-1
203,275,1119,598,78,78,1,-1,-1,-1
203,277,846,536,111,84,1,-1,-1,-1
204,268,840,501,76,60,1,-1,-1,-1
204,275,1119,596,76,77,1,-1,-1,-1
204,277,828,534,118,89,1,-1,-1,-1
205,268,834,501,79,61,1,-1,-1,-1
205,275,1119,593,75,76,1,-1,-1,-1
205,277,809,533,124,93,1,-1,-1,-1
206,275,1118,591,74,75,1,-1,-1,-1
206,277,791,531,131,98,1,-1,-1,-1
207,275,1118,588,72,74,1,-1,-1,-1
207,277,760,529,147,103,1,-1,-1,-1
208,275,1117,586,71,72,1,-1,-1,-1
208,277,730,527,162,108,1,-1,-1,-1
209,275,1116,584,69,71,1,-1,-1,-1
209,277,699,525,178,113,1,-1,-1,-1
210,268,803,502,89,66,1,-1,-1,-1
210,275,1116,582,68,70,1,-1,-1,-1
210,277,664,522,186,119,1,-1,-1,-1
211,268,791,501,96,69,1,-1,-1,-1
211,275,1115,579,67,69,1,-1,-1,-1
211,277,622,518,203,124,1,-1,-1,-1
212,268,778,499,102,72,1,-1,-1,-1
212,275,1114,577,65,68,1,-1,-1,-1
212,277,580,514,219,128,1,-1,-1,-1
213,268,766,498,109,75,1,-1,-1,-1
213,275,1113,575,64,66,1,-1,-1,-1
213,277,522,509,241,133,1,-1,-1,-1
214,268,753,496,116,79,1,-1,-1,-1
214,275,1113,572,62,65,1,-1,-1,-1
214,277,464,504,263,137,1,-1,-1,-1
215,268,741,495,123,82,1,-1,-1,-1
215,275,1112,570,61,64,1,-1,-1,-1
215,277,388,494,293,149,1,-1,-1,-1
216,268,728,493,129,85,1,-1,-1,-1
216,275,1111,569,60,63,1,-1,-1,-1
216,277,311,483,323,160,1,-1,-1,-1
217,268,716,492,136,88,1,-1,-1,-1
217,275,1110,567,59,62,1,-1,-1,-1
217,277,207,471,364,170,1,-1,-1,-1
218,268,704,489,133,91,1,-1,-1,-1
218,275,1110,566,58,60,1,-1,-1,-1
218,277,103,458,404,180,1,-1,-1,-1
219,268,679,486,151,96,1,-1,-1,-1
219,275,1109,564,57,59,1,-1,-1,-1
219,277,0,442,430,195,1,-1,-1,-1
220,268,659,485,160,96,1,-1,-1,-1
220,275,1108,563,57,58,1,-1,-1,-1
221,268,639,484,168,96,1,-1,-1,-1
221,275,1107,561,56,57,1,-1,-1,-1
222,268,619,480,178,101,1,-1,-1,-1
222,275,1107,560,55,55,1,-1,-1,-1
223,268,598,475,187,105,1,-1,-1,-1
223,275,1106,558,54,54,1,-1,-1,-1
224,268,565,471,200,108,1,-1,-1,-1
224,275,1105,557,53,53,1,-1,-1,-1
225,268,543,468,197,109,1,-1,-1,-1
225,275,1105,556,52,52,1,-1,-1,-1
226,268,521,465,194,110,1,-1,-1,-1
226,275,1104,554,52,52,1,-1,-1,-1
227,268,488,461,221,113,1,-1,-1,-1
227,275,1104,553,51,51,1,-1,-1,-1
228,268,452,457,224,113,1,-1,-1,-1
228,275,1103,552,51,51,1,-1,-1,-1
229,268,415,452,227,113,1,-1,-1,-1
229,275,1103,550,50,50,1,-1,-1,-1
230,268,362,445,266,121,1,-1,-1,-1
230,275,1102,549,50,50,1,-1,-1,-1
231,268,309,437,304,128,1,-1,-1,-1
231,275,1102,548,49,49,1,-1,-1,-1
232,268,272,434,276,124,1,-1,-1,-1
232,275,1101,546,49,49,1,-1,-1,-1
233,268,212,424,298,132,1,-1,-1,-1
233,275,1101,545,48,48,1,-1,-1,-1
234,268,151,413,320,140,1,-1,-1,-1
234,275,1101,544,47,47,1,-1,-1,-1
235,268,78,402,344,145,1,-1,-1,-1
235,275,1101,543,47,47,1,-1,-1,-1
236,268,4,391,368,150,1,-1,-1,-1
236,275,1100,542,46,46,1,-1,-1,-1
237,268,0,377,318,157,1,-1,-1,-1
237,275,1100,541,46,46,1,-1,-1,-1
238,275,1100,541,45,45,1,-1,-1,-1
239,275,1100,540,45,45,1,-1,-1,-1
240,275,1099,539,44,44,1,-1,-1,-1
241,275,1099,538,44,44,1,-1,-1,-1
242,275,1099,537,43,43,1,-1,-1,-1
247,279,1004,502,41,39,1,-1,-1,-1
248,279,1003,503,41,39,1,-1,-1,-1
249,279,1002,504,42,40,1,-1,-1,-1
250,279,1002,504,42,40,1,-1,-1,-1
251,279,1001,505,43,40,1,-1,-1,-1
251,280,950,483,42,40,1,-1,-1,-1
252,279,1000,506,43,41,1,-1,-1,-1
252,280,948,483,43,41,1,-1,-1,-1
253,279,999,507,43,41,1,-1,-1,-1
253,280,946,483,43,41,1,-1,-1,-1
254,279,998,508,44,41,1,-1,-1,-1
254,280,945,483,44,42,1,-1,-1,-1
255,279,998,508,44,41,1,-1,-1,-1
255,280,943,483,44,42,1,-1,-1,-1
256,279,997,509,45,42,1,-1,-1,-1
256,280,941,484,45,43,1,-1,-1,-1
257,279,996,510,45,42,1,-1,-1,-1
257,280,939,484,46,44,1,-1,-1,-1
258,279,995,510,46,43,1,-1,-1,-1
258,280,937,484,46,44,1,-1,-1,-1
259,279,994,511,46,44,1,-1,-1,-1
259,280,936,484,47,45,1,-1,-1,-1
260,279,992,511,47,45,1,-1,-1,-1
260,280,934,484,47,45,1,-1,-1,-1
261,279,991,512,47,46,1,-1,-1,-1
261,280,932,484,48,46,1,-1,-1,-1
262,279,990,512,48,47,1,-1,-1,-1
262,280,930,484,49,47,1,-1,-1,-1
263,279,989,513,48,48,1,-1,-1,-1
263,280,927,485,50,48,1,-1,-1,-1
264,279,987,513,49,49,1,-1,-1,-1
264,280,925,485,52,49,1,-1,-1,-1
265,279,986,514,49,50,1,-1,-1,-1
265,280,922,485,53,50,1,-1,-1,-1
266,279,985,514,50,51,1,-1,-1,-1
266,280,920,486,54,51,1,-1,-1,-1
267,279,983,515,51,52,1,-1,-1,-1
267,280,918,486,55,51,1,-1,-1,-1
268,279,981,516,52,52,1,-1,-1,-1
268,280,915,486,56,52,1,-1,-1,-1
269,279,980,518,52,53,1,-1,-1,-1
269,280,913,486,58,53,1,-1,-1,-1
270,279,978,519,53,53,1,-1,-1,-1
270,280,910,487,59,54,1,-1,-1,-1
271,279,976,520,54,54,1,-1,-1,-1
271,280,908,487,60,55,1,-1,-1,-1
272,279,974,521,55,54,1,-1,-1,-1
272,280,905,487,61,56,1,-1,-1,-1
273,279,973,523,55,55,1,-1,-1,-1
273,280,901,488,63,57,1,-1,-1,-1
274,279,971,524,56,55,1,-1,-1,-1
274,280,898,488,64,58,1,-1,-1,-1
275,260,0,639,694,561,1,-1,-1,-1
275,279,969,525,57,56,1,-1,-1,-1
275,280,894,489,65,59,1,-1,-1,-1
275,283,961,491,34,31,1,-1,-1,-1
276,260,0,641,791,482,1,-1,-1,-1
276,279,966,526,59,57,1,-1,-1,-1
276,280,891,489,67,60,1,-1,-1,-1
276,283,959,491,35,32,1,-1,-1,-1
277,260,148,646,720,409,1,-1,-1,-1
277,279,962,527,61,58,1,-1,-1,-1
277,280,887,489,68,61,1,-1,-1,-1
277,283,958,491,35,33,1,-1,-1,-1
278,260,308,644,612,366,1,-1,-1,-1
278,279,959,528,63,60,1,-1,-1,-1
278,280,884,490,69,62,1,-1,-1,-1
278,283,956,491,36,34,1,-1,-1,-1
279,260,468,642,504,323,1,-1,-1,-1
279,279,956,529,65,61,1,-1,-1,-1
279,280,880,490,70,63,1,-1,-1,-1
279,283,955,492,36,34,1,-1,-1,-1
280,260,572,646,438,289,1,-1,-1,-1
280,279,952,529,67,62,1,-1,-1,-1
280,280,877,491,72,64,1,-1,-1,-1
280,283,953,492,37,35,1,-1,-1,-1
281,260,675,649,372,255,1,-1,-1,-1
281,279,949,530,69,63,1,-1,-1,-1
281,280,873,491,73,65,1,-1,-1,-1
281,283,952,492,37,36,1,-1,-1,-1
282,260,738,644,333,240,1,-1,-1,-1
282,279,946,531,71,65,1,-1,-1,-1
282,280,868,491,75,67,1,-1,-1,-1
282,283,950,492,38,37,1,-1,-1,-1
283,260,800,638,293,224,1,-1,-1,-1
283,279,942,532,73,66,1,-1,-1,-1
283,280,863,491,77,70,1,-1,-1,-1
283,283,947,493,39,38,1,-1,-1,-1
284,260,841,636,269,209,1,-1,-1,-1
284,279,939,533,75,67,1,-1,-1,-1
284,280,857,491,80,72,1,-1,-1,-1
284,283,945,493,40,38,1,-1,-1,-1
285,260,883,635,244,195,1,-1,-1,-1
285,279,933,534,78,69,1,-1,-1,-1
285,280,852,491,82,75,1,-1,-1,-1
285,283,942,494,41,39,1,-1,-1,-1
286,260,924,633,220,180,1,-1,-1,-1
286,279,926,535,81,71,1,-1,-1,-1
286,280,847,491,84,77,1,-1,-1,-1
286,283,939,494,42,39,1,-1,-1,-1
287,260,948,630,205,170,1,-1,-1,-1
287,279,920,537,84,72,1,-1,-1,-1
287,280,839,492,87,77,1,-1,-1,-1
287,283,937,495,43,40,1,-1,-1,-1
288,260,972,628,191,160,1,-1,-1,-1
288,279,913,538,87,74,1,-1,-1,-1
288,280,831,492,90,77,1,-1,-1,-1
288,283,934,495,44,40,1,-1,-1,-1
289,260,995,625,176,149,1,-1,-1,-1
289,279,907,539,90,76,1,-1,-1,-1
289,280,824,493,93,78,1,-1,-1,-1
289,283,932,495,45,41,1,-1,-1,-1
290,260,1019,622,161,139,1,-1,-1,-1
290,279,897,540,94,78,1,-1,-1,-1
290,280,816,493,96,78,1,-1,-1,-1
290,283,929,496,46,41,1,-1,-1,-1
291,260,1028,618,155,137,1,-1,-1,-1
291,279,888,540,97,79,1,-1,-1,-1
291,280,808,494,99,78,1,-1,-1,-1
291,283,927,496,47,42,1,-1,-1,-1
292,260,1037,614,149,135,1,-1,-1,-1
292,279,878,541,101,81,1,-1,-1,-1
292,280,797,493,104,81,1,-1,-1,-1
292,283,924,497,48,43,1,-1,-1,-1
293,260,1046,610,143,134,1,-1,-1,-1
293,279,868,541,104,82,1,-1,-1,-1
293,280,786,492,108,83,1,-1,-1,-1
293,283,922,497,48,43,1,-1,-1,-1
294,260,1055,606,137,132,1,-1,-1,-1
294,279,852,541,111,85,1,-1,-1,-1
294,280,775,491,113,86,1,-1,-1,-1
294,283,919,498,49,44,1,-1,-1,-1
295,260,1064,602,131,130,1,-1,-1,-1
295,279,836,540,118,88,1,-1,-1,-1
295,280,760,490,119,88,1,-1,-1,-1
295,283,917,498,50,45,1,-1,-1,-1
296,260,1071,601,123,123,1,-1,-1,-1
296,279,819,540,125,91,1,-1,-1,-1
296,280,746,488,124,90,1,-1,-1,-1
296,283,914,499,51,45,1,-1,-1,-1
297,260,1078,600,115,116,1,-1,-1,-1
297,279,803,539,132,94,1,-1,-1,-1
297,280,731,487,130,92,1,-1,-1,-1
297,283,912,499,52,46,1,-1,-1,-1
298,260,1085,598,106,109,1,-1,-1,-1
298,279,779,537,143,97,1,-1,-1,-1
298,280,716,485,135,94,1,-1,-1,-1
298,283,908,500,53,47,1,-1,-1,-1
299,260,1092,597,98,102,1,-1,-1,-1
299,279,755,535,153,100,1,-1,-1,-1
299,280,695,481,143,97,1,-1,-1,-1
299,283,904,500,55,48,1,-1,-1,-1
300,260,1093,595,96,99,1,-1,-1,-1
300,279,730,533,164,103,1,-1,-1,-1
300,280,673,477,152,101,1,-1,-1,-1
300,283,900,501,56,49,1,-1,-1,-1
301,260,1095,592,94,96,1,-1,-1,-1
301,279,706,531,174,106,1,-1,-1,-1
301,280,652,473,160,104,1,-1,-1,-1
301,283,896,501,58,50,1,-1,-1,-1
302,260,1096,590,91,93,1,-1,-1,-1
302,279,666,526,191,112,1,-1,-1,-1
302,280,625,469,168,104,1,-1,-1,-1
302,283,893,502,59,52,1,-1,-1,-1
303,260,1098,587,89,90,1,-1,-1,-1
303,279,626,521,208,117,1,-1,-1,-1
303,280,598,466,177,103,1,-1,-1,-1
303,283,889,502,61,53,1,-1,-1,-1
303,284,961,480,39,39,1,-1,-1,-1
304,260,1099,585,87,87,1,-1,-1,-1
304,279,586,515,224,123,1,-1,-1,-1
304,280,571,462,185,103,1,-1,-1,-1
304,283,885,503,62,54,1,-1,-1,-1
304,284,959,481,40,39,1,-1,-1,-1
305,260,1099,583,85,85,1,-1,-1,-1
305,279,546,510,241,128,1,-1,-1,-1
305,280,534,455,199,114,1,-1,-1,-1
305,283,881,503,64,55,1,-1,-1,-1
305,284,958,481,40,40,1,-1,-1,-1
306,260,1099,580,83,83,1,-1,-1,-1
306,279,489,504,261,134,1,-1,-1,-1
306,283,877,504,65,56,1,-1,-1,-1
306,284,956,482,41,40,1,-1,-1,-1
307,260,1098,578,81,82,1,-1,-1,-1
307,279,432,498,282,140,1,-1,-1,-1
307,283,870,504,68,57,1,-1,-1,-1
307,284,955,482,41,40,1,-1,-1,-1
308,260,1098,576,79,80,1,-1,-1,-1
308,279,375,492,302,146,1,-1,-1,-1
308,283,864,505,70,58,1,-1,-1,-1
308,284,953,483,42,41,1,-1,-1,-1
309,260,1098,573,78,78,1,-1,-1,-1
309,279,296,481,337,156,1,-1,-1,-1
309,283,857,505,73,59,1,-1,-1,-1
309,284,951,483,42,41,1,-1,-1,-1
310,260,1098,571,76,76,1,-1,-1,-1
310,279,216,469,372,166,1,-1,-1,-1
310,283,850,505,76,61,1,-1,-1,-1
310,284,950,484,43,41,1,-1,-1,-1
311,260,1097,569,74,75,1,-1,-1,-1
311,279,116,457,409,176,1,-1,-1,-1
311,283,843,505,79,62,1,-1,-1,-1
311,284,948,484,43,41,1,-1,-1,-1
312,260,1097,566,72,73,1,-1,-1,-1
312,279,16,445,445,185,1,-1,-1,-1
312,283,837,506,81,63,1,-1,-1,-1
312,284,947,485,44,42,1,-1,-1,-1
313,260,1097,564,70,71,1,-1,-1,-1
313,279,0,429,388,198,1,-1,-1,-1
313,283,830,506,84,64,1,-1,-1,-1
313,284,945,485,44,42,1,-1,-1,-1
314,260,1097,562,69,70,1,-1,-1,-1
314,280,40,369,365,179,1,-1,-1,-1
314,283,820,506,86,65,1,-1,-1,-1
314,284,943,485,45,43,1,-1,-1,-1
315,260,1097,561,67,68,1,-1,-1,-1
315,280,0,350,345,189,1,-1,-1,-1
315,283,811,505,89,67,1,-1,-1,-1
315,284,940,485,46,44,1,-1,-1,-1
316,260,1097,559,66,67,1,-1,-1,-1
316,283,801,505,91,68,1,-1,-1,-1
316,284,938,485,46,45,1,-1,-1,-1
317,260,1097,557,65,66,1,-1,-1,-1
317,283,791,504,93,69,1,-1,-1,-1
317,284,936,485,47,46,1,-1,-1,-1
318,260,1096,555,63,64,1,-1,-1,-1
318,283,775,502,102,74,1,-1,-1,-1
318,284,934,485,48,47,1,-1,-1,-1
319,260,1096,554,62,63,1,-1,-1,-1
319,283,759,500,110,79,1,-1,-1,-1
319,284,931,484,49,47,1,-1,-1,-1
320,260,1096,552,60,61,1,-1,-1,-1
320,283,742,498,119,84,1,-1,-1,-1
320,284,929,484,50,48,1,-1,-1,-1
321,260,1096,550,59,60,1,-1,-1,-1
321,283,726,496,127,89,1,-1,-1,-1
321,284,927,484,50,49,1,-1,-1,-1
322,260,1096,548,58,59,1,-1,-1,-1
322,283,713,494,135,84,1,-1,-1,-1
322,284,924,484,51,50,1,-1,-1,-1
323,260,1095,547,57,59,1,-1,-1,-1
323,283,688,492,142,86,1,-1,-1,-1
323,284,922,484,52,51,1,-1,-1,-1
324,260,1095,545,56,58,1,-1,-1,-1
324,283,670,489,144,88,1,-1,-1,-1
324,284,919,485,53,52,1,-1,-1,-1
325,260,1095,544,55,58,1,-1,-1,-1
325,283,652,487,145,91,1,-1,-1,-1
325,284,916,485,54,53,1,-1,-1,-1
326,260,1094,542,54,57,1,-1,-1,-1
326,283,634,484,147,93,1,-1,-1,-1
326,284,913,486,54,53,1,-1,-1,-1
327,260,1094,540,53,56,1,-1,-1,-1
327,283,604,479,157,97,1,-1,-1,-1
327,284,910,486,55,54,1,-1,-1,-1
328,260,1093,539,52,56,1,-1,-1,-1
328,283,574,473,168,102,1,-1,-1,-1
328,284,908,487,56,55,1,-1,-1,-1
329,260,1093,537,51,55,1,-1,-1,-1
329,283,544,468,178,106,1,-1,-1,-1
329,284,905,487,57,56,1,-1,-1,-1
330,260,1093,536,50,54,1,-1,-1,-1
330,283,507,464,189,107,1,-1,-1,-1
330,284,902,488,58,57,1,-1,-1,-1
331,260,1093,535,50,53,1,-1,-1,-1
331,283,469,460,199,107,1,-1,-1,-1
331,284,899,488,58,57,1,-1,-1,-1
332,260,1093,534,49,52,1,-1,-1,-1
332,283,432,456,210,108,1,-1,-1,-1
332,284,896,489,59,58,1,-1,-1,-1
333,260,1093,533,48,51,1,-1,-1,-1
333,283,394,452,220,108,1,-1,-1,-1
333,284,893,489,60,59,1,-1,-1,-1
334,260,1093,532,47,50,1,-1,-1,-1
334,278,0,541,426,325,1,-1,-1,-1
334,283,343,444,239,114,1,-1,-1,-1
334,284,888,489,62,60,1,-1,-1,-1
335,260,1093,531,47,49,1,-1,-1,-1
335,278,0,554,521,284,1,-1,-1,-1
335,283,291,435,257,119,1,-1,-1,-1
335,284,884,489,64,62,1,-1,-1,-1
336,260,1093,530,46,48,1,-1,-1,-1
336,278,122,568,474,254,1,-1,-1,-1
336,283,229,425,277,129,1,-1,-1,-1
336,284,879,489,66,63,1,-1,-1,-1
337,260,1093,529,45,47,1,-1,-1,-1
337,278,237,572,425,238,1,-1,-1,-1
337,283,162,417,297,131,1,-1,-1,-1
337,284,875,488,67,65,1,-1,-1,-1
338,278,351,575,375,221,1,-1,-1,-1
338,283,81,400,333,140,1,-1,-1,-1
338,284,870,488,69,66,1,-1,-1,-1
339,278,434,580,335,204,1,-1,-1,-1
339,283,0,383,369,149,1,-1,-1,-1
339,284,866,488,71,68,1,-1,-1,-1
340,278,517,584,294,186,1,-1,-1,-1
340,283,0,375,291,154,1,-1,-1,-1
340,284,861,488,73,69,1,-1,-1,-1
341,278,573,587,270,178,1,-1,-1,-1
341,284,853,488,78,71,1,-1,-1,-1
342,278,629,589,247,169,1,-1,-1,-1
342,284,844,488,82,73,1,-1,-1,-1
343,278,685,592,223,161,1,-1,-1,-1
343,284,836,488,87,75,1,-1,-1,-1
344,278,720,593,209,153,1,-1,-1,-1
344,284,828,488,92,78,1,-1,-1,-1
345,278,755,594,194,145,1,-1,-1,-1
345,284,820,488,97,80,1,-1,-1,-1
346,278,789,595,180,137,1,-1,-1,-1
346,284,811,488,101,82,1,-1,-1,-1
347,278,824,596,165,129,1,-1,-1,-1
347,284,803,488,106,84,1,-1,-1,-1
348,278,844,596,157,124,1,-1,-1,-1
348,284,796,490,109,85,1,-1,-1,-1
349,278,864,596,150,119,1,-1,-1,-1
349,284,788,486,113,92,1,-1,-1,-1
350,278,884,597,142,113,1,-1,-1,-1
350,284,780,486,117,94,1,-1,-1,-1
351,278,904,597,135,108,1,-1,-1,-1
351,284,764,487,120,94,1,-1,-1,-1
352,278,924,597,127,103,1,-1,-1,-1
352,284,754,488,122,94,1,-1,-1,-1
353,278,934,596,124,101,1,-1,-1,-1
353,284,741,484,132,98,1,-1,-1,-1
354,278,945,595,121,98,1,-1,-1,-1
354,284,720,480,142,100,1,-1,-1,-1
355,278,955,594,118,96,1,-1,-1,-1
355,284,706,475,151,107,1,-1,-1,-1
356,278,965,592,115,94,1,-1,-1,-1
356,284,682,474,154,108,1,-1,-1,-1
357,278,976,591,112,91,1,-1,-1,-1
357,284,672,470,158,112,1,-1,-1,-1
358,278,986,590,109,89,1,-1,-1,-1
358,284,644,468,165,113,1,-1,-1,-1
359,278,991,589,106,87,1,-1,-1,-1
359,284,624,463,170,118,1,-1,-1,-1
360,278,997,587,104,84,1,-1,-1,-1
360,284,603,458,175,123,1,-1,-1,-1
361,278,1002,586,101,82,1,-1,-1,-1
361,284,571,454,183,125,1,-1,-1,-1
362,278,1008,584,98,80,1,-1,-1,-1
362,284,542,451,183,127,1,-1,-1,-1
363,278,1013,583,95,78,1,-1,-1,-1
363,284,503,445,196,130,1,-1,-1,-1
364,278,1019,581,93,75,1,-1,-1,-1
364,284,465,440,209,133,1,-1,-1,-1
365,278,1024,580,90,73,1,-1,-1,-1
365,284,426,434,222,136,1,-1,-1,-1
366,278,1026,578,87,72,1,-1,-1,-1
366,284,374,425,251,145,1,-1,-1,-1
367,278,1028,577,84,70,1,-1,-1,-1
367,284,321,415,279,153,1,-1,-1,-1
368,278,1030,575,82,69,1,-1,-1,-1
368,284,252,409,300,156,1,-1,-1,-1
369,278,1032,573,79,68,1,-1,-1,-1
369,284,189,397,308,162,1,-1,-1,-1
370,278,1034,571,76,66,1,-1,-1,-1
370,284,126,384,316,167,1,-1,-1,-1
371,278,1036,570,73,65,1,-1,-1,-1
371,284,63,372,324,173,1,-1,-1,-1
372,278,1038,568,70,63,1,-1,-1,-1
372,284,0,357,330,181,1,-1,-1,-1
373,278,1040,566,67,62,1,-1,-1,-1
373,284,0,338,265,193,1,-1,-1,-1
374,278,1042,564,65,61,1,-1,-1,-1
375,278,1044,563,62,59,1,-1,-1,-1
375,287,1000,507,41,36,1,-1,-1,-1
376,278,1046,561,59,58,1,-1,-1,-1
376,287,998,507,42,37,1,-1,-1,-1
377,278,1047,560,58,57,1,-1,-1,-1
377,287,997,508,42,38,1,-1,-1,-1
378,278,1047,558,57,57,1,-1,-1,-1
378,287,995,508,43,39,1,-1,-1,-1
379,278,1048,557,56,56,1,-1,-1,-1
379,287,993,509,44,40,1,-1,-1,-1
380,278,1048,556,55,56,1,-1,-1,-1
380,287,992,509,44,41,1,-1,-1,-1
381,278,1049,554,54,55,1,-1,-1,-1
381,287,990,510,45,42,1,-1,-1,-1
382,278,1049,553,53,54,1,-1,-1,-1
382,287,988,510,46,43,1,-1,-1,-1
383,278,1050,551,52,54,1,-1,-1,-1
383,287,987,511,46,44,1,-1,-1,-1
384,278,1050,550,51,53,1,-1,-1,-1
384,287,985,511,47,45,1,-1,-1,-1
385,278,1050,549,51,52,1,-1,-1,-1
385,287,983,512,48,46,1,-1,-1,-1
386,278,1050,548,50,52,1,-1,-1,-1
386,287,982,513,49,46,1,-1,-1,-1
387,278,1050,547,50,51,1,-1,-1,-1
387,287,980,515,49,47,1,-1,-1,-1
388,278,1050,546,50,50,1,-1,-1,-1
388,281,0,541,498,295,1,-1,-1,-1
388,287,978,516,50,47,1,-1,-1,-1
389,278,1051,545,49,50,1,-1,-1,-1
389,281,79,552,508,263,1,-1,-1,-1
389,287,977,517,51,48,1,-1,-1,-1
390,278,1051,544,49,49,1,-1,-1,-1
390,281,212,558,447,242,1,-1,-1,-1
390,287,975,518,52,48,1,-1,-1,-1
391,278,1051,543,49,48,1,-1,-1,-1
391,281,344,564,385,220,1,-1,-1,-1
391,287,973,520,52,49,1,-1,-1,-1
392,278,1051,542,48,48,1,-1,-1,-1
392,281,429,570,345,202,1,-1,-1,-1
392,287,972,521,53,49,1,-1,-1,-1
393,278,1051,541,48,47,1,-1,-1,-1
393,281,513,577,306,184,1,-1,-1,-1
393,287,970,522,54,50,1,-1,-1,-1
394,278,1050,540,48,47,1,-1,-1,-1
394,281,598,583,266,166,1,-1,-1,-1
394,287,967,523,56,51,1,-1,-1,-1
395,278,1050,539,48,47,1,-1,-1,-1
395,281,649,584,245,159,1,-1,-1,-1
395,287,964,525,57,52,1,-1,-1,-1
396,278,1049,538,47,46,1,-1,-1,-1
396,281,701,586,224,152,1,-1,-1,-1
396,287,961,526,59,53,1,-1,-1,-1
397,278,1049,537,47,46,1,-1,-1,-1
397,281,752,587,203,145,1,-1,-1,-1
397,287,958,527,61,54,1,-1,-1,-1
398,278,1048,535,47,46,1,-1,-1,-1
398,281,781,587,201,141,1,-1,-1,-1
398,287,954,529,62,54,1,-1,-1,-1
399,278,1048,534,47,46,1,-1,-1,-1
399,281,810,587,199,136,1,-1,-1,-1
399,287,951,530,64,55,1,-1,-1,-1
400,278,1047,533,46,45,1,-1,-1,-1
400,281,840,589,180,127,1,-1,-1,-1
400,287,948,531,66,56,1,-1,-1,-1
401,278,1047,532,46,45,1,-1,-1,-1
401,281,870,590,162,117,1,-1,-1,-1
401,287,945,533,67,57,1,-1,-1,-1
402,278,1046,531,46,45,1,-1,-1,-1
402,281,900,592,143,108,1,-1,-1,-1
402,287,942,534,69,58,1,-1,-1,-1
403,278,1043,530,47,45,1,-1,-1,-1
403,281,914,589,145,110,1,-1,-1,-1
403,287,935,535,73,60,1,-1,-1,-1
403,288,947,491,44,36,1,-1,-1,-1
404,278,1041,529,48,44,1,-1,-1,-1
404,281,927,586,147,111,1,-1,-1,-1
404,287,928,536,76,62,1,-1,-1,-1
404,288,945,491,45,37,1,-1,-1,-1
405,278,1038,527,49,44,1,-1,-1,-1
405,281,946,585,136,108,1,-1,-1,-1
405,287,921,537,80,63,1,-1,-1,-1
405,288,943,491,45,38,1,-1,-1,-1
406,278,1035,526,50,43,1,-1,-1,-1
406,281,964,584,125,105,1,-1,-1,-1
406,287,914,538,83,65,1,-1,-1,-1
406,288,940,491,46,39,1,-1,-1,-1
407,278,1032,525,51,43,1,-1,-1,-1
407,281,977,582,120,102,1,-1,-1,-1
407,287,904,538,86,67,1,-1,-1,-1
407,288,938,491,46,40,1,-1,-1,-1
408,278,1030,524,52,42,1,-1,-1,-1
408,281,987,582,112,97,1,-1,-1,-1
408,287,895,538,90,70,1,-1,-1,-1
408,288,936,492,47,41,1,-1,-1,-1
409,278,1027,522,53,42,1,-1,-1,-1
409,281,998,582,104,91,1,-1,-1,-1
409,287,885,538,93,72,1,-1,-1,-1
409,288,934,492,47,42,1,-1,-1,-1
410,278,1024,521,54,41,1,-1,-1,-1
410,281,1008,581,95,86,1,-1,-1,-1
410,287,870,537,99,75,1,-1,-1,-1
410,288,931,492,48,43,1,-1,-1,-1
411,278,1019,519,55,41,1,-1,-1,-1
411,281,1018,581,87,80,1,-1,-1,-1
411,287,856,536,105,78,1,-1,-1,-1
411,288,929,492,48,44,1,-1,-1,-1
412,278,1014,517,57,41,1,-1,-1,-1
412,281,1022,580,85,78,1,-1,-1,-1
412,287,841,535,110,81,1,-1,-1,-1
412,288,927,492,49,45,1,-1,-1,-1
413,278,1009,515,58,42,1,-1,-1,-1
413,281,1027,578,84,76,1,-1,-1,-1
413,287,826,534,116,84,1,-1,-1,-1
413,288,923,493,50,46,1,-1,-1,-1
414,278,1004,513,60,42,1,-1,-1,-1
414,281,1031,577,82,74,1,-1,-1,-1
414,287,803,532,128,90,1,-1,-1,-1
414,288,920,493,51,46,1,-1,-1,-1
415,278,1000,510,61,42,1,-1,-1,-1
415,281,1035,575,80,72,1,-1,-1,-1
415,287,781,529,139,96,1,-1,-1,-1
415,288,916,494,53,47,1,-1,-1,-1
416,278,995,508,63,42,1,-1,-1,-1
416,281,1037,573,78,71,1,-1,-1,-1
416,287,758,527,151,101,1,-1,-1,-1
416,288,913,494,54,47,1,-1,-1,-1
417,278,990,506,64,43,1,-1,-1,-1
417,281,1039,571,76,69,1,-1,-1,-1
417,287,735,524,162,107,1,-1,-1,-1
417,288,909,495,55,48,1,-1,-1,-1
418,278,985,504,66,43,1,-1,-1,-1
418,281,1041,569,74,68,1,-1,-1,-1
418,287,700,521,177,110,1,-1,-1,-1
418,288,906,495,56,48,1,-1,-1,-1
419,278,980,502,67,43,1,-1,-1,-1
419,281,1043,567,72,67,1,-1,-1,-1
419,287,665,518,191,113,1,-1,-1,-1
419,288,902,496,57,49,1,-1,-1,-1
420,278,976,500,67,43,1,-1,-1,-1
420,281,1046,566,70,65,1,-1,-1,-1
420,287,630,514,206,117,1,-1,-1,-1
420,288,899,496,58,49,1,-1,-1,-1
421,278,972,499,67,43,1,-1,-1,-1
421,281,1048,564,68,64,1,-1,-1,-1
421,287,595,511,220,120,1,-1,-1,-1
421,288,895,497,60,50,1,-1,-1,-1
422,278,968,497,67,43,1,-1,-1,-1
422,281,1050,562,66,63,1,-1,-1,-1
422,287,560,508,235,123,1,-1,-1,-1
422,288,892,497,61,50,1,-1,-1,-1
423,278,964,496,67,43,1,-1,-1,-1
423,281,1052,560,64,61,1,-1,-1,-1
423,287,508,502,248,126,1,-1,-1,-1
423,288,888,498,62,51,1,-1,-1,-1
424,278,959,494,68,43,1,-1,-1,-1
424,281,1054,558,62,60,1,-1,-1,-1
424,287,457,496,261,130,1,-1,-1,-1
424,288,882,498,64,52,1,-1,-1,-1
425,278,955,493,68,43,1,-1,-1,-1
425,281,1054,556,61,59,1,-1,-1,-1
425,287,405,489,274,133,1,-1,-1,-1
425,288,876,498,66,54,1,-1,-1,-1
426,278,951,491,68,43,1,-1,-1,-1
426,281,1055,554,60,58,1,-1,-1,-1
426,287,353,483,287,136,1,-1,-1,-1
426,288,870,499,68,55,1,-1,-1,-1
427,278,947,490,68,43,1,-1,-1,-1
427,281,1055,552,58,57,1,-1,-1,-1
427,287,269,472,319,146,1,-1,-1,-1
427,288,864,499,70,57,1,-1,-1,-1
428,278,943,488,68,43,1,-1,-1,-1
428,281,1055,550,57,56,1,-1,-1,-1
428,287,185,461,351,156,1,-1,-1,-1
428,288,859,499,71,58,1,-1,-1,-1
429,278,939,486,68,43,1,-1,-1,-1
429,281,1056,549,56,54,1,-1,-1,-1
429,287,101,450,383,166,1,-1,-1,-1
429,288,853,499,73,60,1,-1,-1,-1
430,278,935,485,68,43,1,-1,-1,-1
430,281,1056,547,55,53,1,-1,-1,-1
430,287,0,437,419,177,1,-1,-1,-1
430,288,847,500,75,61,1,-1,-1,-1
431,278,931,483,68,43,1,-1,-1,-1
431,281,1056,545,53,52,1,-1,-1,-1
431,287,0,419,347,191,1,-1,-1,-1
431,288,841,500,77,63,1,-1,-1,-1
432,278,928,482,68,42,1,-1,-1,-1
432,281,1057,543,52,51,1,-1,-1,-1
432,288,835,500,79,64,1,-1,-1,-1
433,278,924,480,68,42,1,-1,-1,-1
433,281,1057,541,51,50,1,-1,-1,-1
433,288,826,500,82,66,1,-1,-1,-1
434,278,920,479,68,42,1,-1,-1,-1
434,281,1057,540,50,49,1,-1,-1,-1
434,288,816,499,85,67,1,-1,-1,-1
435,278,916,477,68,42,1,-1,-1,-1
435,281,1057,539,50,48,1,-1,-1,-1
435,288,807,499,87,69,1,-1,-1,-1
436,278,912,476,68,41,1,-1,-1,-1
436,281,1057,538,49,47,1,-1,-1,-1
436,288,797,498,90,70,1,-1,-1,-1
437,278,908,474,68,41,1,-1,-1,-1
437,281,1058,536,48,45,1,-1,-1,-1
437,288,788,498,93,72,1,-1,-1,-1
438,278,904,473,68,40,1,-1,-1,-1
438,281,1058,535,47,44,1,-1,-1,-1
438,288,772,497,103,75,1,-1,-1,-1
439,278,900,471,69,39,1,-1,-1,-1
439,281,1058,534,47,43,1,-1,-1,-1
439,288,756,495,113,79,1,-1,-1,-1
440,278,896,470,69,38,1,-1,-1,-1
440,281,1058,533,46,42,1,-1,-1,-1
440,288,739,494,123,82,1,-1,-1,-1
441,278,892,468,69,38,1,-1,-1,-1
441,281,1058,532,45,42,1,-1,-1,-1
441,288,723,492,133,85,1,-1,-1,-1
442,278,888,467,69,37,1,-1,-1,-1
442,281,1059,531,44,41,1,-1,-1,-1
442,288,704,490,139,88,1,-1,-1,-1
443,278,884,465,69,37,1,-1,-1,-1
443,281,1059,529,43,41,1,-1,-1,-1
443,288,685,488,144,91,1,-1,-1,-1
444,278,879,464,69,37,1,-1,-1,-1
444,281,1060,528,43,40,1,-1,-1,-1
444,288,664,485,153,94,1,-1,-1,-1
445,278,875,462,69,37,1,-1,-1,-1
445,281,1060,527,42,40,1,-1,-1,-1
445,288,643,482,162,97,1,-1,-1,-1
446,278,871,461,69,36,1,-1,-1,-1
446,281,1060,526,41,39,1,-1,-1,-1
446,288,618,479,165,98,1,-1,-1,-1
447,278,867,459,69,36,1,-1,-1,-1
447,281,1061,524,40,39,1,-1,-1,-1
447,288,592,475,169,99,1,-1,-1,-1
448,278,862,458,69,36,1,-1,-1,-1
448,281,1061,523,39,38,1,-1,-1,-1
448,288,567,472,172,100,1,-1,-1,-1
449,278,858,456,69,36,1,-1,-1,-1
449,288,541,468,175,101,1,-1,-1,-1
450,288,497,461,189,106,1,-1,-1,-1
451,288,452,455,204,111,1,-1,-1,-1
452,288,408,448,218,115,1,-1,-1,-1
453,288,363,441,232,120,1,-1,-1,-1
454,288,302,432,253,128,1,-1,-1,-1
455,288,240,422,273,135,1,-1,-1,-1
456,288,163,411,298,141,1,-1,-1,-1
457,288,85,399,322,147,1,-1,-1,-1
458,288,0,383,351,156,1,-1,-1,-1
459,288,0,367,282,164,1,-1,-1,-1
482,285,0,460,575,389,1,-1,-1,-1
483,285,4,483,637,347,1,-1,-1,-1
484,285,116,496,574,321,1,-1,-1,-1
485,285,228,509,511,296,1,-1,-1,-1
486,285,340,522,448,270,1,-1,-1,-1
487,285,402,529,424,255,1,-1,-1,-1
488,285,464,536,399,239,1,-1,-1,-1
489,285,526,543,375,224,1,-1,-1,-1
490,285,595,546,342,217,1,-1,-1,-1
491,285,632,550,323,208,1,-1,-1,-1
492,285,669,553,304,199,1,-1,-1,-1
493,285,707,557,284,191,1,-1,-1,-1
494,285,744,560,265,182,1,-1,-1,-1
495,285,781,564,246,173,1,-1,-1,-1
496,285,808,566,228,165,1,-1,-1,-1
497,285,834,569,209,156,1,-1,-1,-1
498,285,861,571,191,148,1,-1,-1,-1
499,285,887,573,172,139,1,-1,-1,-1
500,285,901,574,164,134,1,-1,-1,-1
501,285,916,575,157,130,1,-1,-1,-1
502,285,930,575,149,125,1,-1,-1,-1
503,285,945,576,142,121,1,-1,-1,-1
504,285,959,577,134,116,1,-1,-1,-1
505,285,965,576,131,114,1,-1,-1,-1
506,282,0,523,428,312,1,-1,-1,-1
506,285,970,574,129,113,1,-1,-1,-1
507,262,953,485,43,40,1,-1,-1,-1
507,282,0,535,517,285,1,-1,-1,-1
507,285,976,573,126,111,1,-1,-1,-1
508,262,951,486,44,40,1,-1,-1,-1
508,282,93,546,498,257,1,-1,-1,-1
508,285,982,572,123,110,1,-1,-1,-1
509,262,950,486,45,40,1,-1,-1,-1
509,282,207,551,446,242,1,-1,-1,-1
509,285,987,570,121,108,1,-1,-1,-1
510,262,948,487,45,41,1,-1,-1,-1
510,282,321,556,394,226,1,-1,-1,-1
510,285,993,569,118,107,1,-1,-1,-1
511,262,946,488,46,41,1,-1,-1,-1
511,282,399,561,369,216,1,-1,-1,-1
511,285,999,568,115,105,1,-1,-1,-1
512,262,945,488,47,41,1,-1,-1,-1
512,282,476,566,344,205,1,-1,-1,-1
512,285,1004,566,113,104,1,-1,-1,-1
513,262,943,489,48,41,1,-1,-1,-1
513,282,533,569,318,194,1,-1,-1,-1
513,285,1010,565,110,102,1,-1,-1,-1
514,262,941,490,48,42,1,-1,-1,-1
514,282,590,572,292,183,1,-1,-1,-1
514,285,1014,565,109,100,1,-1,-1,-1
515,262,940,490,49,42,1,-1,-1,-1
515,282,647,574,266,171,1,-1,-1,-1
515,285,1017,564,107,97,1,-1,-1,-1
516,262,938,491,50,42,1,-1,-1,-1
516,282,704,577,240,160,1,-1,-1,-1
516,285,1020,562,103,91,1,-1,-1,-1
517,262,936,491,51,42,1,-1,-1,-1
517,282,738,580,221,150,1,-1,-1,-1
517,285,1022,561,101,87,1,-1,-1,-1
518,262,933,492,52,43,1,-1,-1,-1
518,282,773,582,202,140,1,-1,-1,-1
518,285,1026,559,99,86,1,-1,-1,-1
519,262,931,492,53,43,1,-1,-1,-1
519,282,807,585,183,130,1,-1,-1,-1
519,285,1028,558,96,84,1,-1,-1,-1
520,262,928,493,54,44,1,-1,-1,-1
520,282,841,587,164,120,1,-1,-1,-1
520,285,1029,556,93,82,1,-1,-1,-1
521,262,926,493,54,44,1,-1,-1,-1
521,282,861,588,156,116,1,-1,-1,-1
521,285,1031,555,89,80,1,-1,-1,-1
522,262,923,494,55,45,1,-1,-1,-1
522,282,881,589,147,111,1,-1,-1,-1
522,285,1032,553,86,78,1,-1,-1,-1
523,262,921,494,56,45,1,-1,-1,-1
523,282,900,590,139,107,1,-1,-1,-1
523,285,1034,552,83,76,1,-1,-1,-1
524,262,918,495,57,46,1,-1,-1,-1
524,282,920,591,130,102,1,-1,-1,-1
524,285,1035,551,80,74,1,-1,-1,-1
525,262,916,495,58,46,1,-1,-1,-1
525,282,930,589,127,100,1,-1,-1,-1
525,285,1037,549,77,72,1,-1,-1,-1
526,262,913,495,59,47,1,-1,-1,-1
526,282,939,588,124,98,1,-1,-1,-1
526,285,1038,548,73,70,1,-1,-1,-1
527,262,910,496,60,47,1,-1,-1,-1
527,282,949,586,121,96,1,-1,-1,-1
527,285,1040,546,70,68,1,-1,-1,-1
528,262,907,496,61,48,1,-1,-1,-1
528,282,959,584,117,94,1,-1,-1,-1
528,285,1041,545,67,66,1,-1,-1,-1
529,262,904,496,62,48,1,-1,-1,-1
529,282,969,582,114,92,1,-1,-1,-1
529,285,1042,544,66,65,1,-1,-1,-1
530,262,902,497,63,49,1,-1,-1,-1
530,282,978,581,111,90,1,-1,-1,-1
530,285,1042,542,65,65,1,-1,-1,-1
531,262,899,497,63,50,1,-1,-1,-1
531,282,988,579,108,88,1,-1,-1,-1
531,285,1043,541,64,64,1,-1,-1,-1
531,286,0,801,760,399,1,-1,-1,-1
532,262,896,497,64,50,1,-1,-1,-1
532,282,992,577,104,86,1,-1,-1,-1
532,285,1043,539,63,63,1,-1,-1,-1
532,286,179,789,655,411,1,-1,-1,-1
533,262,893,497,65,51,1,-1,-1,-1
533,282,996,575,100,83,1,-1,-1,-1
533,285,1044,538,63,63,1,-1,-1,-1
533,286,341,773,556,368,1,-1,-1,-1
534,262,890,498,66,51,1,-1,-1,-1
534,282,1001,574,97,81,1,-1,-1,-1
534,285,1044,536,62,62,1,-1,-1,-1
534,286,456,763,483,333,1,-1,-1,-1
535,262,887,498,67,52,1,-1,-1,-1
535,282,1005,572,93,79,1,-1,-1,-1
535,285,1045,535,61,61,1,-1,-1,-1
535,286,571,753,409,297,1,-1,-1,-1
536,262,882,498,69,53,1,-1,-1,-1
536,282,1009,570,89,77,1,-1,-1,-1
536,285,1045,533,60,60,1,-1,-1,-1
536,286,646,743,374,276,1,-1,-1,-1
537,262,877,498,70,54,1,-1,-1,-1
537,282,1013,568,85,74,1,-1,-1,-1
537,285,1046,532,59,60,1,-1,-1,-1
537,286,721,732,338,255,1,-1,-1,-1
538,262,873,498,72,55,1,-1,-1,-1
538,282,1017,566,81,72,1,-1,-1,-1
538,285,1046,530,58,59,1,-1,-1,-1
538,286,772,726,307,238,1,-1,-1,-1
539,262,868,498,73,56,1,-1,-1,-1
539,282,1022,565,78,70,1,-1,-1,-1
539,285,1046,529,58,58,1,-1,-1,-1
539,286,822,721,275,222,1,-1,-1,-1
540,262,863,499,75,57,1,-1,-1,-1
540,282,1026,563,74,67,1,-1,-1,-1
540,285,1046,528,57,57,1,-1,-1,-1
540,286,873,715,244,205,1,-1,-1,-1
541,262,858,499,77,58,1,-1,-1,-1
541,282,1030,561,70,65,1,-1,-1,-1
541,285,1046,528,57,57,1,-1,-1,-1
541,286,907,712,225,187,1,-1,-1,-1
542,262,853,499,78,59,1,-1,-1,-1
542,282,1031,559,69,64,1,-1,-1,-1
542,285,1046,527,57,56,1,-1,-1,-1
542,286,941,708,205,169,1,-1,-1,-1
543,262,849,499,80,60,1,-1,-1,-1
543,282,1032,558,67,62,1,-1,-1,-1
543,285,1046,526,57,55,1,-1,-1,-1
543,286,960,700,196,164,1,-1,-1,-1
544,262,844,499,81,61,1,-1,-1,-1
544,282,1034,556,66,61,1,-1,-1,-1
544,285,1046,525,56,54,1,-1,-1,-1
544,286,979,692,188,159,1,-1,-1,-1
545,262,839,499,83,62,1,-1,-1,-1
545,282,1035,555,64,59,1,-1,-1,-1
545,285,1046,524,56,53,1,-1,-1,-1
545,286,998,685,179,155,1,-1,-1,-1
546,262,831,498,87,65,1,-1,-1,-1
546,282,1036,553,63,58,1,-1,-1,-1
546,285,1046,524,56,53,1,-1,-1,-1
546,286,1017,677,171,150,1,-1,-1,-1
547,262,823,497,91,67,1,-1,-1,-1
547,282,1037,551,61,57,1,-1,-1,-1
547,285,1046,523,55,52,1,-1,-1,-1
547,286,1036,669,162,145,1,-1,-1,-1
548,262,815,497,96,70,1,-1,-1,-1
548,282,1038,550,60,55,1,-1,-1,-1
548,285,1046,522,55,51,1,-1,-1,-1
548,286,1047,662,153,144,1,-1,-1,-1
549,262,807,496,100,72,1,-1,-1,-1
549,282,1040,548,58,54,1,-1,-1,-1
549,285,1046,521,54,50,1,-1,-1,-1
549,286,1057,661,145,135,1,-1,-1,-1
550,262,798,495,104,75,1,-1,-1,-1
550,282,1041,547,57,52,1,-1,-1,-1
550,285,1047,521,53,50,1,-1,-1,-1
550,286,1069,657,137,129,1,-1,-1,-1
551,262,790,494,108,77,1,-1,-1,-1
551,282,1042,545,55,51,1,-1,-1,-1
551,285,1047,520,53,49,1,-1,-1,-1
551,286,1081,652,128,123,1,-1,-1,-1
552,262,782,494,113,80,1,-1,-1,-1
552,282,1043,544,54,50,1,-1,-1,-1
552,285,1047,519,52,48,1,-1,-1,-1
552,286,1086,650,125,120,1,-1,-1,-1
553,262,774,493,117,82,1,-1,-1,-1
553,282,1044,542,53,50,1,-1,-1,-1
553,285,1048,519,51,47,1,-1,-1,-1
553,286,1091,646,123,118,1,-1,-1,-1
554,262,766,492,121,85,1,-1,-1,-1
554,282,1045,541,52,49,1,-1,-1,-1
554,286,1098,642,118,116,1,-1,-1,-1
555,262,758,492,122,85,1,-1,-1,-1
555,282,1046,540,51,49,1,-1,-1,-1
555,286,1101,638,116,111,1,-1,-1,-1
556,262,749,492,124,85,1,-1,-1,-1
556,282,1046,538,49,48,1,-1,-1,-1
556,286,1104,634,114,106,1,-1,-1,-1
557,262,740,491,130,87,1,-1,-1,-1
557,282,1047,537,48,47,1,-1,-1,-1
557,286,1106,632,113,103,1,-1,-1,-1
558,262,724,490,138,88,1,-1,-1,-1
558,282,1048,535,47,47,1,-1,-1,-1
558,286,1107,629,111,100,1,-1,-1,-1
559,262,712,488,144,91,1,-1,-1,-1
559,282,1049,534,46,46,1,-1,-1,-1
559,286,1108,626,109,99,1,-1,-1,-1
560,262,697,485,149,95,1,-1,-1,-1
560,282,1049,533,46,46,1,-1,-1,-1
560,286,1109,622,106,95,1,-1,-1,-1
561,262,681,482,154,98,1,-1,-1,-1
561,282,1049,531,46,46,1,-1,-1,-1
561,286,1110,620,105,91,1,-1,-1,-1
562,262,668,481,154,97,1,-1,-1,-1
562,282,1050,530,45,46,1,-1,-1,-1
562,286,1111,617,101,89,1,-1,-1,-1
563,262,654,481,154,96,1,-1,-1,-1
563,282,1050,529,45,46,1,-1,-1,-1
563,286,1111,615,97,87,1,-1,-1,-1
564,262,641,480,154,94,1,-1,-1,-1
564,282,1050,527,45,46,1,-1,-1,-1
564,286,1112,612,93,85,1,-1,-1,-1
565,262,627,479,154,93,1,-1,-1,-1
565,282,1050,526,45,46,1,-1,-1,-1
565,286,1112,609,89,83,1,-1,-1,-1
566,262,602,474,168,99,1,-1,-1,-1
566,282,1051,525,44,46,1,-1,-1,-1
566,286,1113,607,86,82,1,-1,-1,-1
567,262,577,470,182,105,1,-1,-1,-1
567,282,1051,523,44,46,1,-1,-1,-1
567,286,1113,604,82,80,1,-1,-1,-1
568,262,551,465,196,110,1,-1,-1,-1
568,282,1051,522,44,46,1,-1,-1,-1
568,286,1114,601,78,78,1,-1,-1,-1
569,262,526,460,210,116,1,-1,-1,-1
569,286,1114,598,74,76,1,-1,-1,-1
570,262,492,458,223,116,1,-1,-1,-1
570,286,1115,596,70,74,1,-1,-1,-1
571,262,457,453,236,119,1,-1,-1,-1
571,286,1115,593,66,72,1,-1,-1,-1
572,262,422,448,250,122,1,-1,-1,-1
572,286,1114,591,65,70,1,-1,-1,-1
573,262,388,444,263,124,1,-1,-1,-1
573,286,1114,589,64,68,1,-1,-1,-1
574,262,353,439,277,127,1,-1,-1,-1
574,286,1113,587,63,67,1,-1,-1,-1
575,262,318,434,290,130,1,-1,-1,-1
575,286,1112,585,62,65,1,-1,-1,-1
576,262,268,425,302,135,1,-1,-1,-1
576,286,1112,583,62,63,1,-1,-1,-1
577,262,217,417,315,140,1,-1,-1,-1
577,286,1111,581,61,61,1,-1,-1,-1
578,262,167,408,327,145,1,-1,-1,-1
578,286,1110,579,60,59,1,-1,-1,-1
579,262,116,400,340,150,1,-1,-1,-1
579,286,1109,577,59,58,1,-1,-1,-1
579,308,955,487,44,38,1,-1,-1,-1
580,262,66,391,352,155,1,-1,-1,-1
580,286,1109,575,58,56,1,-1,-1,-1
580,308,954,488,44,38,1,-1,-1,-1
581,262,0,379,374,163,1,-1,-1,-1
581,286,1108,573,57,54,1,-1,-1,-1
581,308,952,488,44,39,1,-1,-1,-1
582,262,0,369,328,170,1,-1,-1,-1
582,286,1108,571,56,53,1,-1,-1,-1
582,308,951,489,44,39,1,-1,-1,-1
583,286,1107,570,55,52,1,-1,-1,-1
583,308,949,490,44,39,1,-1,-1,-1
584,286,1107,568,54,52,1,-1,-1,-1
584,308,948,491,44,40,1,-1,-1,-1
585,286,1106,567,53,51,1,-1,-1,-1
585,308,947,491,44,40,1,-1,-1,-1
586,286,1106,565,53,50,1,-1,-1,-1
586,308,945,492,44,40,1,-1,-1,-1
587,286,1105,563,52,49,1,-1,-1,-1
587,308,944,493,44,40,1,-1,-1,-1
588,286,1105,562,51,48,1,-1,-1,-1
588,308,942,493,44,41,1,-1,-1,-1
589,286,1104,560,50,48,1,-1,-1,-1
589,308,941,494,44,41,1,-1,-1,-1
590,286,1104,559,49,47,1,-1,-1,-1
590,308,939,494,45,42,1,-1,-1,-1
591,286,1103,557,48,46,1,-1,-1,-1
591,308,937,494,46,43,1,-1,-1,-1
592,286,1103,556,47,46,1,-1,-1,-1
592,308,935,495,47,43,1,-1,-1,-1
593,286,1102,554,47,45,1,-1,-1,-1
593,308,933,495,48,44,1,-1,-1,-1
594,286,1102,553,46,45,1,-1,-1,-1
594,308,931,495,49,45,1,-1,-1,-1
595,286,1102,551,46,44,1,-1,-1,-1
595,308,928,495,50,46,1,-1,-1,-1
596,286,1102,550,45,44,1,-1,-1,-1
596,308,926,495,51,47,1,-1,-1,-1
597,286,1101,548,44,44,1,-1,-1,-1
597,308,924,496,52,47,1,-1,-1,-1
598,286,1101,547,44,43,1,-1,-1,-1
598,308,922,496,53,48,1,-1,-1,-1
599,286,1101,545,43,43,1,-1,-1,-1
599,308,920,496,54,49,1,-1,-1,-1
600,286,1100,544,43,42,1,-1,-1,-1
600,308,917,497,55,50,1,-1,-1,-1
601,286,1100,542,42,42,1,-1,-1,-1
601,308,915,497,56,50,1,-1,-1,-1
602,308,912,498,57,51,1,-1,-1,-1
603,308,909,498,58,51,1,-1,-1,-1
604,308,907,499,60,52,1,-1,-1,-1
605,308,904,500,61,53,1,-1,-1,-1
606,308,901,500,62,53,1,-1,-1,-1
607,308,898,501,63,54,1,-1,-1,-1
608,308,896,501,64,54,1,-1,-1,-1
609,308,893,502,65,55,1,-1,-1,-1
610,308,889,502,67,56,1,-1,-1,-1
611,308,885,502,68,57,1,-1,-1,-1
612,308,881,502,70,58,1,-1,-1,-1
613,308,877,503,72,60,1,-1,-1,-1
614,308,873,503,74,61,1,-1,-1,-1
615,308,869,503,75,62,1,-1,-1,-1
616,308,865,503,77,63,1,-1,-1,-1
617,308,859,503,79,64,1,-1,-1,-1
618,308,853,503,80,66,1,-1,-1,-1
619,308,847,503,82,67,1,-1,-1,-1
620,308,841,504,83,69,1,-1,-1,-1
621,308,835,504,85,70,1,-1,-1,-1
622,308,829,504,86,72,1,-1,-1,-1
623,308,823,504,88,73,1,-1,-1,-1
624,308,803,500,110,85,1,-1,-1,-1
625,308,806,506,95,71,1,-1,-1,-1
