1,271,487,524,488,308,1,-1,-1,-1
1,299,1121,74,206,131,1,-1,-1,-1
1,302,1006,0,170,105,1,-1,-1,-1
1,308,1458,501,322,248,1,-1,-1,-1
2,271,525,535,500,315,1,-1,-1,-1
2,299,1142,72,193,125,1,-1,-1,-1
2,302,1006,0,170,105,1,-1,-1,-1
2,308,1445,495,325,248,1,-1,-1,-1
3,271,546,539,559,332,1,-1,-1,-1
3,299,1162,69,179,120,1,-1,-1,-1
3,302,1006,0,171,105,1,-1,-1,-1
3,308,1432,489,327,247,1,-1,-1,-1
4,271,614,551,525,343,1,-1,-1,-1
4,299,1183,67,166,114,1,-1,-1,-1
4,302,1006,0,171,105,1,-1,-1,-1
4,308,1419,483,330,247,1,-1,-1,-1
5,271,645,572,565,340,1,-1,-1,-1
5,299,1203,64,152,108,1,-1,-1,-1
5,302,1006,0,172,105,1,-1,-1,-1
5,308,1406,477,333,247,1,-1,-1,-1
6,271,708,579,549,362,1,-1,-1,-1
6,299,1217,60,144,105,1,-1,-1,-1
6,302,1005,0,172,106,1,-1,-1,-1
6,308,1393,471,335,246,1,-1,-1,-1
7,271,764,597,552,369,1,-1,-1,-1
7,299,1231,55,136,102,1,-1,-1,-1
7,302,1005,0,173,106,1,-1,-1,-1
7,308,1380,465,338,246,1,-1,-1,-1
8,271,819,614,555,376,1,-1,-1,-1
8,299,1244,51,127,99,1,-1,-1,-1
8,302,1005,0,173,106,1,-1,-1,-1
8,308,1357,452,356,251,1,-1,-1,-1
9,271,875,632,558,383,1,-1,-1,-1
9,299,1258,46,119,96,1,-1,-1,-1
9,302,1005,0,174,106,1,-1,-1,-1
9,308,1333,439,375,256,1,-1,-1,-1
10,271,939,648,552,383,1,-1,-1,-1
10,299,1262,41,121,101,1,-1,-1,-1
10,302,1005,0,174,106,1,-1,-1,-1
10,308,1310,426,393,261,1,-1,-1,-1
11,271,999,676,547,383,1,-1,-1,-1
11,299,1270,38,118,98,1,-1,-1,-1
11,302,1004,0,175,106,1,-1,-1,-1
11,308,1296,422,397,256,1,-1,-1,-1
12,271,1068,703,531,367,1,-1,-1,-1
12,299,1278,35,114,95,1,-1,-1,-1
12,302,1002,0,175,106,1,-1,-1,-1
12,308,1274,413,401,254,1,-1,-1,-1
13,271,1136,730,514,350,1,-1,-1,-1
13,299,1286,32,111,92,1,-1,-1,-1
13,302,1001,0,176,107,1,-1,-1,-1
13,308,1252,405,406,253,1,-1,-1,-1
14,271,1184,753,510,327,1,-1,-1,-1
14,299,1292,27,108,90,1,-1,-1,-1
14,302,999,0,176,107,1,-1,-1,-1
14,308,1230,396,410,251,1,-1,-1,-1
15,271,1270,777,481,303,1,-1,-1,-1
15,299,1298,23,104,89,1,-1,-1,-1
15,302,998,0,177,107,1,-1,-1,-1
15,308,1218,393,406,245,1,-1,-1,-1
16,271,1334,801,452,279,1,-1,-1,-1
16,299,1303,19,99,87,1,-1,-1,-1
16,302,997,0,178,107,1,-1,-1,-1
16,308,1183,383,403,249,1,-1,-1,-1
17,271,1399,826,423,254,1,-1,-1,-1
17,299,1309,14,95,86,1,-1,-1,-1
17,302,995,0,178,107,1,-1,-1,-1
17,308,1166,373,399,251,1,-1,-1,-1
18,271,1463,850,394,230,1,-1,-1,-1
18,299,1314,10,90,84,1,-1,-1,-1
18,302,994,0,179,107,1,-1,-1,-1
18,308,1146,365,407,243,1,-1,-1,-1
19,299,1316,7,87,79,1,-1,-1,-1
19,302,992,0,179,108,1,-1,-1,-1
19,308,1115,357,407,237,1,-1,-1,-1
20,299,1320,5,81,75,1,-1,-1,-1
20,302,991,0,180,108,1,-1,-1,-1
20,308,1084,348,408,231,1,-1,-1,-1
21,299,1324,4,74,70,1,-1,-1,-1
21,302,989,0,180,108,1,-1,-1,-1
21,308,1052,340,408,224,1,-1,-1,-1
22,299,1328,2,68,66,1,-1,-1,-1
22,302,988,0,181,108,1,-1,-1,-1
22,308,1021,331,408,218,1,-1,-1,-1
23,299,1332,0,61,61,1,-1,-1,-1
23,302,982,0,184,109,1,-1,-1,-1
23,308,990,322,402,218,1,-1,-1,-1
24,299,1332,0,61,57,1,-1,-1,-1
24,302,977,0,188,111,1,-1,-1,-1
24,308,959,313,396,217,1,-1,-1,-1
25,299,1333,0,61,52,1,-1,-1,-1
25,302,971,0,191,112,1,-1,-1,-1
25,308,935,304,402,217,1,-1,-1,-1
26,299,1333,0,61,48,1,-1,-1,-1
26,302,966,0,194,114,1,-1,-1,-1
26,308,887,297,406,211,1,-1,-1,-1
27,302,960,0,197,115,1,-1,-1,-1
27,308,861,295,414,205,1,-1,-1,-1
28,302,955,0,201,117,1,-1,-1,-1
28,308,833,287,401,200,1,-1,-1,-1
29,300,0,589,161,189,1,-1,-1,-1
29,302,949,0,204,118,1,-1,-1,-1
29,308,804,278,387,194,1,-1,-1,-1
30,300,0,587,172,186,1,-1,-1,-1
30,302,943,0,207,119,1,-1,-1,-1
30,308,772,272,384,191,1,-1,-1,-1
31,300,0,585,183,184,1,-1,-1,-1
31,302,938,0,210,121,1,-1,-1,-1
31,308,739,266,381,187,1,-1,-1,-1
32,300,0,583,194,181,1,-1,-1,-1
32,302,932,0,214,122,1,-1,-1,-1
32,308,706,263,376,185,1,-1,-1,-1
33,300,0,578,207,184,1,-1,-1,-1
33,302,927,0,217,124,1,-1,-1,-1
33,308,673,259,370,182,1,-1,-1,-1
34,300,0,574,220,186,1,-1,-1,-1
34,302,921,0,220,125,1,-1,-1,-1
34,308,650,256,371,174,1,-1,-1,-1
35,300,0,569,233,189,1,-1,-1,-1
35,302,909,1,225,127,1,-1,-1,-1
35,308,605,255,367,171,1,-1,-1,-1
36,300,5,560,253,202,1,-1,-1,-1
36,302,898,2,229,128,1,-1,-1,-1
36,308,581,255,370,161,1,-1,-1,-1
37,300,9,550,272,216,1,-1,-1,-1
37,302,886,4,234,130,1,-1,-1,-1
37,308,546,254,350,158,1,-1,-1,-1
38,300,14,541,292,229,1,-1,-1,-1
38,302,875,5,238,131,1,-1,-1,-1
38,308,527,253,343,154,1,-1,-1,-1
39,300,18,540,308,228,1,-1,-1,-1
39,302,863,6,243,133,1,-1,-1,-1
39,308,502,254,330,151,1,-1,-1,-1
40,300,31,540,316,224,1,-1,-1,-1
40,302,851,7,248,134,1,-1,-1,-1
40,308,476,254,318,148,1,-1,-1,-1
41,300,44,541,324,221,1,-1,-1,-1
41,302,840,8,252,136,1,-1,-1,-1
41,308,451,255,305,145,1,-1,-1,-1
42,300,56,541,332,217,1,-1,-1,-1
42,302,828,10,257,137,1,-1,-1,-1
42,308,425,255,292,142,1,-1,-1,-1
43,300,69,541,340,213,1,-1,-1,-1
43,302,817,11,261,139,1,-1,-1,-1
43,308,401,256,283,143,1,-1,-1,-1
44,300,78,540,355,213,1,-1,-1,-1
44,302,805,12,266,140,1,-1,-1,-1
44,308,378,256,274,144,1,-1,-1,-1
45,300,88,537,367,216,1,-1,-1,-1
45,302,790,15,265,141,1,-1,-1,-1
45,308,354,257,265,145,1,-1,-1,-1
46,300,110,534,372,223,1,-1,-1,-1
46,302,775,17,264,142,1,-1,-1,-1
46,308,330,257,256,146,1,-1,-1,-1
47,300,131,530,376,229,1,-1,-1,-1
47,302,755,18,276,147,1,-1,-1,-1
47,308,304,260,244,146,1,-1,-1,-1
47,309,0,471,153,183,1,-1,-1,-1
48,300,145,529,386,233,1,-1,-1,-1
48,302,734,20,287,152,1,-1,-1,-1
48,308,274,266,237,143,1,-1,-1,-1
48,309,0,465,165,183,1,-1,-1,-1
49,300,156,528,397,233,1,-1,-1,-1
49,302,714,21,299,157,1,-1,-1,-1
49,308,267,271,232,140,1,-1,-1,-1
49,309,0,459,178,184,1,-1,-1,-1
50,300,199,523,399,249,1,-1,-1,-1
50,302,693,22,310,162,1,-1,-1,-1
50,308,238,277,229,143,1,-1,-1,-1
50,309,0,453,190,184,1,-1,-1,-1
51,300,214,521,409,255,1,-1,-1,-1
51,302,678,23,312,163,1,-1,-1,-1
51,308,209,296,213,134,1,-1,-1,-1
51,309,0,446,207,186,1,-1,-1,-1
52,300,246,526,432,263,1,-1,-1,-1
52,302,662,24,322,163,1,-1,-1,-1
52,308,203,297,210,136,1,-1,-1,-1
52,309,0,439,223,187,1,-1,-1,-1
53,300,260,527,444,273,1,-1,-1,-1
53,302,634,31,322,162,1,-1,-1,-1
53,308,175,304,201,135,1,-1,-1,-1
53,309,10,432,231,187,1,-1,-1,-1
54,300,290,531,459,287,1,-1,-1,-1
54,302,618,33,327,164,1,-1,-1,-1
54,308,148,312,193,133,1,-1,-1,-1
54,309,24,423,239,189,1,-1,-1,-1
55,300,319,535,474,300,1,-1,-1,-1
55,302,599,35,330,166,1,-1,-1,-1
55,308,131,320,189,134,1,-1,-1,-1
55,309,37,414,247,191,1,-1,-1,-1
56,300,349,538,488,314,1,-1,-1,-1
56,302,578,43,326,170,1,-1,-1,-1
56,308,114,328,185,135,1,-1,-1,-1
56,309,51,405,255,192,1,-1,-1,-1
57,300,378,542,503,327,1,-1,-1,-1
57,302,556,51,321,174,1,-1,-1,-1
57,309,64,396,263,194,1,-1,-1,-1
58,300,408,546,518,341,1,-1,-1,-1
58,302,542,53,317,178,1,-1,-1,-1
58,309,82,384,278,196,1,-1,-1,-1
59,300,438,560,531,337,1,-1,-1,-1
59,302,516,59,316,181,1,-1,-1,-1
59,309,100,372,293,199,1,-1,-1,-1
60,300,509,561,526,348,1,-1,-1,-1
60,302,490,64,315,184,1,-1,-1,-1
60,309,118,360,309,201,1,-1,-1,-1
61,300,544,570,538,354,1,-1,-1,-1
61,302,473,66,315,186,1,-1,-1,-1
61,308,28,366,166,138,1,-1,-1,-1
61,309,136,348,324,203,1,-1,-1,-1
62,300,596,586,547,359,1,-1,-1,-1
62,302,444,72,320,190,1,-1,-1,-1
62,308,11,374,162,139,1,-1,-1,-1
62,309,154,336,339,206,1,-1,-1,-1
63,300,648,602,556,365,1,-1,-1,-1
63,302,416,78,326,194,1,-1,-1,-1
63,308,9,392,129,124,1,-1,-1,-1
63,309,172,324,354,208,1,-1,-1,-1
64,300,700,619,565,370,1,-1,-1,-1
64,302,387,84,331,198,1,-1,-1,-1
64,303,1719,640,201,254,1,-1,-1,-1
64,308,0,406,119,117,1,-1,-1,-1
64,309,200,312,365,210,1,-1,-1,-1
65,300,752,635,574,376,1,-1,-1,-1
65,302,370,87,330,198,1,-1,-1,-1
65,303,1710,632,210,256,1,-1,-1,-1
65,308,0,414,100,119,1,-1,-1,-1
65,309,228,299,375,211,1,-1,-1,-1
66,300,804,651,583,381,1,-1,-1,-1
66,302,340,95,325,200,1,-1,-1,-1
66,303,1700,626,220,258,1,-1,-1,-1
66,309,261,283,385,218,1,-1,-1,-1
67,300,868,673,572,376,1,-1,-1,-1
67,302,309,103,320,202,1,-1,-1,-1
67,303,1691,622,229,259,1,-1,-1,-1
67,309,295,267,396,225,1,-1,-1,-1
68,300,932,694,561,370,1,-1,-1,-1
68,302,290,116,316,202,1,-1,-1,-1
68,303,1685,617,235,260,1,-1,-1,-1
68,309,328,250,406,231,1,-1,-1,-1
69,300,991,713,563,367,1,-1,-1,-1
69,302,270,128,312,202,1,-1,-1,-1
69,303,1666,611,254,263,1,-1,-1,-1
69,309,361,234,416,238,1,-1,-1,-1
70,300,1057,739,549,341,1,-1,-1,-1
70,302,251,141,308,202,1,-1,-1,-1
70,303,1647,605,273,266,1,-1,-1,-1
70,309,419,219,414,238,1,-1,-1,-1
71,300,1118,760,546,320,1,-1,-1,-1
71,302,231,153,304,202,1,-1,-1,-1
71,303,1628,598,292,269,1,-1,-1,-1
71,309,461,207,408,233,1,-1,-1,-1
72,300,1193,782,509,298,1,-1,-1,-1
72,302,203,156,294,211,1,-1,-1,-1
72,303,1609,592,311,272,1,-1,-1,-1
72,309,503,195,402,227,1,-1,-1,-1
73,300,1260,807,484,273,1,-1,-1,-1
73,302,188,162,290,217,1,-1,-1,-1
73,303,1592,574,328,284,1,-1,-1,-1
73,309,543,184,401,223,1,-1,-1,-1
74,300,1327,832,458,248,1,-1,-1,-1
74,302,162,174,283,219,1,-1,-1,-1
74,303,1568,558,348,296,1,-1,-1,-1
74,309,583,173,400,218,1,-1,-1,-1
75,302,135,186,276,220,1,-1,-1,-1
75,303,1542,548,367,298,1,-1,-1,-1
75,309,637,165,408,201,1,-1,-1,-1
76,302,114,202,272,214,1,-1,-1,-1
76,303,1534,526,358,298,1,-1,-1,-1
76,309,660,160,404,197,1,-1,-1,-1
77,302,93,218,268,209,1,-1,-1,-1
77,303,1506,521,359,292,1,-1,-1,-1
77,309,723,157,389,187,1,-1,-1,-1
78,302,71,234,264,203,1,-1,-1,-1
78,303,1484,509,374,298,1,-1,-1,-1
78,309,768,141,376,189,1,-1,-1,-1
79,302,50,250,260,197,1,-1,-1,-1
79,303,1455,496,393,300,1,-1,-1,-1
79,309,813,125,362,190,1,-1,-1,-1
80,302,34,256,260,201,1,-1,-1,-1
80,303,1432,488,416,300,1,-1,-1,-1
80,309,856,117,348,178,1,-1,-1,-1
81,302,25,270,236,200,1,-1,-1,-1
81,303,1405,479,396,304,1,-1,-1,-1
81,309,898,108,333,166,1,-1,-1,-1
82,302,16,283,211,200,1,-1,-1,-1
82,303,1377,461,402,301,1,-1,-1,-1
82,309,929,103,316,160,1,-1,-1,-1
83,302,7,297,187,199,1,-1,-1,-1
83,303,1350,444,409,298,1,-1,-1,-1
83,309,967,99,293,152,1,-1,-1,-1
84,302,0,308,172,199,1,-1,-1,-1
84,303,1322,426,415,295,1,-1,-1,-1
84,309,1006,96,271,144,1,-1,-1,-1
85,302,0,324,150,194,1,-1,-1,-1
85,303,1296,413,425,296,1,-1,-1,-1
85,309,1044,92,248,136,1,-1,-1,-1
86,303,1260,402,430,291,1,-1,-1,-1
86,309,1079,84,241,134,1,-1,-1,-1
87,303,1224,391,434,286,1,-1,-1,-1
87,309,1118,80,221,125,1,-1,-1,-1
88,303,1187,380,439,281,1,-1,-1,-1
88,309,1137,71,212,124,1,-1,-1,-1
89,303,1151,369,443,276,1,-1,-1,-1
89,309,1157,61,202,124,1,-1,-1,-1
90,303,1119,356,437,271,1,-1,-1,-1
90,309,1176,52,193,123,1,-1,-1,-1
91,303,1086,343,431,266,1,-1,-1,-1
91,309,1190,52,185,117,1,-1,-1,-1
92,303,1054,329,424,261,1,-1,-1,-1
92,309,1217,47,174,116,1,-1,-1,-1
93,303,1021,316,418,256,1,-1,-1,-1
93,309,1234,42,159,113,1,-1,-1,-1
94,303,984,302,417,256,1,-1,-1,-1
94,309,1250,36,143,110,1,-1,-1,-1
95,303,946,288,416,256,1,-1,-1,-1
95,309,1266,29,139,110,1,-1,-1,-1
96,303,922,280,425,251,1,-1,-1,-1
96,309,1272,23,135,113,1,-1,-1,-1
97,303,868,276,422,244,1,-1,-1,-1
97,309,1286,19,123,110,1,-1,-1,-1
98,303,852,263,411,229,1,-1,-1,-1
98,309,1295,18,118,104,1,-1,-1,-1
99,303,809,254,388,230,1,-1,-1,-1
99,309,1304,16,113,97,1,-1,-1,-1
100,303,786,246,395,223,1,-1,-1,-1
100,309,1312,15,107,91,1,-1,-1,-1
101,303,735,240,388,216,1,-1,-1,-1
101,309,1321,13,102,84,1,-1,-1,-1
102,303,711,235,396,210,1,-1,-1,-1
102,309,1326,12,99,79,1,-1,-1,-1
103,303,664,232,385,205,1,-1,-1,-1
103,309,1339,6,77,76,1,-1,-1,-1
104,303,640,230,388,196,1,-1,-1,-1
104,309,1343,4,74,73,1,-1,-1,-1
105,303,596,227,375,193,1,-1,-1,-1
105,309,1347,2,71,69,1,-1,-1,-1
106,303,585,215,355,186,1,-1,-1,-1
106,309,1351,0,68,66,1,-1,-1,-1
107,303,538,217,345,182,1,-1,-1,-1
107,309,1354,0,67,62,1,-1,-1,-1
108,260,0,545,206,217,1,-1,-1,-1
108,303,518,215,341,179,1,-1,-1,-1
108,309,1357,0,66,57,1,-1,-1,-1
109,260,0,536,224,222,1,-1,-1,-1
109,303,478,218,330,176,1,-1,-1,-1
109,309,1359,0,64,53,1,-1,-1,-1
110,260,0,527,243,228,1,-1,-1,-1
110,303,456,217,331,173,1,-1,-1,-1
110,309,1362,0,63,48,1,-1,-1,-1
111,260,0,518,261,233,1,-1,-1,-1
111,303,427,219,325,172,1,-1,-1,-1
112,260,0,506,290,238,1,-1,-1,-1
112,303,397,221,318,170,1,-1,-1,-1
113,260,8,498,306,236,1,-1,-1,-1
113,303,368,222,312,169,1,-1,-1,-1
114,260,19,485,330,243,1,-1,-1,-1
114,303,338,224,305,167,1,-1,-1,-1
115,260,29,471,355,249,1,-1,-1,-1
115,303,318,230,291,164,1,-1,-1,-1
116,260,40,458,379,256,1,-1,-1,-1
116,303,299,236,277,162,1,-1,-1,-1
117,260,50,444,403,262,1,-1,-1,-1
117,303,279,242,263,159,1,-1,-1,-1
118,260,83,433,404,265,1,-1,-1,-1
118,272,0,495,135,154,1,-1,-1,-1
118,303,259,248,249,156,1,-1,-1,-1
119,260,115,422,405,268,1,-1,-1,-1
119,272,0,494,138,154,1,-1,-1,-1
119,303,230,252,243,161,1,-1,-1,-1
120,260,145,409,412,267,1,-1,-1,-1
120,272,0,490,145,154,1,-1,-1,-1
120,303,209,260,235,161,1,-1,-1,-1
121,260,176,396,419,266,1,-1,-1,-1
121,272,0,487,151,155,1,-1,-1,-1
121,303,189,267,228,161,1,-1,-1,-1
122,260,206,384,425,266,1,-1,-1,-1
122,272,0,483,158,155,1,-1,-1,-1
122,303,168,275,220,161,1,-1,-1,-1
123,260,237,371,432,265,1,-1,-1,-1
123,272,0,480,164,156,1,-1,-1,-1
123,303,147,283,212,161,1,-1,-1,-1
124,260,267,358,439,264,1,-1,-1,-1
124,272,0,476,171,156,1,-1,-1,-1
124,303,127,290,205,161,1,-1,-1,-1
125,260,309,344,443,263,1,-1,-1,-1
125,272,0,463,206,178,1,-1,-1,-1
125,303,106,298,197,161,1,-1,-1,-1
126,260,352,330,447,262,1,-1,-1,-1
126,272,0,470,208,165,1,-1,-1,-1
126,303,89,312,191,156,1,-1,-1,-1
127,260,394,317,451,262,1,-1,-1,-1
127,272,7,461,211,165,1,-1,-1,-1
127,303,72,326,185,151,1,-1,-1,-1
128,260,437,303,455,261,1,-1,-1,-1
128,272,15,453,215,165,1,-1,-1,-1
128,303,56,339,174,150,1,-1,-1,-1
129,260,479,289,459,260,1,-1,-1,-1
129,272,22,444,218,164,1,-1,-1,-1
129,303,39,351,164,149,1,-1,-1,-1
130,260,519,274,465,259,1,-1,-1,-1
130,272,29,435,221,164,1,-1,-1,-1
130,303,23,364,153,147,1,-1,-1,-1
131,260,559,259,470,257,1,-1,-1,-1
131,272,44,428,230,167,1,-1,-1,-1
131,303,6,376,142,146,1,-1,-1,-1
132,260,600,244,476,256,1,-1,-1,-1
132,272,57,420,235,167,1,-1,-1,-1
132,303,0,391,125,141,1,-1,-1,-1
133,260,640,229,481,254,1,-1,-1,-1
133,272,70,412,240,167,1,-1,-1,-1
134,260,680,214,487,253,1,-1,-1,-1
134,272,82,404,244,168,1,-1,-1,-1
135,260,750,206,473,250,1,-1,-1,-1
135,272,95,396,249,168,1,-1,-1,-1
136,260,782,187,449,239,1,-1,-1,-1
136,272,108,388,254,168,1,-1,-1,-1
137,260,843,176,432,232,1,-1,-1,-1
137,272,123,372,266,180,1,-1,-1,-1
138,260,884,167,394,228,1,-1,-1,-1
138,272,138,355,278,191,1,-1,-1,-1
139,260,941,156,389,220,1,-1,-1,-1
139,272,161,345,284,189,1,-1,-1,-1
140,260,973,151,366,211,1,-1,-1,-1
140,272,184,336,290,187,1,-1,-1,-1
141,260,1029,153,345,193,1,-1,-1,-1
141,272,207,326,295,186,1,-1,-1,-1
142,260,1070,147,305,183,1,-1,-1,-1
142,272,230,317,301,184,1,-1,-1,-1
143,260,1098,138,294,178,1,-1,-1,-1
143,272,253,307,307,182,1,-1,-1,-1
143,304,1741,722,179,198,1,-1,-1,-1
143,305,1119,0,99,65,1,-1,-1,-1
144,260,1126,129,283,173,1,-1,-1,-1
144,272,274,291,308,184,1,-1,-1,-1
144,304,1728,715,192,198,1,-1,-1,-1
144,305,1114,0,102,68,1,-1,-1,-1
145,260,1154,120,271,168,1,-1,-1,-1
145,272,309,277,328,184,1,-1,-1,-1
145,304,1713,709,207,200,1,-1,-1,-1
145,305,1108,0,105,70,1,-1,-1,-1
146,260,1182,111,260,163,1,-1,-1,-1
146,272,329,267,332,180,1,-1,-1,-1
146,304,1678,690,241,221,1,-1,-1,-1
146,305,1103,0,108,73,1,-1,-1,-1
147,260,1209,104,242,163,1,-1,-1,-1
147,272,368,258,338,176,1,-1,-1,-1
147,304,1658,681,262,219,1,-1,-1,-1
147,305,1098,0,111,75,1,-1,-1,-1
148,260,1235,97,223,162,1,-1,-1,-1
148,272,406,248,343,171,1,-1,-1,-1
148,304,1636,673,274,225,1,-1,-1,-1
148,305,1093,0,115,78,1,-1,-1,-1
149,260,1254,86,206,150,1,-1,-1,-1
149,272,445,239,349,167,1,-1,-1,-1
149,304,1613,665,286,230,1,-1,-1,-1
149,305,1087,0,118,81,1,-1,-1,-1
150,260,1281,79,189,149,1,-1,-1,-1
150,272,478,218,329,179,1,-1,-1,-1
150,304,1582,655,301,229,1,-1,-1,-1
150,305,1082,0,121,83,1,-1,-1,-1
151,260,1294,71,182,151,1,-1,-1,-1
151,272,529,207,338,174,1,-1,-1,-1
151,304,1551,646,316,229,1,-1,-1,-1
151,305,1077,0,124,86,1,-1,-1,-1
152,260,1308,67,172,145,1,-1,-1,-1
152,272,547,195,345,172,1,-1,-1,-1
152,304,1520,636,331,228,1,-1,-1,-1
152,305,1071,0,127,88,1,-1,-1,-1
153,260,1319,63,162,140,1,-1,-1,-1
153,272,600,185,342,163,1,-1,-1,-1
153,304,1495,622,329,231,1,-1,-1,-1
153,305,1066,0,130,91,1,-1,-1,-1
154,260,1331,59,152,134,1,-1,-1,-1
154,272,640,179,338,162,1,-1,-1,-1
154,304,1470,609,326,234,1,-1,-1,-1
154,305,1061,0,132,92,1,-1,-1,-1
155,260,1342,55,143,129,1,-1,-1,-1
155,272,680,172,333,160,1,-1,-1,-1
155,304,1445,595,324,237,1,-1,-1,-1
155,305,1057,0,135,94,1,-1,-1,-1
156,260,1354,51,133,123,1,-1,-1,-1
156,272,723,160,323,160,1,-1,-1,-1
156,304,1401,579,345,240,1,-1,-1,-1
156,305,1052,0,137,95,1,-1,-1,-1
157,260,1365,47,123,118,1,-1,-1,-1
157,272,765,148,312,160,1,-1,-1,-1
157,281,0,596,156,172,1,-1,-1,-1
157,304,1357,563,366,242,1,-1,-1,-1
157,305,1048,0,139,96,1,-1,-1,-1
158,260,1372,45,120,113,1,-1,-1,-1
158,272,804,141,299,154,1,-1,-1,-1
158,281,0,593,163,172,1,-1,-1,-1
158,304,1313,547,387,245,1,-1,-1,-1
158,305,1043,0,142,98,1,-1,-1,-1
159,260,1375,39,121,107,1,-1,-1,-1
159,272,844,134,287,147,1,-1,-1,-1
159,281,0,591,171,173,1,-1,-1,-1
159,304,1261,533,378,248,1,-1,-1,-1
159,305,1039,0,144,99,1,-1,-1,-1
160,260,1378,37,118,106,1,-1,-1,-1
160,272,883,126,274,141,1,-1,-1,-1
160,281,0,588,178,173,1,-1,-1,-1
160,304,1212,516,386,244,1,-1,-1,-1
160,305,1034,0,146,100,1,-1,-1,-1
161,260,1381,30,113,107,1,-1,-1,-1
161,272,922,119,261,134,1,-1,-1,-1
161,281,0,585,185,173,1,-1,-1,-1
161,304,1162,499,394,240,1,-1,-1,-1
161,305,1030,0,149,102,1,-1,-1,-1
162,260,1387,28,111,98,1,-1,-1,-1
162,272,958,114,261,135,1,-1,-1,-1
162,281,0,584,191,172,1,-1,-1,-1
162,304,1113,482,402,237,1,-1,-1,-1
162,305,1025,0,151,103,1,-1,-1,-1
163,260,1389,20,109,102,1,-1,-1,-1
163,272,990,108,249,132,1,-1,-1,-1
163,281,0,583,198,171,1,-1,-1,-1
163,304,1063,465,410,233,1,-1,-1,-1
163,305,1021,0,155,104,1,-1,-1,-1
164,260,1392,16,103,100,1,-1,-1,-1
164,272,1023,102,237,128,1,-1,-1,-1
164,281,0,581,204,170,1,-1,-1,-1
164,304,1014,448,418,229,1,-1,-1,-1
164,305,1016,0,159,105,1,-1,-1,-1
165,260,1396,16,96,96,1,-1,-1,-1
165,272,1055,95,225,125,1,-1,-1,-1
165,281,0,580,210,169,1,-1,-1,-1
165,304,969,432,410,227,1,-1,-1,-1
165,305,1012,0,162,106,1,-1,-1,-1
166,260,1397,13,90,92,1,-1,-1,-1
166,272,1087,89,213,121,1,-1,-1,-1
166,281,2,579,211,169,1,-1,-1,-1
166,304,924,415,403,226,1,-1,-1,-1
166,305,1007,0,166,107,1,-1,-1,-1
167,260,1398,10,85,87,1,-1,-1,-1
167,272,1103,84,202,121,1,-1,-1,-1
167,281,4,578,212,169,1,-1,-1,-1
167,304,879,399,395,224,1,-1,-1,-1
167,305,1003,0,170,107,1,-1,-1,-1
168,260,1398,6,79,83,1,-1,-1,-1
168,272,1135,85,193,112,1,-1,-1,-1
168,281,7,577,214,170,1,-1,-1,-1
168,304,834,389,403,219,1,-1,-1,-1
168,305,998,0,174,108,1,-1,-1,-1
169,260,1399,3,74,78,1,-1,-1,-1
169,272,1157,81,179,107,1,-1,-1,-1
169,281,9,576,215,170,1,-1,-1,-1
169,304,789,379,410,213,1,-1,-1,-1
169,305,994,0,177,109,1,-1,-1,-1
170,260,1400,0,68,74,1,-1,-1,-1
170,272,1178,77,165,101,1,-1,-1,-1
170,281,11,575,216,170,1,-1,-1,-1
170,304,750,369,390,204,1,-1,-1,-1
170,305,989,0,181,110,1,-1,-1,-1
171,260,1399,0,68,69,1,-1,-1,-1
171,272,1200,73,150,96,1,-1,-1,-1
171,281,13,574,217,170,1,-1,-1,-1
171,304,711,359,370,195,1,-1,-1,-1
171,305,981,1,184,111,1,-1,-1,-1
172,260,1397,0,67,63,1,-1,-1,-1
172,272,1221,69,136,90,1,-1,-1,-1
172,281,14,574,218,170,1,-1,-1,-1
172,304,671,349,350,187,1,-1,-1,-1
172,305,973,2,186,113,1,-1,-1,-1
173,260,1397,0,65,58,1,-1,-1,-1
173,272,1235,64,132,88,1,-1,-1,-1
173,281,15,574,218,170,1,-1,-1,-1
173,304,632,339,330,178,1,-1,-1,-1
173,305,964,3,189,114,1,-1,-1,-1
174,260,1397,0,62,52,1,-1,-1,-1
174,272,1250,60,127,86,1,-1,-1,-1
174,281,16,574,219,171,1,-1,-1,-1
174,304,593,329,310,169,1,-1,-1,-1
174,305,956,4,191,115,1,-1,-1,-1
175,272,1264,55,123,83,1,-1,-1,-1
175,281,17,574,219,171,1,-1,-1,-1
175,304,556,324,302,165,1,-1,-1,-1
175,305,948,6,194,117,1,-1,-1,-1
176,272,1278,50,118,81,1,-1,-1,-1
176,281,18,574,220,171,1,-1,-1,-1
176,304,518,319,293,161,1,-1,-1,-1
176,305,940,7,196,118,1,-1,-1,-1
177,272,1280,46,123,86,1,-1,-1,-1
177,281,18,574,220,171,1,-1,-1,-1
177,304,481,314,285,157,1,-1,-1,-1
177,305,931,8,199,119,1,-1,-1,-1
178,272,1291,42,116,84,1,-1,-1,-1
178,281,18,574,220,171,1,-1,-1,-1
178,304,443,309,276,152,1,-1,-1,-1
178,305,923,9,201,121,1,-1,-1,-1
179,272,1300,38,110,81,1,-1,-1,-1
179,281,18,574,220,171,1,-1,-1,-1
179,304,406,304,268,148,1,-1,-1,-1
179,305,915,10,204,122,1,-1,-1,-1
180,272,1306,35,103,78,1,-1,-1,-1
180,281,18,574,220,171,1,-1,-1,-1
180,304,368,299,259,144,1,-1,-1,-1
180,305,891,15,235,117,1,-1,-1,-1
181,272,1312,31,95,75,1,-1,-1,-1
181,281,18,574,220,171,1,-1,-1,-1
181,304,338,299,248,143,1,-1,-1,-1
181,305,873,15,231,124,1,-1,-1,-1
182,272,1318,28,88,72,1,-1,-1,-1
182,281,18,573,221,172,1,-1,-1,-1
182,304,306,299,237,143,1,-1,-1,-1
182,305,859,16,245,129,1,-1,-1,-1
183,272,1324,24,81,69,1,-1,-1,-1
183,281,18,573,221,172,1,-1,-1,-1
183,304,279,302,219,141,1,-1,-1,-1
183,305,850,19,246,128,1,-1,-1,-1
184,272,1330,21,73,66,1,-1,-1,-1
184,281,18,573,221,172,1,-1,-1,-1
184,304,248,310,211,133,1,-1,-1,-1
184,305,835,21,246,130,1,-1,-1,-1
185,272,1336,17,66,63,1,-1,-1,-1
185,281,18,573,221,172,1,-1,-1,-1
185,304,222,316,205,132,1,-1,-1,-1
185,305,820,22,246,132,1,-1,-1,-1
186,272,1337,14,64,62,1,-1,-1,-1
186,281,18,573,221,172,1,-1,-1,-1
186,304,197,322,200,132,1,-1,-1,-1
186,305,804,24,245,134,1,-1,-1,-1
187,272,1338,11,62,60,1,-1,-1,-1
187,281,18,573,221,172,1,-1,-1,-1
187,304,171,327,194,131,1,-1,-1,-1
187,305,789,25,245,136,1,-1,-1,-1
188,272,1340,7,61,59,1,-1,-1,-1
188,281,18,573,221,172,1,-1,-1,-1
188,304,145,333,188,130,1,-1,-1,-1
188,305,774,27,245,138,1,-1,-1,-1
189,272,1341,4,59,57,1,-1,-1,-1
189,281,18,573,221,172,1,-1,-1,-1
189,304,122,343,180,128,1,-1,-1,-1
189,305,753,31,253,139,1,-1,-1,-1
190,272,1342,1,57,56,1,-1,-1,-1
190,281,18,573,221,172,1,-1,-1,-1
190,304,98,354,172,125,1,-1,-1,-1
190,305,732,35,260,140,1,-1,-1,-1
191,272,1343,0,57,52,1,-1,-1,-1
191,281,18,573,221,172,1,-1,-1,-1
191,304,75,364,163,123,1,-1,-1,-1
191,305,711,38,268,140,1,-1,-1,-1
192,272,1343,0,57,47,1,-1,-1,-1
192,281,18,573,221,172,1,-1,-1,-1
192,304,51,374,155,120,1,-1,-1,-1
192,305,690,42,275,141,1,-1,-1,-1
193,272,1344,0,55,42,1,-1,-1,-1
193,281,18,573,221,172,1,-1,-1,-1
193,304,43,388,128,105,1,-1,-1,-1
193,305,664,47,278,144,1,-1,-1,-1
194,281,18,572,222,173,1,-1,-1,-1
194,305,638,51,281,148,1,-1,-1,-1
194,327,1118,0,101,68,1,-1,-1,-1
195,281,18,572,222,173,1,-1,-1,-1
195,305,612,56,284,151,1,-1,-1,-1
195,327,1114,0,103,70,1,-1,-1,-1
196,281,18,572,222,173,1,-1,-1,-1
196,305,586,61,287,154,1,-1,-1,-1
196,327,1109,0,105,71,1,-1,-1,-1
197,273,0,436,185,205,1,-1,-1,-1
197,281,18,572,222,173,1,-1,-1,-1
197,305,560,65,290,157,1,-1,-1,-1
197,327,1105,0,108,73,1,-1,-1,-1
198,273,0,427,201,208,1,-1,-1,-1
198,281,18,572,222,173,1,-1,-1,-1
198,305,534,70,293,161,1,-1,-1,-1
198,327,1100,0,110,74,1,-1,-1,-1
199,273,0,418,217,211,1,-1,-1,-1
199,281,18,572,222,173,1,-1,-1,-1
199,305,508,74,296,164,1,-1,-1,-1
199,327,1096,0,112,76,1,-1,-1,-1
200,273,0,409,233,214,1,-1,-1,-1
200,281,19,572,222,173,1,-1,-1,-1
200,305,482,79,299,167,1,-1,-1,-1
200,327,1093,0,113,78,1,-1,-1,-1
201,273,0,400,254,215,1,-1,-1,-1
201,281,20,572,222,172,1,-1,-1,-1
201,305,458,85,294,170,1,-1,-1,-1
201,327,1090,0,115,80,1,-1,-1,-1
202,273,0,391,275,215,1,-1,-1,-1
202,281,21,572,222,172,1,-1,-1,-1
202,305,433,91,289,172,1,-1,-1,-1
202,327,1086,0,116,81,1,-1,-1,-1
203,273,18,379,283,218,1,-1,-1,-1
203,281,22,572,222,171,1,-1,-1,-1
203,305,409,97,284,175,1,-1,-1,-1
203,327,1083,0,118,83,1,-1,-1,-1
204,273,35,366,292,220,1,-1,-1,-1
204,281,23,572,222,171,1,-1,-1,-1
204,305,385,107,276,176,1,-1,-1,-1
204,327,1080,0,119,85,1,-1,-1,-1
205,273,53,354,300,223,1,-1,-1,-1
205,281,24,572,222,170,1,-1,-1,-1
205,305,361,116,269,178,1,-1,-1,-1
205,327,1077,1,121,86,1,-1,-1,-1
206,273,70,341,308,225,1,-1,-1,-1
206,281,26,572,224,170,1,-1,-1,-1
206,305,337,126,261,179,1,-1,-1,-1
206,327,1074,1,122,87,1,-1,-1,-1
207,273,97,327,315,227,1,-1,-1,-1
207,281,28,571,225,170,1,-1,-1,-1
207,305,312,136,254,180,1,-1,-1,-1
207,327,1072,2,124,88,1,-1,-1,-1
208,273,123,312,323,229,1,-1,-1,-1
208,281,31,571,227,171,1,-1,-1,-1
208,305,288,146,246,181,1,-1,-1,-1
208,327,1069,2,125,89,1,-1,-1,-1
209,273,150,298,330,230,1,-1,-1,-1
209,281,33,570,228,171,1,-1,-1,-1
209,305,264,155,239,183,1,-1,-1,-1
209,327,1066,3,127,90,1,-1,-1,-1
210,273,176,283,337,232,1,-1,-1,-1
210,281,35,570,230,171,1,-1,-1,-1
210,305,240,165,231,184,1,-1,-1,-1
210,327,1063,3,128,91,1,-1,-1,-1
