1,325,1328,89,331,207,1,-1,-1,-1
2,325,1310,89,333,205,1,-1,-1,-1
3,325,1292,89,336,204,1,-1,-1,-1
4,325,1274,89,338,202,1,-1,-1,-1
5,325,1256,89,340,200,1,-1,-1,-1
6,325,1237,89,343,199,1,-1,-1,-1
7,325,1219,89,345,198,1,-1,-1,-1
8,325,1201,89,348,196,1,-1,-1,-1
9,325,1183,89,350,195,1,-1,-1,-1
10,325,1165,89,352,194,1,-1,-1,-1
11,325,1147,89,355,193,1,-1,-1,-1
12,325,1125,88,356,191,1,-1,-1,-1
13,325,1104,87,358,190,1,-1,-1,-1
14,325,1083,86,359,189,1,-1,-1,-1
15,325,1062,85,360,188,1,-1,-1,-1
16,325,1041,84,361,188,1,-1,-1,-1
17,325,1020,83,362,187,1,-1,-1,-1
18,325,999,83,363,186,1,-1,-1,-1
19,325,977,82,364,185,1,-1,-1,-1
20,325,956,81,365,185,1,-1,-1,-1
21,325,932,80,365,184,1,-1,-1,-1
22,325,909,80,365,183,1,-1,-1,-1
23,325,886,80,366,182,1,-1,-1,-1
24,325,862,80,366,180,1,-1,-1,-1
25,325,839,79,366,180,1,-1,-1,-1
26,325,816,79,367,179,1,-1,-1,-1
27,325,792,79,367,178,1,-1,-1,-1
28,325,769,79,367,177,1,-1,-1,-1
29,325,746,92,353,153,1,-1,-1,-1
29,326,1493,385,427,383,1,-1,-1,-1
30,326,1454,369,455,381,1,-1,-1,-1
31,326,1425,367,437,357,1,-1,-1,-1
32,326,1396,364,420,332,1,-1,-1,-1
33,326,1367,362,402,308,1,-1,-1,-1
34,326,1330,350,401,311,1,-1,-1,-1
35,326,1293,339,401,313,1,-1,-1,-1
36,326,1256,327,400,316,1,-1,-1,-1
37,326,1245,323,385,312,1,-1,-1,-1
38,326,1222,320,377,302,1,-1,-1,-1
39,326,1199,317,368,293,1,-1,-1,-1
40,326,1176,314,360,283,1,-1,-1,-1
41,326,1157,312,349,275,1,-1,-1,-1
42,326,1138,310,338,266,1,-1,-1,-1
43,326,1118,306,332,259,1,-1,-1,-1
44,326,1099,303,327,251,1,-1,-1,-1
45,326,1079,299,321,244,1,-1,-1,-1
46,326,1075,292,305,245,1,-1,-1,-1
47,326,1065,285,292,244,1,-1,-1,-1
48,326,1057,282,281,241,1,-1,-1,-1
49,326,1055,280,266,238,1,-1,-1,-1
50,326,1050,286,252,219,1,-1,-1,-1
51,326,1050,281,245,214,1,-1,-1,-1
52,326,1049,277,238,209,1,-1,-1,-1
53,326,1049,272,230,203,1,-1,-1,-1
54,326,1048,268,223,198,1,-1,-1,-1
55,326,1048,263,216,193,1,-1,-1,-1
56,326,1049,259,221,194,1,-1,-1,-1
57,326,1051,255,225,195,1,-1,-1,-1
58,326,1052,250,230,196,1,-1,-1,-1
59,326,1053,246,234,197,1,-1,-1,-1
60,326,1064,244,223,195,1,-1,-1,-1
61,326,1074,235,232,198,1,-1,-1,-1
62,326,1088,236,221,190,1,-1,-1,-1
63,326,1101,234,222,187,1,-1,-1,-1
64,326,1115,233,223,185,1,-1,-1,-1
65,326,1128,231,224,182,1,-1,-1,-1
66,326,1144,228,227,178,1,-1,-1,-1
67,326,1160,225,230,174,1,-1,-1,-1
68,326,1179,224,229,174,1,-1,-1,-1
69,326,1198,222,227,173,1,-1,-1,-1
70,326,1216,222,222,169,1,-1,-1,-1
71,326,1233,223,216,166,1,-1,-1,-1
72,326,1251,223,211,162,1,-1,-1,-1
73,326,1275,216,212,164,1,-1,-1,-1
74,326,1294,217,207,160,1,-1,-1,-1
75,326,1313,217,203,156,1,-1,-1,-1
76,326,1331,218,198,151,1,-1,-1,-1
77,326,1350,218,193,147,1,-1,-1,-1
78,326,1366,217,190,144,1,-1,-1,-1
79,326,1381,217,187,141,1,-1,-1,-1
80,326,1397,216,184,138,1,-1,-1,-1
81,326,1413,215,181,136,1,-1,-1,-1
82,326,1428,214,177,133,1,-1,-1,-1
83,326,1444,214,174,130,1,-1,-1,-1
84,326,1459,213,171,127,1,-1,-1,-1
85,324,773,165,214,82,1,-1,-1,-1
85,326,1475,212,168,124,1,-1,-1,-1
86,324,808,165,216,81,1,-1,-1,-1
86,326,1482,210,165,125,1,-1,-1,-1
87,324,843,164,217,81,1,-1,-1,-1
87,326,1490,208,161,125,1,-1,-1,-1
88,324,878,164,219,80,1,-1,-1,-1
88,326,1497,206,158,126,1,-1,-1,-1
89,324,911,162,227,83,1,-1,-1,-1
89,326,1505,204,155,127,1,-1,-1,-1
90,324,944,161,235,86,1,-1,-1,-1
90,326,1512,203,152,128,1,-1,-1,-1
91,324,977,159,243,89,1,-1,-1,-1
91,326,1519,201,148,128,1,-1,-1,-1
92,324,1021,158,245,90,1,-1,-1,-1
92,326,1527,199,145,129,1,-1,-1,-1
93,324,1064,157,246,92,1,-1,-1,-1
93,326,1534,197,142,130,1,-1,-1,-1
94,324,1108,155,249,94,1,-1,-1,-1
94,326,1542,195,138,130,1,-1,-1,-1
95,324,1151,154,250,96,1,-1,-1,-1
95,326,1549,193,135,131,1,-1,-1,-1
96,324,1195,152,252,97,1,-1,-1,-1
96,326,1547,192,135,129,1,-1,-1,-1
97,324,1243,154,239,92,1,-1,-1,-1
97,326,1545,192,134,128,1,-1,-1,-1
98,324,1292,157,227,88,1,-1,-1,-1
98,326,1543,191,134,126,1,-1,-1,-1
99,324,1340,159,214,83,1,-1,-1,-1
99,326,1541,190,133,124,1,-1,-1,-1
100,324,1385,156,226,88,1,-1,-1,-1
100,326,1533,188,134,122,1,-1,-1,-1
101,324,1430,154,238,94,1,-1,-1,-1
101,326,1525,186,134,120,1,-1,-1,-1
102,324,1475,151,250,99,1,-1,-1,-1
102,326,1517,185,135,118,1,-1,-1,-1
103,324,1523,151,249,99,1,-1,-1,-1
103,326,1508,183,136,116,1,-1,-1,-1
104,324,1571,151,248,98,1,-1,-1,-1
104,326,1500,181,136,114,1,-1,-1,-1
105,324,1619,151,246,98,1,-1,-1,-1
105,326,1492,179,137,112,1,-1,-1,-1
106,324,1683,157,221,85,1,-1,-1,-1
106,326,1478,178,143,110,1,-1,-1,-1
107,326,1464,177,148,108,1,-1,-1,-1
108,326,1446,176,152,109,1,-1,-1,-1
109,326,1429,175,155,109,1,-1,-1,-1
110,326,1411,175,159,110,1,-1,-1,-1
111,326,1394,174,162,110,1,-1,-1,-1
112,326,1376,173,166,111,1,-1,-1,-1
113,326,1357,172,165,109,1,-1,-1,-1
114,326,1338,171,165,108,1,-1,-1,-1
115,260,857,172,211,113,1,-1,-1,-1
115,326,1319,170,164,106,1,-1,-1,-1
116,260,879,171,211,115,1,-1,-1,-1
116,326,1299,168,163,104,1,-1,-1,-1
117,260,901,171,211,118,1,-1,-1,-1
117,326,1280,167,163,103,1,-1,-1,-1
118,260,923,170,211,120,1,-1,-1,-1
118,326,1261,166,162,101,1,-1,-1,-1
119,260,944,169,211,122,1,-1,-1,-1
119,326,1235,166,163,100,1,-1,-1,-1
120,260,966,169,211,125,1,-1,-1,-1
120,326,1209,165,164,98,1,-1,-1,-1
121,260,988,168,211,127,1,-1,-1,-1
121,326,1183,165,164,97,1,-1,-1,-1
122,260,1007,168,210,128,1,-1,-1,-1
122,326,1157,164,165,95,1,-1,-1,-1
123,260,1026,168,208,128,1,-1,-1,-1
124,260,1045,168,207,129,1,-1,-1,-1
125,260,1064,168,205,130,1,-1,-1,-1
126,260,1083,168,204,130,1,-1,-1,-1
127,260,1102,168,202,131,1,-1,-1,-1
127,326,1028,157,157,92,1,-1,-1,-1
128,260,1115,168,200,133,1,-1,-1,-1
128,326,1002,157,157,91,1,-1,-1,-1
129,260,1129,169,197,134,1,-1,-1,-1
129,326,976,157,157,90,1,-1,-1,-1
130,260,1142,169,195,136,1,-1,-1,-1
130,326,950,156,156,88,1,-1,-1,-1
131,260,1151,170,191,138,1,-1,-1,-1
131,326,924,156,156,87,1,-1,-1,-1
132,260,1167,169,188,141,1,-1,-1,-1
132,290,1644,114,272,107,1,-1,-1,-1
132,326,898,156,156,86,1,-1,-1,-1
133,260,1173,169,186,143,1,-1,-1,-1
133,290,1612,119,271,102,1,-1,-1,-1
133,326,874,155,153,86,1,-1,-1,-1
134,260,1174,173,191,150,1,-1,-1,-1
134,290,1556,110,305,118,1,-1,-1,-1
134,326,850,155,151,86,1,-1,-1,-1
135,260,1182,173,187,151,1,-1,-1,-1
135,290,1521,109,301,119,1,-1,-1,-1
135,326,826,154,148,86,1,-1,-1,-1
136,260,1188,175,183,149,1,-1,-1,-1
136,290,1485,108,298,120,1,-1,-1,-1
136,326,802,153,145,86,1,-1,-1,-1
137,260,1192,174,179,150,1,-1,-1,-1
137,290,1451,108,296,121,1,-1,-1,-1
138,260,1195,174,176,152,1,-1,-1,-1
138,290,1415,106,293,122,1,-1,-1,-1
139,260,1196,178,176,149,1,-1,-1,-1
139,290,1380,105,289,123,1,-1,-1,-1
140,260,1194,179,176,151,1,-1,-1,-1
140,290,1344,104,286,124,1,-1,-1,-1
141,260,1189,180,179,152,1,-1,-1,-1
141,290,1309,104,284,127,1,-1,-1,-1
142,260,1182,181,180,152,1,-1,-1,-1
142,290,1275,105,283,125,1,-1,-1,-1
143,260,1175,182,182,153,1,-1,-1,-1
143,290,1242,107,282,124,1,-1,-1,-1
144,260,1168,183,183,153,1,-1,-1,-1
144,290,1209,109,281,123,1,-1,-1,-1
145,260,1161,184,185,153,1,-1,-1,-1
145,290,1176,111,279,122,1,-1,-1,-1
146,260,1155,186,186,154,1,-1,-1,-1
146,290,1145,115,271,115,1,-1,-1,-1
147,260,1148,187,188,154,1,-1,-1,-1
147,290,1113,118,262,107,1,-1,-1,-1
148,260,1141,188,189,154,1,-1,-1,-1
148,290,1082,122,254,100,1,-1,-1,-1
149,260,1134,189,191,155,1,-1,-1,-1
149,290,1050,121,262,109,1,-1,-1,-1
150,260,1127,190,192,155,1,-1,-1,-1
150,290,1018,119,270,117,1,-1,-1,-1
151,260,1111,191,199,158,1,-1,-1,-1
151,290,992,119,265,116,1,-1,-1,-1
152,260,1095,191,206,161,1,-1,-1,-1
152,290,965,119,261,116,1,-1,-1,-1
153,260,1080,192,213,163,1,-1,-1,-1
153,290,939,119,255,114,1,-1,-1,-1
154,260,1064,193,220,166,1,-1,-1,-1
154,290,913,119,251,114,1,-1,-1,-1
155,260,1048,194,227,169,1,-1,-1,-1
155,290,887,119,246,113,1,-1,-1,-1
156,260,1032,194,233,172,1,-1,-1,-1
156,290,860,119,241,112,1,-1,-1,-1
157,260,1016,195,240,175,1,-1,-1,-1
157,290,834,119,237,112,1,-1,-1,-1
158,260,1001,196,247,177,1,-1,-1,-1
158,290,807,119,232,111,1,-1,-1,-1
159,260,985,196,254,180,1,-1,-1,-1
159,290,777,129,221,95,1,-1,-1,-1
160,260,969,197,261,183,1,-1,-1,-1
161,260,960,197,260,187,1,-1,-1,-1
162,260,946,199,261,189,1,-1,-1,-1
163,260,931,203,262,190,1,-1,-1,-1
164,260,920,206,264,194,1,-1,-1,-1
165,260,912,206,264,197,1,-1,-1,-1
166,260,891,212,270,195,1,-1,-1,-1
167,260,882,213,267,198,1,-1,-1,-1
168,260,870,213,267,200,1,-1,-1,-1
169,260,857,213,268,201,1,-1,-1,-1
170,260,845,222,271,199,1,-1,-1,-1
171,260,837,221,268,204,1,-1,-1,-1
172,260,833,220,265,208,1,-1,-1,-1
173,260,818,219,264,215,1,-1,-1,-1
174,260,807,222,272,218,1,-1,-1,-1
175,260,793,225,278,221,1,-1,-1,-1
176,260,783,229,281,224,1,-1,-1,-1
177,260,777,232,281,230,1,-1,-1,-1
178,260,773,236,279,234,1,-1,-1,-1
179,260,767,240,282,240,1,-1,-1,-1
180,260,763,244,279,242,1,-1,-1,-1
181,260,758,247,283,249,1,-1,-1,-1
182,260,755,247,283,256,1,-1,-1,-1
183,260,751,247,290,267,1,-1,-1,-1
184,260,748,247,296,275,1,-1,-1,-1
185,260,744,245,304,283,1,-1,-1,-1
186,260,743,256,307,287,1,-1,-1,-1
187,260,741,258,316,290,1,-1,-1,-1
188,260,741,261,321,293,1,-1,-1,-1
189,260,741,262,327,298,1,-1,-1,-1
190,260,743,266,329,300,1,-1,-1,-1
191,260,743,272,341,301,1,-1,-1,-1
192,260,743,278,353,301,1,-1,-1,-1
193,260,744,284,364,303,1,-1,-1,-1
194,260,748,290,375,305,1,-1,-1,-1
195,260,752,292,386,314,1,-1,-1,-1
196,260,762,298,389,320,1,-1,-1,-1
197,260,773,304,392,325,1,-1,-1,-1
198,260,783,309,395,331,1,-1,-1,-1
199,260,793,315,398,336,1,-1,-1,-1
200,260,806,321,413,345,1,-1,-1,-1
201,260,818,326,429,354,1,-1,-1,-1
202,260,831,332,444,363,1,-1,-1,-1
203,260,843,337,460,372,1,-1,-1,-1
204,260,856,343,475,381,1,-1,-1,-1
205,260,878,347,504,403,1,-1,-1,-1
206,260,900,351,533,425,1,-1,-1,-1
207,260,921,356,562,447,1,-1,-1,-1
208,260,943,360,591,469,1,-1,-1,-1
209,260,965,364,621,490,1,-1,-1,-1
210,260,987,368,650,512,1,-1,-1,-1
211,260,1008,373,679,534,1,-1,-1,-1
212,260,1030,377,708,556,1,-1,-1,-1
212,263,868,181,180,102,1,-1,-1,-1
213,260,1052,381,737,578,1,-1,-1,-1
213,263,886,179,183,107,1,-1,-1,-1
214,260,1098,405,745,576,1,-1,-1,-1
214,263,905,177,187,113,1,-1,-1,-1
215,260,1144,428,753,574,1,-1,-1,-1
215,263,923,175,190,118,1,-1,-1,-1
216,260,1180,444,740,594,1,-1,-1,-1
216,263,954,177,190,121,1,-1,-1,-1
217,260,1225,457,695,623,1,-1,-1,-1
217,263,960,175,195,122,1,-1,-1,-1
218,263,990,178,188,121,1,-1,-1,-1
219,263,997,178,190,120,1,-1,-1,-1
220,263,1031,177,180,121,1,-1,-1,-1
221,263,1046,178,178,121,1,-1,-1,-1
222,263,1060,179,176,121,1,-1,-1,-1
223,263,1075,179,173,122,1,-1,-1,-1
224,263,1090,180,171,122,1,-1,-1,-1
225,263,1105,181,169,122,1,-1,-1,-1
226,263,1119,182,167,122,1,-1,-1,-1
227,263,1134,183,165,122,1,-1,-1,-1
228,263,1149,183,162,123,1,-1,-1,-1
229,263,1163,184,160,123,1,-1,-1,-1
230,263,1178,185,158,123,1,-1,-1,-1
231,263,1184,185,159,126,1,-1,-1,-1
232,263,1190,185,159,128,1,-1,-1,-1
233,263,1197,186,160,131,1,-1,-1,-1
234,263,1203,186,160,133,1,-1,-1,-1
235,263,1209,186,161,136,1,-1,-1,-1
236,263,1210,186,158,139,1,-1,-1,-1
237,263,1212,190,166,133,1,-1,-1,-1
238,263,1214,190,163,135,1,-1,-1,-1
239,263,1209,189,162,141,1,-1,-1,-1
240,263,1208,191,163,143,1,-1,-1,-1
241,263,1202,192,168,145,1,-1,-1,-1
242,263,1196,193,173,149,1,-1,-1,-1
243,263,1185,194,180,151,1,-1,-1,-1
244,263,1176,195,184,153,1,-1,-1,-1
245,263,1168,197,187,153,1,-1,-1,-1
246,263,1152,198,191,156,1,-1,-1,-1
247,263,1142,196,195,161,1,-1,-1,-1
248,263,1130,197,200,162,1,-1,-1,-1
249,263,1113,200,205,164,1,-1,-1,-1
250,263,1096,202,210,165,1,-1,-1,-1
251,263,1084,200,216,169,1,-1,-1,-1
252,263,1068,207,210,160,1,-1,-1,-1
253,263,1056,207,218,164,1,-1,-1,-1
254,263,1045,205,221,168,1,-1,-1,-1
255,263,1025,210,211,163,1,-1,-1,-1
256,263,1010,208,223,168,1,-1,-1,-1
257,263,995,209,225,170,1,-1,-1,-1
258,263,979,210,227,172,1,-1,-1,-1
259,263,968,211,232,175,1,-1,-1,-1
260,263,949,214,239,177,1,-1,-1,-1
261,263,929,217,246,178,1,-1,-1,-1
262,263,911,220,251,177,1,-1,-1,-1
263,263,892,222,256,175,1,-1,-1,-1
264,263,880,226,255,180,1,-1,-1,-1
265,263,867,230,253,185,1,-1,-1,-1
266,263,854,228,243,190,1,-1,-1,-1
267,263,847,226,238,195,1,-1,-1,-1
268,263,832,225,239,201,1,-1,-1,-1
269,263,823,226,243,201,1,-1,-1,-1
270,263,808,230,250,201,1,-1,-1,-1
271,263,791,234,254,202,1,-1,-1,-1
272,263,775,239,256,202,1,-1,-1,-1
273,263,766,243,257,204,1,-1,-1,-1
274,263,747,250,265,209,1,-1,-1,-1
275,263,742,250,263,215,1,-1,-1,-1
276,263,734,251,265,222,1,-1,-1,-1
277,263,727,253,260,229,1,-1,-1,-1
278,263,721,256,259,234,1,-1,-1,-1
279,263,715,259,259,237,1,-1,-1,-1
280,263,710,262,263,240,1,-1,-1,-1
281,263,714,269,254,225,1,-1,-1,-1
