45,267,2295,431,265,124,1,-1,-1,-1
46,267,2273,429,287,121,1,-1,-1,-1
47,267,2243,429,305,121,1,-1,-1,-1
48,267,2219,427,307,121,1,-1,-1,-1
49,267,2196,425,308,121,1,-1,-1,-1
50,267,2172,423,310,121,1,-1,-1,-1
51,267,2148,421,311,121,1,-1,-1,-1
52,267,2118,419,316,122,1,-1,-1,-1
53,267,2089,418,322,122,1,-1,-1,-1
54,267,2059,416,327,123,1,-1,-1,-1
55,267,2029,414,332,123,1,-1,-1,-1
56,267,2010,411,329,124,1,-1,-1,-1
57,267,1991,409,326,124,1,-1,-1,-1
58,267,1971,406,323,125,1,-1,-1,-1
59,267,1952,404,320,125,1,-1,-1,-1
60,267,1933,401,318,126,1,-1,-1,-1
61,267,1914,398,315,126,1,-1,-1,-1
62,267,1895,396,312,127,1,-1,-1,-1
63,267,1875,393,309,127,1,-1,-1,-1
64,267,1856,391,306,128,1,-1,-1,-1
65,267,1837,388,303,128,1,-1,-1,-1
66,267,1819,387,304,127,1,-1,-1,-1
67,267,1801,385,305,126,1,-1,-1,-1
68,267,1784,384,305,126,1,-1,-1,-1
69,267,1766,382,306,125,1,-1,-1,-1
70,267,1748,381,307,124,1,-1,-1,-1
71,267,1730,380,308,123,1,-1,-1,-1
72,267,1712,378,309,122,1,-1,-1,-1
73,267,1695,377,309,122,1,-1,-1,-1
74,267,1677,375,310,121,1,-1,-1,-1
75,267,1659,374,311,120,1,-1,-1,-1
76,267,1643,373,308,118,1,-1,-1,-1
77,267,1633,371,306,118,1,-1,-1,-1
78,267,1623,370,304,119,1,-1,-1,-1
79,267,1613,368,302,119,1,-1,-1,-1
80,267,1602,367,299,120,1,-1,-1,-1
81,267,1592,365,297,120,1,-1,-1,-1
82,267,1582,364,295,121,1,-1,-1,-1
83,267,1572,362,293,121,1,-1,-1,-1
84,267,1562,362,297,121,1,-1,-1,-1
85,267,1552,362,301,122,1,-1,-1,-1
86,267,1541,361,304,122,1,-1,-1,-1
87,267,1531,361,308,123,1,-1,-1,-1
88,267,1521,361,312,123,1,-1,-1,-1
89,267,1511,361,316,123,1,-1,-1,-1
90,267,1500,360,319,124,1,-1,-1,-1
91,267,1490,360,323,124,1,-1,-1,-1
92,267,1483,361,326,123,1,-1,-1,-1
93,267,1475,360,326,126,1,-1,-1,-1
94,267,1467,359,327,128,1,-1,-1,-1
95,267,1458,358,327,131,1,-1,-1,-1
96,267,1450,357,327,133,1,-1,-1,-1
97,267,1446,357,327,133,1,-1,-1,-1
98,267,1440,358,323,132,1,-1,-1,-1
99,267,1435,359,321,130,1,-1,-1,-1
100,267,1432,360,317,129,1,-1,-1,-1
101,267,1427,360,319,129,1,-1,-1,-1
102,267,1401,359,322,131,1,-1,-1,-1
103,267,1391,359,329,131,1,-1,-1,-1
104,267,1381,361,334,129,1,-1,-1,-1
105,267,1377,360,329,131,1,-1,-1,-1
106,267,1385,361,304,129,1,-1,-1,-1
107,267,1379,362,296,131,1,-1,-1,-1
108,267,1374,362,288,132,1,-1,-1,-1
109,267,1368,363,280,134,1,-1,-1,-1
110,267,1362,363,272,135,1,-1,-1,-1
111,267,1364,364,262,134,1,-1,-1,-1
112,267,1361,365,256,134,1,-1,-1,-1
113,267,1357,367,250,135,1,-1,-1,-1
114,267,1354,368,243,135,1,-1,-1,-1
115,267,1350,370,237,136,1,-1,-1,-1
116,267,1347,371,231,136,1,-1,-1,-1
117,267,1354,372,208,133,1,-1,-1,-1
118,267,1353,372,207,135,1,-1,-1,-1
119,267,1351,372,206,139,1,-1,-1,-1
120,267,1351,374,197,141,1,-1,-1,-1
121,267,1351,376,190,143,1,-1,-1,-1
122,267,1351,376,184,145,1,-1,-1,-1
123,267,1352,377,178,150,1,-1,-1,-1
124,267,1354,379,172,151,1,-1,-1,-1
125,267,1355,379,166,154,1,-1,-1,-1
126,267,1354,386,168,146,1,-1,-1,-1
127,267,1354,386,168,149,1,-1,-1,-1
128,267,1355,387,166,150,1,-1,-1,-1
129,267,1358,387,165,152,1,-1,-1,-1
130,267,1359,386,164,156,1,-1,-1,-1
131,267,1361,391,163,165,1,-1,-1,-1
132,267,1363,393,164,164,1,-1,-1,-1
133,266,0,1071,1736,849,1,-1,-1,-1
133,267,1365,398,165,158,1,-1,-1,-1
134,266,164,1110,2032,810,1,-1,-1,-1
134,267,1364,396,171,166,1,-1,-1,-1
135,266,667,1157,1893,763,1,-1,-1,-1
135,267,1365,401,174,165,1,-1,-1,-1
136,267,1365,400,179,169,1,-1,-1,-1
137,267,1367,401,184,174,1,-1,-1,-1
138,267,1369,402,187,176,1,-1,-1,-1
139,267,1369,405,191,177,1,-1,-1,-1
140,267,1370,405,193,182,1,-1,-1,-1
141,267,1372,406,193,186,1,-1,-1,-1
142,267,1373,404,193,193,1,-1,-1,-1
143,267,1374,405,194,196,1,-1,-1,-1
144,267,1373,406,196,200,1,-1,-1,-1
145,267,1372,405,198,206,1,-1,-1,-1
146,267,1373,425,199,195,1,-1,-1,-1
147,267,1371,422,206,205,1,-1,-1,-1
148,267,1369,421,222,211,1,-1,-1,-1
149,267,1368,423,227,213,1,-1,-1,-1
150,267,1370,429,228,211,1,-1,-1,-1
151,267,1374,430,228,218,1,-1,-1,-1
152,267,1378,432,226,224,1,-1,-1,-1
153,267,1380,432,227,231,1,-1,-1,-1
154,267,1381,436,230,231,1,-1,-1,-1
155,267,1380,436,233,232,1,-1,-1,-1
156,267,1381,437,238,238,1,-1,-1,-1
157,267,1383,456,243,233,1,-1,-1,-1
158,267,1385,457,244,238,1,-1,-1,-1
159,267,1388,459,248,240,1,-1,-1,-1
160,267,1390,458,249,246,1,-1,-1,-1
161,267,1393,457,250,254,1,-1,-1,-1
162,267,1394,457,251,262,1,-1,-1,-1
163,260,842,796,1718,743,1,-1,-1,-1
163,267,1392,462,255,259,1,-1,-1,-1
164,260,453,764,1881,743,1,-1,-1,-1
164,267,1375,461,288,282,1,-1,-1,-1
165,260,75,729,1879,754,1,-1,-1,-1
165,267,1378,465,287,283,1,-1,-1,-1
166,260,0,701,1561,750,1,-1,-1,-1
166,267,1381,468,293,284,1,-1,-1,-1
167,267,1383,472,298,285,1,-1,-1,-1
168,267,1386,475,307,286,1,-1,-1,-1
169,267,1387,477,314,290,1,-1,-1,-1
170,267,1387,479,323,295,1,-1,-1,-1
171,267,1388,483,330,298,1,-1,-1,-1
172,267,1390,486,336,304,1,-1,-1,-1
173,267,1390,488,340,311,1,-1,-1,-1
174,267,1389,489,347,318,1,-1,-1,-1
175,267,1389,488,353,326,1,-1,-1,-1
176,267,1389,488,359,333,1,-1,-1,-1
177,267,1410,482,344,348,1,-1,-1,-1
178,267,1409,479,351,358,1,-1,-1,-1
179,267,1407,475,362,367,1,-1,-1,-1
180,267,1406,498,376,355,1,-1,-1,-1
181,267,1403,500,389,356,1,-1,-1,-1
182,267,1406,504,393,355,1,-1,-1,-1
183,267,1409,509,399,353,1,-1,-1,-1
184,267,1414,515,399,351,1,-1,-1,-1
185,267,1413,518,409,355,1,-1,-1,-1
186,267,1413,517,419,365,1,-1,-1,-1
187,267,1415,514,427,377,1,-1,-1,-1
188,267,1419,515,430,385,1,-1,-1,-1
189,261,1017,1157,1543,763,1,-1,-1,-1
189,267,1424,515,431,392,1,-1,-1,-1
190,261,855,1110,1693,810,1,-1,-1,-1
190,267,1429,519,436,397,1,-1,-1,-1
191,261,641,1070,1704,850,1,-1,-1,-1
191,267,1433,521,440,404,1,-1,-1,-1
192,261,572,1038,1542,873,1,-1,-1,-1
192,267,1435,525,447,407,1,-1,-1,-1
193,261,422,1005,1506,828,1,-1,-1,-1
193,267,1435,526,453,414,1,-1,-1,-1
194,261,272,971,1470,782,1,-1,-1,-1
194,267,1434,531,462,417,1,-1,-1,-1
195,261,136,942,1430,755,1,-1,-1,-1
195,267,1433,534,469,422,1,-1,-1,-1
196,261,0,913,1390,728,1,-1,-1,-1
196,267,1440,537,479,426,1,-1,-1,-1
197,261,0,887,1213,698,1,-1,-1,-1
197,267,1441,535,476,435,1,-1,-1,-1
198,267,1443,534,474,440,1,-1,-1,-1
199,267,1444,531,475,448,1,-1,-1,-1
200,267,1444,531,479,449,1,-1,-1,-1
201,267,1443,531,483,451,1,-1,-1,-1
202,267,1444,558,494,425,1,-1,-1,-1
203,267,1441,556,499,429,1,-1,-1,-1
204,267,1438,553,506,433,1,-1,-1,-1
205,267,1439,551,508,438,1,-1,-1,-1
206,267,1442,554,508,435,1,-1,-1,-1
207,267,1446,556,507,432,1,-1,-1,-1
208,267,1446,554,507,435,1,-1,-1,-1
209,267,1447,552,507,439,1,-1,-1,-1
210,267,1448,552,506,439,1,-1,-1,-1
211,267,1449,553,506,438,1,-1,-1,-1
212,267,1449,555,507,435,1,-1,-1,-1
213,267,1448,555,509,433,1,-1,-1,-1
214,267,1448,555,508,431,1,-1,-1,-1
215,267,1448,555,507,431,1,-1,-1,-1
216,267,1448,556,507,431,1,-1,-1,-1
217,267,1448,556,507,430,1,-1,-1,-1
218,267,1448,556,507,430,1,-1,-1,-1
219,267,1447,556,508,430,1,-1,-1,-1
220,267,1447,556,509,430,1,-1,-1,-1
221,267,1447,556,510,430,1,-1,-1,-1
222,267,1447,556,512,430,1,-1,-1,-1
223,267,1446,556,513,430,1,-1,-1,-1
224,267,1446,556,513,431,1,-1,-1,-1
225,267,1446,555,512,431,1,-1,-1,-1
226,267,1446,555,512,431,1,-1,-1,-1
227,267,1446,556,513,431,1,-1,-1,-1
228,267,1446,555,513,431,1,-1,-1,-1
229,267,1446,555,513,432,1,-1,-1,-1
230,267,1447,555,510,432,1,-1,-1,-1
231,267,1449,555,509,432,1,-1,-1,-1
232,267,1451,556,507,431,1,-1,-1,-1
233,267,1451,556,507,431,1,-1,-1,-1
234,267,1451,556,507,431,1,-1,-1,-1
235,267,1452,556,507,430,1,-1,-1,-1
236,267,1452,556,507,430,1,-1,-1,-1
237,267,1451,556,507,430,1,-1,-1,-1
238,267,1451,556,507,431,1,-1,-1,-1
239,267,1451,556,507,431,1,-1,-1,-1
240,267,1449,557,508,430,1,-1,-1,-1
241,267,1448,558,509,429,1,-1,-1,-1
242,267,1447,559,509,428,1,-1,-1,-1
243,267,1447,559,510,427,1,-1,-1,-1
244,267,1447,559,510,427,1,-1,-1,-1
245,267,1447,559,510,427,1,-1,-1,-1
246,267,1447,559,510,428,1,-1,-1,-1
247,267,1447,558,510,428,1,-1,-1,-1
248,267,1446,558,512,429,1,-1,-1,-1
249,267,1446,558,512,428,1,-1,-1,-1
250,267,1446,558,513,428,1,-1,-1,-1
251,267,1446,559,513,427,1,-1,-1,-1
252,267,1445,559,514,427,1,-1,-1,-1
253,267,1445,559,513,427,1,-1,-1,-1
254,267,1445,559,513,427,1,-1,-1,-1
255,267,1445,559,513,427,1,-1,-1,-1
256,267,1445,559,513,427,1,-1,-1,-1
257,267,1446,559,512,427,1,-1,-1,-1
258,267,1446,560,512,426,1,-1,-1,-1
259,267,1446,560,512,426,1,-1,-1,-1
260,267,1446,560,512,425,1,-1,-1,-1
261,267,1446,560,512,425,1,-1,-1,-1
262,267,1447,560,510,425,1,-1,-1,-1
263,267,1448,558,509,428,1,-1,-1,-1
264,267,1448,560,507,426,1,-1,-1,-1
265,263,1347,844,1213,628,1,-1,-1,-1
265,267,1449,560,507,427,1,-1,-1,-1
266,263,1064,827,1350,617,1,-1,-1,-1
266,267,1451,559,506,428,1,-1,-1,-1
267,263,690,790,1462,645,1,-1,-1,-1
267,267,1452,559,506,428,1,-1,-1,-1
268,263,393,771,1413,627,1,-1,-1,-1
268,267,1454,558,505,429,1,-1,-1,-1
269,263,95,751,1364,609,1,-1,-1,-1
269,267,1455,558,505,430,1,-1,-1,-1
270,263,0,719,1159,611,1,-1,-1,-1
270,267,1454,557,503,430,1,-1,-1,-1
271,267,1453,557,504,430,1,-1,-1,-1
272,267,1454,560,504,427,1,-1,-1,-1
273,267,1454,561,504,426,1,-1,-1,-1
274,267,1455,562,504,424,1,-1,-1,-1
275,267,1454,561,505,424,1,-1,-1,-1
276,267,1454,561,504,424,1,-1,-1,-1
277,267,1455,561,504,424,1,-1,-1,-1
278,267,1455,561,503,424,1,-1,-1,-1
279,267,1455,562,503,424,1,-1,-1,-1
280,267,1455,562,504,424,1,-1,-1,-1
281,267,1455,561,504,424,1,-1,-1,-1
282,267,1454,561,504,426,1,-1,-1,-1
283,267,1452,560,505,427,1,-1,-1,-1
284,267,1451,559,505,428,1,-1,-1,-1
285,267,1452,558,505,429,1,-1,-1,-1
286,267,1452,558,505,429,1,-1,-1,-1
287,267,1452,558,505,429,1,-1,-1,-1
288,267,1451,558,506,429,1,-1,-1,-1
289,267,1451,558,506,429,1,-1,-1,-1
290,267,1450,558,507,429,1,-1,-1,-1
291,267,1450,559,506,429,1,-1,-1,-1
292,267,1451,559,506,428,1,-1,-1,-1
293,267,1451,559,506,428,1,-1,-1,-1
294,267,1451,559,505,428,1,-1,-1,-1
295,267,1451,559,506,428,1,-1,-1,-1
296,267,1451,559,506,427,1,-1,-1,-1
297,267,1451,559,506,427,1,-1,-1,-1
298,267,1451,559,506,427,1,-1,-1,-1
299,267,1451,559,506,427,1,-1,-1,-1
300,267,1451,559,505,428,1,-1,-1,-1
301,267,1451,559,505,428,1,-1,-1,-1
302,267,1451,559,505,427,1,-1,-1,-1
303,267,1451,560,506,427,1,-1,-1,-1
304,267,1451,560,506,427,1,-1,-1,-1
305,267,1450,560,506,427,1,-1,-1,-1
306,267,1450,560,506,427,1,-1,-1,-1
307,267,1451,560,505,427,1,-1,-1,-1
308,267,1451,560,505,427,1,-1,-1,-1
309,267,1451,560,505,427,1,-1,-1,-1
310,267,1451,560,505,427,1,-1,-1,-1
311,267,1451,560,505,426,1,-1,-1,-1
312,267,1452,560,505,426,1,-1,-1,-1
313,267,1452,560,505,426,1,-1,-1,-1
314,267,1452,561,504,426,1,-1,-1,-1
315,267,1452,561,504,425,1,-1,-1,-1
316,267,1451,560,506,427,1,-1,-1,-1
317,267,1449,558,509,429,1,-1,-1,-1
318,267,1446,556,514,430,1,-1,-1,-1
319,267,1445,555,515,431,1,-1,-1,-1
320,259,0,1079,2148,841,1,-1,-1,-1
320,267,1444,554,516,433,1,-1,-1,-1
321,259,442,1118,2118,802,1,-1,-1,-1
321,267,1444,554,515,435,1,-1,-1,-1
322,259,930,1161,1630,759,1,-1,-1,-1
322,267,1445,555,514,432,1,-1,-1,-1
323,267,1447,558,513,428,1,-1,-1,-1
324,267,1448,561,510,424,1,-1,-1,-1
325,267,1450,562,508,421,1,-1,-1,-1
326,267,1450,561,509,422,1,-1,-1,-1
327,267,1450,561,509,424,1,-1,-1,-1
328,267,1450,560,512,424,1,-1,-1,-1
329,267,1449,560,512,425,1,-1,-1,-1
330,267,1448,560,512,425,1,-1,-1,-1
331,267,1448,560,510,425,1,-1,-1,-1
332,267,1451,561,507,422,1,-1,-1,-1
333,267,1453,561,505,422,1,-1,-1,-1
334,267,1455,562,502,421,1,-1,-1,-1
335,267,1456,561,499,424,1,-1,-1,-1
336,267,1455,559,501,427,1,-1,-1,-1
337,267,1453,556,503,431,1,-1,-1,-1
338,267,1451,556,505,433,1,-1,-1,-1
339,267,1451,555,505,433,1,-1,-1,-1
340,267,1451,556,505,433,1,-1,-1,-1
341,267,1451,556,505,432,1,-1,-1,-1
342,267,1451,556,505,432,1,-1,-1,-1
343,267,1452,557,505,431,1,-1,-1,-1
344,267,1452,557,504,431,1,-1,-1,-1
345,267,1452,557,503,431,1,-1,-1,-1
346,267,1451,556,505,432,1,-1,-1,-1
347,267,1450,555,506,435,1,-1,-1,-1
348,267,1448,554,509,437,1,-1,-1,-1
349,267,1447,554,512,437,1,-1,-1,-1
350,267,1446,554,513,436,1,-1,-1,-1
351,267,1446,555,513,436,1,-1,-1,-1
352,267,1446,555,513,435,1,-1,-1,-1
353,267,1447,556,512,433,1,-1,-1,-1
354,267,1446,555,513,435,1,-1,-1,-1
355,267,1446,555,514,436,1,-1,-1,-1
356,264,1401,928,1159,525,1,-1,-1,-1
356,267,1444,560,518,428,1,-1,-1,-1
357,264,1099,907,1408,527,1,-1,-1,-1
357,267,1446,561,518,426,1,-1,-1,-1
358,264,762,876,1506,545,1,-1,-1,-1
358,267,1448,563,515,421,1,-1,-1,-1
359,264,439,845,1519,554,1,-1,-1,-1
359,267,1448,560,512,426,1,-1,-1,-1
360,264,168,829,1438,538,1,-1,-1,-1
360,267,1447,556,508,430,1,-1,-1,-1
361,264,0,799,1297,537,1,-1,-1,-1
361,267,1448,555,507,432,1,-1,-1,-1
362,267,1450,556,505,430,1,-1,-1,-1
363,267,1450,558,505,429,1,-1,-1,-1
364,267,1450,558,505,429,1,-1,-1,-1
365,267,1450,558,505,429,1,-1,-1,-1
366,267,1449,556,507,430,1,-1,-1,-1
367,267,1447,556,509,431,1,-1,-1,-1
368,267,1446,556,512,432,1,-1,-1,-1
369,267,1446,555,512,432,1,-1,-1,-1
370,267,1446,555,512,432,1,-1,-1,-1
371,267,1446,556,512,431,1,-1,-1,-1
372,267,1446,556,512,431,1,-1,-1,-1
373,267,1446,557,512,430,1,-1,-1,-1
374,267,1447,557,512,430,1,-1,-1,-1
375,267,1447,557,512,430,1,-1,-1,-1
376,267,1447,556,510,431,1,-1,-1,-1
377,267,1447,555,510,432,1,-1,-1,-1
378,267,1447,555,509,433,1,-1,-1,-1
379,267,1447,555,510,432,1,-1,-1,-1
380,267,1447,555,510,432,1,-1,-1,-1
381,267,1447,555,512,433,1,-1,-1,-1
382,267,1446,555,517,432,1,-1,-1,-1
383,265,1481,956,1079,542,1,-1,-1,-1
383,267,1444,559,518,428,1,-1,-1,-1
384,265,1093,914,1395,565,1,-1,-1,-1
384,267,1446,560,519,428,1,-1,-1,-1
385,265,725,880,1397,568,1,-1,-1,-1
385,267,1449,558,513,432,1,-1,-1,-1
386,265,357,846,1399,570,1,-1,-1,-1
386,267,1447,555,517,440,1,-1,-1,-1
387,265,32,835,1324,545,1,-1,-1,-1
387,267,1446,553,521,440,1,-1,-1,-1
388,267,1445,556,535,438,1,-1,-1,-1
389,267,1446,556,542,441,1,-1,-1,-1
390,267,1447,562,549,439,1,-1,-1,-1
391,267,1450,565,558,442,1,-1,-1,-1
392,267,1455,570,565,443,1,-1,-1,-1
393,267,1462,568,572,454,1,-1,-1,-1
394,267,1473,579,584,452,1,-1,-1,-1
395,267,1485,590,596,451,1,-1,-1,-1
396,267,1496,600,608,449,1,-1,-1,-1
397,267,1507,611,620,447,1,-1,-1,-1
398,267,1512,617,666,462,1,-1,-1,-1
399,267,1516,623,712,476,1,-1,-1,-1
400,267,1521,629,758,491,1,-1,-1,-1
401,267,1524,638,815,491,1,-1,-1,-1
402,267,1555,643,847,506,1,-1,-1,-1
403,267,1585,647,879,520,1,-1,-1,-1
404,267,1610,651,919,537,1,-1,-1,-1
405,267,1636,686,924,521,1,-1,-1,-1
406,267,1677,704,883,518,1,-1,-1,-1
407,267,1714,717,846,533,1,-1,-1,-1
