217,242,1114,789,379,291,1,-1,-1,-1
218,242,1103,762,400,318,1,-1,-1,-1
219,242,1098,721,395,317,1,-1,-1,-1
220,242,1098,701,386,314,1,-1,-1,-1
221,242,1088,664,389,296,1,-1,-1,-1
222,242,1089,641,376,303,1,-1,-1,-1
223,242,1083,626,373,295,1,-1,-1,-1
224,242,1067,587,387,298,1,-1,-1,-1
225,242,1055,573,372,284,1,-1,-1,-1
226,242,1048,558,362,282,1,-1,-1,-1
227,242,1035,529,361,270,1,-1,-1,-1
228,242,1026,511,353,270,1,-1,-1,-1
229,242,987,498,378,260,1,-1,-1,-1
230,242,1011,471,351,259,1,-1,-1,-1
231,242,994,462,340,250,1,-1,-1,-1
232,242,987,447,332,245,1,-1,-1,-1
233,242,978,433,321,244,1,-1,-1,-1
234,242,966,410,321,240,1,-1,-1,-1
235,242,966,407,307,229,1,-1,-1,-1
236,242,949,398,304,221,1,-1,-1,-1
237,242,950,385,292,218,1,-1,-1,-1
238,242,947,373,281,217,1,-1,-1,-1
239,242,942,366,273,215,1,-1,-1,-1
240,242,934,342,267,223,1,-1,-1,-1
241,242,933,337,259,217,1,-1,-1,-1
242,242,930,331,255,210,1,-1,-1,-1
243,242,924,324,254,206,1,-1,-1,-1
244,242,922,316,250,204,1,-1,-1,-1
245,242,912,315,260,183,1,-1,-1,-1
246,242,913,309,253,180,1,-1,-1,-1
247,242,913,295,250,177,1,-1,-1,-1
248,242,913,289,231,184,1,-1,-1,-1
249,242,914,283,223,180,1,-1,-1,-1
250,242,914,278,219,173,1,-1,-1,-1
251,242,912,275,218,168,1,-1,-1,-1
252,242,908,262,217,166,1,-1,-1,-1
253,242,908,256,211,171,1,-1,-1,-1
254,242,909,254,207,165,1,-1,-1,-1
255,242,908,248,204,164,1,-1,-1,-1
256,242,907,243,201,163,1,-1,-1,-1
257,242,905,237,198,162,1,-1,-1,-1
258,242,904,231,195,161,1,-1,-1,-1
259,242,904,224,191,164,1,-1,-1,-1
260,242,895,221,193,160,1,-1,-1,-1
261,242,893,219,191,152,1,-1,-1,-1
262,242,890,218,193,146,1,-1,-1,-1
263,242,889,214,190,142,1,-1,-1,-1
264,242,887,210,188,137,1,-1,-1,-1
265,242,886,206,185,133,1,-1,-1,-1
266,242,882,200,185,138,1,-1,-1,-1
267,242,878,195,186,140,1,-1,-1,-1
268,242,876,192,184,134,1,-1,-1,-1
269,242,875,191,183,129,1,-1,-1,-1
270,242,875,189,178,127,1,-1,-1,-1
271,242,878,185,171,121,1,-1,-1,-1
272,242,881,180,163,114,1,-1,-1,-1
273,242,881,175,162,119,1,-1,-1,-1
274,242,874,170,166,121,1,-1,-1,-1
275,242,873,165,167,124,1,-1,-1,-1
276,242,872,160,167,127,1,-1,-1,-1
277,242,871,158,167,127,1,-1,-1,-1
278,242,870,158,166,123,1,-1,-1,-1
279,242,869,158,166,121,1,-1,-1,-1
280,242,868,155,164,122,1,-1,-1,-1
281,242,868,152,160,125,1,-1,-1,-1
282,242,869,149,154,128,1,-1,-1,-1
283,242,870,148,149,127,1,-1,-1,-1
284,242,866,145,154,117,1,-1,-1,-1
285,242,865,143,154,118,1,-1,-1,-1
286,242,864,142,153,117,1,-1,-1,-1
287,242,864,141,151,114,1,-1,-1,-1
288,242,864,140,147,110,1,-1,-1,-1
289,242,863,138,146,108,1,-1,-1,-1
290,242,863,137,143,105,1,-1,-1,-1
291,242,863,134,141,105,1,-1,-1,-1
292,242,863,131,136,106,1,-1,-1,-1
293,242,863,129,134,107,1,-1,-1,-1
294,242,862,127,133,106,1,-1,-1,-1
295,242,862,125,132,105,1,-1,-1,-1
296,242,861,123,130,105,1,-1,-1,-1
297,242,861,121,129,104,1,-1,-1,-1
298,242,860,119,128,103,1,-1,-1,-1
299,242,859,117,127,102,1,-1,-1,-1
300,242,859,115,125,102,1,-1,-1,-1
301,242,858,113,124,101,1,-1,-1,-1
302,242,858,111,123,100,1,-1,-1,-1
303,242,857,108,122,99,1,-1,-1,-1
304,242,856,106,121,98,1,-1,-1,-1
305,242,856,104,119,98,1,-1,-1,-1
306,242,855,102,118,97,1,-1,-1,-1
307,242,854,100,117,96,1,-1,-1,-1
308,242,854,98,116,95,1,-1,-1,-1
309,242,853,96,114,95,1,-1,-1,-1
310,242,853,94,113,94,1,-1,-1,-1
311,242,852,92,112,93,1,-1,-1,-1
312,242,851,91,111,92,1,-1,-1,-1
313,242,851,90,110,92,1,-1,-1,-1
314,242,850,89,109,91,1,-1,-1,-1
315,242,849,88,109,90,1,-1,-1,-1
316,242,848,87,108,90,1,-1,-1,-1
317,242,848,86,107,89,1,-1,-1,-1
318,242,847,85,106,88,1,-1,-1,-1
319,242,846,84,105,88,1,-1,-1,-1
320,242,845,83,104,87,1,-1,-1,-1
321,242,845,82,103,86,1,-1,-1,-1
322,242,844,81,102,86,1,-1,-1,-1
323,242,843,80,102,85,1,-1,-1,-1
324,242,842,79,101,84,1,-1,-1,-1
325,242,842,78,100,84,1,-1,-1,-1
326,242,841,77,99,83,1,-1,-1,-1
327,242,839,77,98,83,1,-1,-1,-1
328,242,838,77,98,82,1,-1,-1,-1
329,242,836,77,97,82,1,-1,-1,-1
330,242,834,77,97,81,1,-1,-1,-1
331,242,832,77,96,81,1,-1,-1,-1
332,242,831,77,95,80,1,-1,-1,-1
333,242,829,77,95,80,1,-1,-1,-1
334,242,827,77,94,79,1,-1,-1,-1
335,242,825,76,93,79,1,-1,-1,-1
336,242,824,76,93,78,1,-1,-1,-1
337,242,822,76,92,78,1,-1,-1,-1
338,242,820,76,92,77,1,-1,-1,-1
339,242,818,76,91,77,1,-1,-1,-1
340,242,817,76,90,76,1,-1,-1,-1
341,242,815,76,90,76,1,-1,-1,-1
342,242,813,76,89,75,1,-1,-1,-1
396,243,699,80,89,70,1,-1,-1,-1
397,243,700,79,90,71,1,-1,-1,-1
398,243,701,78,90,72,1,-1,-1,-1
399,243,702,77,91,73,1,-1,-1,-1
400,243,703,76,91,74,1,-1,-1,-1
401,243,704,76,92,74,1,-1,-1,-1
402,243,705,75,92,75,1,-1,-1,-1
403,243,706,74,93,76,1,-1,-1,-1
404,243,707,73,93,77,1,-1,-1,-1
405,243,708,72,94,78,1,-1,-1,-1
406,243,708,72,94,79,1,-1,-1,-1
407,243,708,72,95,79,1,-1,-1,-1
408,243,708,71,95,80,1,-1,-1,-1
409,243,708,71,95,81,1,-1,-1,-1
410,243,708,71,95,81,1,-1,-1,-1
411,243,709,71,96,82,1,-1,-1,-1
412,243,709,71,96,82,1,-1,-1,-1
413,243,709,71,96,83,1,-1,-1,-1
414,243,709,70,96,84,1,-1,-1,-1
415,243,709,70,97,84,1,-1,-1,-1
416,243,709,70,97,85,1,-1,-1,-1
417,243,709,71,98,85,1,-1,-1,-1
417,246,1362,119,266,148,1,-1,-1,-1
418,243,709,71,98,86,1,-1,-1,-1
418,246,1348,120,274,149,1,-1,-1,-1
419,243,708,72,99,86,1,-1,-1,-1
419,246,1334,122,281,151,1,-1,-1,-1
420,243,708,73,99,87,1,-1,-1,-1
420,246,1320,123,289,152,1,-1,-1,-1
421,243,708,74,100,87,1,-1,-1,-1
421,246,1315,123,290,151,1,-1,-1,-1
422,243,708,74,100,88,1,-1,-1,-1
422,246,1311,123,292,151,1,-1,-1,-1
423,243,707,75,101,88,1,-1,-1,-1
423,246,1307,124,293,151,1,-1,-1,-1
424,243,707,76,101,89,1,-1,-1,-1
424,246,1302,124,294,151,1,-1,-1,-1
425,243,707,77,102,89,1,-1,-1,-1
425,246,1298,125,296,151,1,-1,-1,-1
426,243,707,77,103,89,1,-1,-1,-1
426,246,1294,125,297,151,1,-1,-1,-1
427,243,707,78,103,90,1,-1,-1,-1
427,246,1288,126,298,151,1,-1,-1,-1
428,243,706,79,104,90,1,-1,-1,-1
428,246,1284,126,299,151,1,-1,-1,-1
429,243,706,79,104,91,1,-1,-1,-1
429,246,1280,127,301,151,1,-1,-1,-1
430,243,706,80,105,91,1,-1,-1,-1
430,246,1280,127,299,153,1,-1,-1,-1
431,243,706,81,105,92,1,-1,-1,-1
431,246,1281,127,297,155,1,-1,-1,-1
432,243,705,82,106,92,1,-1,-1,-1
432,246,1282,127,295,157,1,-1,-1,-1
433,243,705,82,106,93,1,-1,-1,-1
433,246,1282,127,295,157,1,-1,-1,-1
434,243,705,83,107,93,1,-1,-1,-1
434,246,1282,127,295,157,1,-1,-1,-1
435,243,704,84,108,94,1,-1,-1,-1
435,246,1282,127,295,157,1,-1,-1,-1
436,243,702,85,109,94,1,-1,-1,-1
436,246,1282,127,295,157,1,-1,-1,-1
437,243,701,86,110,95,1,-1,-1,-1
437,246,1282,127,295,157,1,-1,-1,-1
438,243,700,87,110,95,1,-1,-1,-1
438,246,1282,127,295,157,1,-1,-1,-1
439,243,699,88,111,96,1,-1,-1,-1
439,246,1282,127,295,157,1,-1,-1,-1
440,243,697,89,112,96,1,-1,-1,-1
440,246,1282,127,295,157,1,-1,-1,-1
441,243,696,90,113,97,1,-1,-1,-1
441,246,1282,127,295,157,1,-1,-1,-1
442,243,695,91,114,97,1,-1,-1,-1
442,246,1282,127,295,157,1,-1,-1,-1
443,243,694,92,115,98,1,-1,-1,-1
443,246,1282,127,295,157,1,-1,-1,-1
444,243,692,93,116,98,1,-1,-1,-1
444,246,1282,127,295,157,1,-1,-1,-1
445,243,691,94,117,99,1,-1,-1,-1
445,246,1282,127,295,157,1,-1,-1,-1
446,243,690,95,117,99,1,-1,-1,-1
446,246,1282,127,295,157,1,-1,-1,-1
447,243,689,96,118,100,1,-1,-1,-1
447,246,1282,127,295,157,1,-1,-1,-1
448,243,687,97,119,100,1,-1,-1,-1
448,246,1282,127,295,157,1,-1,-1,-1
449,243,686,98,120,101,1,-1,-1,-1
449,246,1282,127,295,157,1,-1,-1,-1
450,243,685,99,121,102,1,-1,-1,-1
450,246,1282,127,295,157,1,-1,-1,-1
451,243,684,101,123,103,1,-1,-1,-1
451,246,1282,127,295,157,1,-1,-1,-1
452,243,683,102,124,104,1,-1,-1,-1
452,246,1282,127,295,157,1,-1,-1,-1
453,243,681,104,125,105,1,-1,-1,-1
453,246,1282,127,295,157,1,-1,-1,-1
454,243,680,105,126,106,1,-1,-1,-1
454,246,1282,127,295,157,1,-1,-1,-1
455,243,679,107,128,107,1,-1,-1,-1
455,246,1282,127,295,157,1,-1,-1,-1
456,243,678,108,129,108,1,-1,-1,-1
456,246,1282,127,295,157,1,-1,-1,-1
457,243,677,106,130,111,1,-1,-1,-1
457,246,1282,127,295,157,1,-1,-1,-1
458,243,676,109,131,109,1,-1,-1,-1
458,246,1282,127,295,157,1,-1,-1,-1
459,243,675,111,133,107,1,-1,-1,-1
459,246,1282,127,295,157,1,-1,-1,-1
460,243,675,119,129,109,1,-1,-1,-1
460,244,692,72,101,80,1,-1,-1,-1
460,246,1282,127,295,157,1,-1,-1,-1
461,243,675,120,130,109,1,-1,-1,-1
461,244,693,72,102,80,1,-1,-1,-1
461,246,1282,127,295,157,1,-1,-1,-1
462,243,675,121,130,109,1,-1,-1,-1
462,244,693,72,102,81,1,-1,-1,-1
462,246,1282,127,295,157,1,-1,-1,-1
463,243,668,122,138,113,1,-1,-1,-1
463,244,693,72,102,81,1,-1,-1,-1
463,246,1282,127,295,157,1,-1,-1,-1
464,243,667,124,139,114,1,-1,-1,-1
464,244,694,72,103,82,1,-1,-1,-1
464,246,1282,127,295,157,1,-1,-1,-1
465,243,671,128,139,108,1,-1,-1,-1
465,244,694,72,103,83,1,-1,-1,-1
465,246,1282,127,295,157,1,-1,-1,-1
466,243,670,130,141,107,1,-1,-1,-1
466,244,694,72,103,83,1,-1,-1,-1
466,246,1282,127,295,157,1,-1,-1,-1
467,243,666,128,142,116,1,-1,-1,-1
467,244,694,72,103,84,1,-1,-1,-1
467,246,1282,127,295,157,1,-1,-1,-1
468,243,665,130,143,113,1,-1,-1,-1
468,244,695,72,104,84,1,-1,-1,-1
468,246,1282,127,295,157,1,-1,-1,-1
469,243,665,132,143,114,1,-1,-1,-1
469,244,695,72,104,85,1,-1,-1,-1
469,246,1282,127,295,157,1,-1,-1,-1
470,243,664,134,144,114,1,-1,-1,-1
470,244,695,72,104,85,1,-1,-1,-1
470,246,1282,127,295,157,1,-1,-1,-1
471,243,662,135,146,118,1,-1,-1,-1
471,244,695,73,104,86,1,-1,-1,-1
471,246,1282,127,295,157,1,-1,-1,-1
472,243,661,134,149,122,1,-1,-1,-1
472,244,696,73,104,86,1,-1,-1,-1
472,246,1282,127,295,157,1,-1,-1,-1
473,243,660,134,150,125,1,-1,-1,-1
473,244,696,74,104,86,1,-1,-1,-1
473,246,1282,127,295,157,1,-1,-1,-1
474,243,660,135,150,128,1,-1,-1,-1
474,244,696,74,105,87,1,-1,-1,-1
474,246,1282,127,295,157,1,-1,-1,-1
475,243,660,137,149,125,1,-1,-1,-1
475,244,696,75,105,87,1,-1,-1,-1
475,246,1282,127,295,157,1,-1,-1,-1
476,243,660,139,149,123,1,-1,-1,-1
476,244,697,75,105,87,1,-1,-1,-1
476,246,1282,127,295,157,1,-1,-1,-1
477,243,661,149,146,125,1,-1,-1,-1
477,244,697,76,105,88,1,-1,-1,-1
477,246,1282,127,295,157,1,-1,-1,-1
478,243,660,149,149,127,1,-1,-1,-1
478,244,697,76,105,88,1,-1,-1,-1
478,246,1282,127,295,157,1,-1,-1,-1
479,243,659,150,152,128,1,-1,-1,-1
479,244,696,77,107,89,1,-1,-1,-1
479,246,1282,127,295,157,1,-1,-1,-1
480,243,657,153,157,125,1,-1,-1,-1
480,244,695,78,110,91,1,-1,-1,-1
480,246,1282,127,295,157,1,-1,-1,-1
481,243,655,156,162,125,1,-1,-1,-1
481,244,694,78,112,92,1,-1,-1,-1
481,246,1282,127,295,157,1,-1,-1,-1
482,243,651,159,167,124,1,-1,-1,-1
482,244,693,79,115,94,1,-1,-1,-1
482,246,1282,127,295,157,1,-1,-1,-1
483,243,649,160,172,127,1,-1,-1,-1
483,244,692,80,117,95,1,-1,-1,-1
483,246,1282,127,295,157,1,-1,-1,-1
484,243,647,163,174,129,1,-1,-1,-1
484,244,691,81,119,96,1,-1,-1,-1
484,246,1282,127,295,157,1,-1,-1,-1
485,243,647,164,174,131,1,-1,-1,-1
485,244,690,81,122,98,1,-1,-1,-1
485,246,1282,127,295,157,1,-1,-1,-1
486,243,647,166,174,133,1,-1,-1,-1
486,244,689,82,124,99,1,-1,-1,-1
486,246,1282,127,295,157,1,-1,-1,-1
487,243,647,167,173,134,1,-1,-1,-1
487,244,688,83,126,101,1,-1,-1,-1
487,246,1282,127,295,157,1,-1,-1,-1
488,243,646,168,174,136,1,-1,-1,-1
488,244,687,84,128,102,1,-1,-1,-1
488,246,1282,127,295,157,1,-1,-1,-1
489,243,645,170,173,135,1,-1,-1,-1
489,244,685,84,129,104,1,-1,-1,-1
489,246,1282,127,295,157,1,-1,-1,-1
490,243,645,174,174,137,1,-1,-1,-1
490,244,684,85,131,105,1,-1,-1,-1
490,246,1282,127,295,157,1,-1,-1,-1
491,243,644,177,175,140,1,-1,-1,-1
491,244,684,85,132,107,1,-1,-1,-1
491,246,1282,127,295,157,1,-1,-1,-1
492,243,644,181,176,142,1,-1,-1,-1
492,244,682,86,135,109,1,-1,-1,-1
492,246,1282,127,295,157,1,-1,-1,-1
493,243,642,181,180,146,1,-1,-1,-1
493,244,681,87,136,111,1,-1,-1,-1
493,246,1282,127,295,157,1,-1,-1,-1
494,243,638,183,186,149,1,-1,-1,-1
494,244,680,89,138,112,1,-1,-1,-1
494,246,1282,127,295,157,1,-1,-1,-1
495,243,635,186,189,150,1,-1,-1,-1
495,244,680,91,138,112,1,-1,-1,-1
495,246,1282,127,295,157,1,-1,-1,-1
496,243,634,187,190,154,1,-1,-1,-1
496,244,685,97,123,99,1,-1,-1,-1
496,246,1282,127,295,157,1,-1,-1,-1
497,243,634,190,190,157,1,-1,-1,-1
497,244,683,97,125,103,1,-1,-1,-1
497,246,1282,127,295,157,1,-1,-1,-1
498,243,633,191,190,162,1,-1,-1,-1
498,244,682,97,127,106,1,-1,-1,-1
498,246,1282,127,295,157,1,-1,-1,-1
499,243,632,194,190,161,1,-1,-1,-1
499,244,680,98,129,110,1,-1,-1,-1
499,246,1282,127,295,157,1,-1,-1,-1
500,243,632,198,190,153,1,-1,-1,-1
500,244,679,98,131,113,1,-1,-1,-1
500,246,1282,127,295,157,1,-1,-1,-1
501,243,629,213,197,150,1,-1,-1,-1
501,244,677,98,133,117,1,-1,-1,-1
501,246,1282,127,295,157,1,-1,-1,-1
502,243,628,215,197,152,1,-1,-1,-1
502,244,675,101,133,114,1,-1,-1,-1
502,246,1282,127,295,157,1,-1,-1,-1
503,243,627,216,199,156,1,-1,-1,-1
503,244,675,103,133,114,1,-1,-1,-1
503,246,1282,127,295,157,1,-1,-1,-1
504,243,627,217,199,160,1,-1,-1,-1
504,244,674,107,133,113,1,-1,-1,-1
504,246,1282,127,295,157,1,-1,-1,-1
505,243,626,218,200,165,1,-1,-1,-1
505,244,673,109,135,112,1,-1,-1,-1
505,246,1282,127,295,157,1,-1,-1,-1
506,243,626,220,201,166,1,-1,-1,-1
506,244,674,111,134,112,1,-1,-1,-1
506,246,1282,127,295,157,1,-1,-1,-1
507,243,624,222,204,169,1,-1,-1,-1
507,244,673,111,136,113,1,-1,-1,-1
507,246,1282,127,295,157,1,-1,-1,-1
508,243,623,223,207,169,1,-1,-1,-1
508,244,669,114,133,121,1,-1,-1,-1
508,246,1282,127,295,157,1,-1,-1,-1
509,243,622,228,209,164,1,-1,-1,-1
509,244,670,114,133,122,1,-1,-1,-1
509,246,1282,127,295,157,1,-1,-1,-1
510,243,624,242,209,163,1,-1,-1,-1
510,244,669,113,133,124,1,-1,-1,-1
510,246,1282,127,295,157,1,-1,-1,-1
511,243,625,244,208,164,1,-1,-1,-1
511,244,669,115,133,125,1,-1,-1,-1
511,246,1282,127,295,157,1,-1,-1,-1
512,243,623,244,209,166,1,-1,-1,-1
512,244,669,117,134,127,1,-1,-1,-1
512,246,1282,127,295,157,1,-1,-1,-1
513,243,619,246,215,168,1,-1,-1,-1
513,244,667,120,135,124,1,-1,-1,-1
513,246,1282,127,295,157,1,-1,-1,-1
514,243,617,248,219,173,1,-1,-1,-1
514,244,667,122,136,124,1,-1,-1,-1
514,246,1282,127,295,157,1,-1,-1,-1
515,243,613,251,224,175,1,-1,-1,-1
515,244,666,125,139,123,1,-1,-1,-1
515,246,1282,127,295,157,1,-1,-1,-1
516,243,611,254,227,177,1,-1,-1,-1
516,244,664,127,141,123,1,-1,-1,-1
516,246,1282,127,295,157,1,-1,-1,-1
517,243,609,258,228,173,1,-1,-1,-1
517,244,660,129,146,123,1,-1,-1,-1
517,246,1282,127,295,157,1,-1,-1,-1
518,243,607,271,234,182,1,-1,-1,-1
518,244,657,131,152,124,1,-1,-1,-1
518,246,1282,127,295,157,1,-1,-1,-1
519,243,604,273,241,183,1,-1,-1,-1
519,244,655,131,155,125,1,-1,-1,-1
519,246,1282,127,295,157,1,-1,-1,-1
520,243,601,276,246,186,1,-1,-1,-1
520,244,653,134,157,125,1,-1,-1,-1
520,246,1282,127,295,157,1,-1,-1,-1
521,243,597,276,253,202,1,-1,-1,-1
521,244,654,136,156,127,1,-1,-1,-1
521,246,1282,127,295,157,1,-1,-1,-1
522,243,597,278,251,209,1,-1,-1,-1
522,244,654,139,157,125,1,-1,-1,-1
522,246,1282,127,295,157,1,-1,-1,-1
523,243,596,277,253,216,1,-1,-1,-1
523,244,656,147,153,127,1,-1,-1,-1
523,246,1282,127,295,157,1,-1,-1,-1
524,243,601,297,251,207,1,-1,-1,-1
524,244,655,148,154,129,1,-1,-1,-1
524,246,1282,127,295,157,1,-1,-1,-1
525,243,598,300,254,210,1,-1,-1,-1
525,244,654,150,156,130,1,-1,-1,-1
525,246,1282,128,293,156,1,-1,-1,-1
526,243,593,306,260,213,1,-1,-1,-1
526,244,653,152,157,129,1,-1,-1,-1
526,246,1282,129,291,155,1,-1,-1,-1
527,243,588,312,265,221,1,-1,-1,-1
527,244,651,155,162,128,1,-1,-1,-1
527,246,1281,129,290,153,1,-1,-1,-1
528,243,583,319,272,229,1,-1,-1,-1
528,244,650,157,164,129,1,-1,-1,-1
528,246,1281,130,288,152,1,-1,-1,-1
529,243,581,326,274,235,1,-1,-1,-1
529,244,647,160,169,131,1,-1,-1,-1
529,246,1281,131,286,151,1,-1,-1,-1
530,243,578,332,276,241,1,-1,-1,-1
530,244,646,161,173,134,1,-1,-1,-1
530,246,1281,132,284,150,1,-1,-1,-1
531,243,575,358,281,230,1,-1,-1,-1
531,244,646,164,173,138,1,-1,-1,-1
531,246,1281,133,282,149,1,-1,-1,-1
532,243,572,361,284,233,1,-1,-1,-1
532,244,647,163,172,144,1,-1,-1,-1
532,246,1281,134,280,148,1,-1,-1,-1
533,243,570,369,286,235,1,-1,-1,-1
533,244,647,165,172,144,1,-1,-1,-1
533,246,1280,134,279,146,1,-1,-1,-1
534,243,566,377,292,240,1,-1,-1,-1
534,244,647,169,172,142,1,-1,-1,-1
534,246,1280,135,277,145,1,-1,-1,-1
535,243,564,385,295,245,1,-1,-1,-1
535,244,647,180,173,140,1,-1,-1,-1
535,246,1280,136,275,144,1,-1,-1,-1
536,243,558,392,301,255,1,-1,-1,-1
536,244,647,179,174,143,1,-1,-1,-1
536,246,1275,137,275,143,1,-1,-1,-1
537,243,551,398,309,264,1,-1,-1,-1
537,244,646,179,175,144,1,-1,-1,-1
537,246,1269,138,275,143,1,-1,-1,-1
538,243,544,421,319,255,1,-1,-1,-1
538,244,645,182,176,145,1,-1,-1,-1
538,246,1264,138,274,142,1,-1,-1,-1
539,243,539,431,327,254,1,-1,-1,-1
539,244,644,184,178,147,1,-1,-1,-1
539,246,1258,139,274,141,1,-1,-1,-1
540,243,536,443,331,255,1,-1,-1,-1
540,244,644,187,179,151,1,-1,-1,-1
540,246,1247,139,278,143,1,-1,-1,-1
541,243,533,452,332,268,1,-1,-1,-1
541,244,643,191,182,155,1,-1,-1,-1
541,246,1236,139,283,145,1,-1,-1,-1
542,243,528,459,336,279,1,-1,-1,-1
542,244,643,194,184,162,1,-1,-1,-1
542,246,1225,140,287,146,1,-1,-1,-1
543,243,522,477,337,286,1,-1,-1,-1
543,244,643,196,184,163,1,-1,-1,-1
543,246,1214,140,292,148,1,-1,-1,-1
544,243,513,487,343,286,1,-1,-1,-1
544,244,645,198,193,160,1,-1,-1,-1
544,246,1203,140,296,150,1,-1,-1,-1
545,243,506,502,349,290,1,-1,-1,-1
545,244,638,205,195,165,1,-1,-1,-1
545,246,1189,141,293,149,1,-1,-1,-1
546,243,497,515,356,300,1,-1,-1,-1
546,244,642,203,198,171,1,-1,-1,-1
546,246,1176,143,290,149,1,-1,-1,-1
547,243,493,542,361,307,1,-1,-1,-1
547,244,642,207,198,168,1,-1,-1,-1
547,246,1162,144,288,147,1,-1,-1,-1
548,243,476,554,361,305,1,-1,-1,-1
548,244,641,211,200,168,1,-1,-1,-1
548,246,1149,146,286,147,1,-1,-1,-1
549,243,468,569,362,315,1,-1,-1,-1
549,244,641,215,202,169,1,-1,-1,-1
549,246,1135,147,283,146,1,-1,-1,-1
550,243,457,580,369,330,1,-1,-1,-1
550,244,641,219,205,173,1,-1,-1,-1
550,246,1122,149,281,146,1,-1,-1,-1
551,243,442,609,374,330,1,-1,-1,-1
551,244,640,223,207,172,1,-1,-1,-1
551,246,1108,151,278,145,1,-1,-1,-1
552,243,429,625,382,333,1,-1,-1,-1
552,244,641,226,207,171,1,-1,-1,-1
552,246,1095,152,276,145,1,-1,-1,-1
553,243,415,645,389,333,1,-1,-1,-1
553,244,638,235,209,175,1,-1,-1,-1
553,246,1082,154,274,145,1,-1,-1,-1
554,243,400,676,402,350,1,-1,-1,-1
554,244,636,234,212,179,1,-1,-1,-1
554,246,1069,155,271,144,1,-1,-1,-1
555,243,375,699,404,344,1,-1,-1,-1
555,244,632,235,221,183,1,-1,-1,-1
555,246,1054,156,271,146,1,-1,-1,-1
556,243,347,716,446,353,1,-1,-1,-1
556,244,630,238,226,186,1,-1,-1,-1
556,246,1040,157,271,148,1,-1,-1,-1
557,243,351,749,395,331,1,-1,-1,-1
557,244,629,241,229,188,1,-1,-1,-1
557,246,1025,158,271,150,1,-1,-1,-1
558,243,331,771,403,309,1,-1,-1,-1
558,244,629,247,230,188,1,-1,-1,-1
558,246,1005,160,272,150,1,-1,-1,-1
559,244,629,253,231,187,1,-1,-1,-1
559,246,985,162,273,149,1,-1,-1,-1
560,244,619,253,232,198,1,-1,-1,-1
560,246,970,164,270,148,1,-1,-1,-1
561,244,625,256,234,209,1,-1,-1,-1
561,246,955,165,267,147,1,-1,-1,-1
562,244,625,261,234,211,1,-1,-1,-1
562,246,938,167,265,145,1,-1,-1,-1
563,244,625,267,233,215,1,-1,-1,-1
563,246,920,169,263,143,1,-1,-1,-1
564,244,625,273,234,220,1,-1,-1,-1
564,246,906,172,257,146,1,-1,-1,-1
565,244,618,296,251,206,1,-1,-1,-1
565,246,891,174,250,149,1,-1,-1,-1
566,244,615,301,254,208,1,-1,-1,-1
566,246,877,176,243,148,1,-1,-1,-1
567,244,614,309,259,210,1,-1,-1,-1
567,246,863,178,235,147,1,-1,-1,-1
568,244,611,318,265,213,1,-1,-1,-1
568,246,847,178,234,149,1,-1,-1,-1
569,244,608,325,272,220,1,-1,-1,-1
569,246,830,178,233,151,1,-1,-1,-1
570,244,607,331,273,230,1,-1,-1,-1
570,246,823,176,229,157,1,-1,-1,-1
571,244,607,335,273,238,1,-1,-1,-1
571,246,800,180,224,154,1,-1,-1,-1
572,244,593,362,284,222,1,-1,-1,-1
572,246,792,178,223,160,1,-1,-1,-1
573,244,593,370,283,224,1,-1,-1,-1
573,246,776,181,225,161,1,-1,-1,-1
574,244,589,381,289,228,1,-1,-1,-1
574,246,759,184,226,161,1,-1,-1,-1
575,244,582,392,298,231,1,-1,-1,-1
575,246,751,188,223,161,1,-1,-1,-1
576,244,579,400,303,239,1,-1,-1,-1
576,246,727,191,228,162,1,-1,-1,-1
577,244,575,404,309,251,1,-1,-1,-1
577,246,719,191,231,167,1,-1,-1,-1
578,244,569,426,319,248,1,-1,-1,-1
578,246,710,192,231,168,1,-1,-1,-1
579,244,563,436,322,250,1,-1,-1,-1
579,246,694,197,221,163,1,-1,-1,-1
580,244,554,450,327,252,1,-1,-1,-1
580,246,688,202,220,168,1,-1,-1,-1
581,244,545,461,336,262,1,-1,-1,-1
581,246,681,202,217,172,1,-1,-1,-1
582,244,530,466,350,275,1,-1,-1,-1
582,246,674,202,218,176,1,-1,-1,-1
583,244,524,491,349,273,1,-1,-1,-1
583,246,665,209,207,169,1,-1,-1,-1
584,244,515,503,355,276,1,-1,-1,-1
584,246,660,213,207,168,1,-1,-1,-1
585,244,502,516,365,288,1,-1,-1,-1
585,246,649,216,215,172,1,-1,-1,-1
586,244,493,525,371,299,1,-1,-1,-1
586,246,640,219,221,174,1,-1,-1,-1
587,244,486,551,373,308,1,-1,-1,-1
587,246,632,221,226,177,1,-1,-1,-1
588,244,466,576,378,306,1,-1,-1,-1
588,246,621,225,224,175,1,-1,-1,-1
589,244,457,589,383,317,1,-1,-1,-1
589,246,619,226,222,174,1,-1,-1,-1
590,244,443,622,380,314,1,-1,-1,-1
590,246,618,235,219,177,1,-1,-1,-1
591,244,426,639,387,317,1,-1,-1,-1
591,246,616,238,216,176,1,-1,-1,-1
592,244,405,663,398,324,1,-1,-1,-1
592,246,613,238,216,179,1,-1,-1,-1
593,244,384,686,410,330,1,-1,-1,-1
593,246,607,242,222,184,1,-1,-1,-1
594,244,363,710,421,337,1,-1,-1,-1
594,246,599,244,232,188,1,-1,-1,-1
595,244,355,738,410,342,1,-1,-1,-1
595,246,593,248,240,190,1,-1,-1,-1
596,244,327,764,424,316,1,-1,-1,-1
596,246,588,245,249,207,1,-1,-1,-1
597,244,299,790,438,290,1,-1,-1,-1
597,246,586,251,251,209,1,-1,-1,-1
598,246,583,255,250,212,1,-1,-1,-1
599,246,580,260,251,217,1,-1,-1,-1
600,246,576,265,252,221,1,-1,-1,-1
601,246,571,270,256,226,1,-1,-1,-1
602,246,568,272,260,229,1,-1,-1,-1
603,246,571,294,255,212,1,-1,-1,-1
604,246,567,301,263,217,1,-1,-1,-1
605,246,562,309,273,220,1,-1,-1,-1
606,246,556,318,279,226,1,-1,-1,-1
607,246,552,327,283,231,1,-1,-1,-1
608,246,548,331,284,239,1,-1,-1,-1
609,246,543,335,287,246,1,-1,-1,-1
610,246,539,354,288,241,1,-1,-1,-1
611,246,534,364,294,240,1,-1,-1,-1
612,246,530,374,297,241,1,-1,-1,-1
613,246,525,385,301,243,1,-1,-1,-1
614,246,519,393,309,253,1,-1,-1,-1
615,246,513,397,319,265,1,-1,-1,-1
616,246,508,418,326,266,1,-1,-1,-1
617,246,496,431,326,255,1,-1,-1,-1
618,246,490,447,332,255,1,-1,-1,-1
619,246,484,458,336,263,1,-1,-1,-1
620,246,475,463,345,278,1,-1,-1,-1
621,246,463,482,351,284,1,-1,-1,-1
622,246,456,493,353,289,1,-1,-1,-1
623,246,445,507,364,299,1,-1,-1,-1
624,246,438,518,373,310,1,-1,-1,-1
625,246,428,542,370,318,1,-1,-1,-1
626,246,418,554,375,325,1,-1,-1,-1
627,246,389,575,392,328,1,-1,-1,-1
628,246,395,604,403,328,1,-1,-1,-1
629,246,373,621,400,327,1,-1,-1,-1
630,246,359,641,407,328,1,-1,-1,-1
631,246,342,664,416,338,1,-1,-1,-1
632,246,324,687,424,347,1,-1,-1,-1
633,246,293,702,463,367,1,-1,-1,-1
634,246,259,745,484,335,1,-1,-1,-1
635,246,278,766,424,314,1,-1,-1,-1
636,246,234,792,457,288,1,-1,-1,-1
704,245,955,741,503,339,1,-1,-1,-1
705,245,959,715,492,365,1,-1,-1,-1
706,245,962,690,482,390,1,-1,-1,-1
707,245,966,664,471,416,1,-1,-1,-1
708,245,973,644,462,436,1,-1,-1,-1
709,245,979,625,454,455,1,-1,-1,-1
710,245,984,607,448,473,1,-1,-1,-1
711,245,985,594,444,470,1,-1,-1,-1
712,245,983,579,447,459,1,-1,-1,-1
713,245,981,568,447,444,1,-1,-1,-1
714,245,995,556,422,444,1,-1,-1,-1
715,245,984,536,425,416,1,-1,-1,-1
716,245,980,527,426,416,1,-1,-1,-1
717,245,974,513,431,416,1,-1,-1,-1
718,245,974,497,429,418,1,-1,-1,-1
719,245,970,474,405,428,1,-1,-1,-1
720,245,976,459,389,416,1,-1,-1,-1
721,245,974,450,389,408,1,-1,-1,-1
722,245,964,453,402,369,1,-1,-1,-1
723,245,963,446,395,366,1,-1,-1,-1
724,245,957,445,393,361,1,-1,-1,-1
725,245,947,424,387,350,1,-1,-1,-1
726,245,944,415,383,353,1,-1,-1,-1
727,245,941,405,377,351,1,-1,-1,-1
728,245,936,393,375,352,1,-1,-1,-1
729,245,930,384,376,351,1,-1,-1,-1
730,245,924,375,375,349,1,-1,-1,-1
731,245,917,365,373,347,1,-1,-1,-1
732,245,911,356,372,345,1,-1,-1,-1
733,245,904,346,370,343,1,-1,-1,-1
734,245,904,341,360,334,1,-1,-1,-1
735,245,899,336,356,326,1,-1,-1,-1
736,245,893,328,356,322,1,-1,-1,-1
737,245,889,324,354,317,1,-1,-1,-1
738,245,886,319,349,315,1,-1,-1,-1
739,245,880,311,350,292,1,-1,-1,-1
740,245,879,306,342,292,1,-1,-1,-1
741,245,879,300,336,289,1,-1,-1,-1
742,245,880,294,326,285,1,-1,-1,-1
743,245,883,290,317,277,1,-1,-1,-1
744,245,885,285,310,276,1,-1,-1,-1
745,245,870,281,315,271,1,-1,-1,-1
746,245,868,275,315,271,1,-1,-1,-1
747,245,866,268,315,271,1,-1,-1,-1
748,245,866,265,311,271,1,-1,-1,-1
749,245,867,254,301,257,1,-1,-1,-1
750,245,871,253,293,253,1,-1,-1,-1
751,245,870,251,287,250,1,-1,-1,-1
752,245,868,247,283,249,1,-1,-1,-1
753,245,866,244,282,248,1,-1,-1,-1
754,245,865,241,279,243,1,-1,-1,-1
755,245,862,236,278,242,1,-1,-1,-1
756,245,857,233,278,240,1,-1,-1,-1
757,245,852,228,278,240,1,-1,-1,-1
758,245,852,225,275,235,1,-1,-1,-1
759,245,851,221,268,231,1,-1,-1,-1
760,245,852,218,260,227,1,-1,-1,-1
761,245,851,215,254,226,1,-1,-1,-1
762,245,851,214,252,224,1,-1,-1,-1
763,245,847,191,253,238,1,-1,-1,-1
764,245,846,191,251,232,1,-1,-1,-1
765,245,845,192,248,228,1,-1,-1,-1
766,245,845,192,241,222,1,-1,-1,-1
767,245,845,190,240,219,1,-1,-1,-1
768,245,832,186,246,219,1,-1,-1,-1
769,245,832,184,244,216,1,-1,-1,-1
770,245,832,181,243,212,1,-1,-1,-1
771,245,831,179,242,211,1,-1,-1,-1
772,245,831,176,240,210,1,-1,-1,-1
773,245,832,172,235,212,1,-1,-1,-1
774,245,832,170,233,210,1,-1,-1,-1
775,245,834,174,223,187,1,-1,-1,-1
776,245,835,171,219,188,1,-1,-1,-1
777,245,835,172,218,186,1,-1,-1,-1
778,245,835,170,217,185,1,-1,-1,-1
779,245,837,168,215,185,1,-1,-1,-1
780,245,838,166,211,186,1,-1,-1,-1
781,245,838,163,210,186,1,-1,-1,-1
782,245,839,158,210,188,1,-1,-1,-1
783,245,839,154,210,190,1,-1,-1,-1
784,245,837,148,211,175,1,-1,-1,-1
785,245,837,147,211,174,1,-1,-1,-1
786,245,840,147,206,171,1,-1,-1,-1
787,245,841,146,201,168,1,-1,-1,-1
788,245,842,145,197,167,1,-1,-1,-1
789,245,842,143,195,167,1,-1,-1,-1
790,245,842,140,194,168,1,-1,-1,-1
791,245,843,138,189,168,1,-1,-1,-1
792,245,844,136,187,169,1,-1,-1,-1
793,245,845,134,185,171,1,-1,-1,-1
794,245,845,133,185,168,1,-1,-1,-1
795,245,845,130,185,167,1,-1,-1,-1
796,245,845,128,186,167,1,-1,-1,-1
797,245,845,125,186,166,1,-1,-1,-1
798,245,845,123,187,166,1,-1,-1,-1
799,245,845,120,187,165,1,-1,-1,-1
800,245,845,117,186,168,1,-1,-1,-1
801,245,846,119,182,164,1,-1,-1,-1
802,245,846,117,179,164,1,-1,-1,-1
803,245,848,116,174,163,1,-1,-1,-1
804,245,847,114,174,161,1,-1,-1,-1
805,245,849,113,171,158,1,-1,-1,-1
806,245,848,114,171,151,1,-1,-1,-1
807,245,849,115,168,145,1,-1,-1,-1
808,245,849,113,167,144,1,-1,-1,-1
809,245,849,112,166,145,1,-1,-1,-1
810,245,851,107,165,149,1,-1,-1,-1
811,245,850,105,165,149,1,-1,-1,-1
812,245,850,102,164,150,1,-1,-1,-1
813,245,849,102,164,146,1,-1,-1,-1
814,245,849,102,162,145,1,-1,-1,-1
815,245,849,103,160,143,1,-1,-1,-1
816,245,851,98,158,133,1,-1,-1,-1
817,245,850,98,158,132,1,-1,-1,-1
818,245,850,97,155,132,1,-1,-1,-1
819,245,851,96,153,134,1,-1,-1,-1
820,245,850,95,153,134,1,-1,-1,-1
821,245,836,96,167,131,1,-1,-1,-1
822,245,836,94,167,130,1,-1,-1,-1
823,245,836,93,166,130,1,-1,-1,-1
824,245,837,91,164,130,1,-1,-1,-1
825,245,835,89,164,131,1,-1,-1,-1
826,245,832,87,166,132,1,-1,-1,-1
827,245,832,85,165,133,1,-1,-1,-1
828,245,831,83,165,133,1,-1,-1,-1
829,245,830,81,164,134,1,-1,-1,-1
830,245,829,80,164,134,1,-1,-1,-1
831,245,828,78,164,135,1,-1,-1,-1
832,245,827,76,163,135,1,-1,-1,-1
833,245,825,74,163,136,1,-1,-1,-1
834,245,824,72,162,136,1,-1,-1,-1
835,245,823,70,162,138,1,-1,-1,-1
836,245,823,69,160,136,1,-1,-1,-1
837,245,822,69,158,135,1,-1,-1,-1
838,245,822,68,156,133,1,-1,-1,-1
839,245,822,67,153,131,1,-1,-1,-1
840,245,821,66,151,129,1,-1,-1,-1
841,245,821,66,149,128,1,-1,-1,-1
841,248,0,236,462,241,1,-1,-1,-1
842,245,821,65,147,126,1,-1,-1,-1
842,248,0,238,481,241,1,-1,-1,-1
843,245,820,64,145,124,1,-1,-1,-1
843,248,0,240,499,242,1,-1,-1,-1
844,245,820,64,143,123,1,-1,-1,-1
844,248,0,242,518,242,1,-1,-1,-1
845,245,819,63,141,121,1,-1,-1,-1
845,248,7,239,528,246,1,-1,-1,-1
846,245,819,62,138,119,1,-1,-1,-1
846,248,30,239,528,249,1,-1,-1,-1
847,245,819,61,136,117,1,-1,-1,-1
847,248,53,238,527,252,1,-1,-1,-1
848,245,818,61,134,116,1,-1,-1,-1
848,248,51,238,561,255,1,-1,-1,-1
849,245,818,60,132,114,1,-1,-1,-1
849,248,75,238,552,256,1,-1,-1,-1
850,245,817,59,132,114,1,-1,-1,-1
850,248,100,237,543,258,1,-1,-1,-1
851,245,817,59,132,113,1,-1,-1,-1
851,248,124,237,534,259,1,-1,-1,-1
852,245,816,58,131,113,1,-1,-1,-1
852,248,132,242,549,256,1,-1,-1,-1
853,245,815,58,131,113,1,-1,-1,-1
853,248,141,243,567,260,1,-1,-1,-1
854,245,815,57,131,112,1,-1,-1,-1
854,248,178,246,530,261,1,-1,-1,-1
855,245,814,57,131,112,1,-1,-1,-1
855,248,215,249,493,261,1,-1,-1,-1
856,245,813,56,131,112,1,-1,-1,-1
856,248,227,254,497,254,1,-1,-1,-1
857,245,813,56,131,112,1,-1,-1,-1
857,248,241,255,506,254,1,-1,-1,-1
858,245,812,55,130,111,1,-1,-1,-1
858,248,281,252,491,268,1,-1,-1,-1
859,245,811,54,130,111,1,-1,-1,-1
859,248,290,259,492,267,1,-1,-1,-1
860,245,810,54,130,111,1,-1,-1,-1
860,248,299,265,492,265,1,-1,-1,-1
861,245,810,53,130,110,1,-1,-1,-1
861,248,312,266,497,266,1,-1,-1,-1
862,245,809,53,130,110,1,-1,-1,-1
862,248,328,265,497,268,1,-1,-1,-1
863,245,808,52,129,110,1,-1,-1,-1
863,248,364,271,476,266,1,-1,-1,-1
864,245,808,52,129,109,1,-1,-1,-1
864,248,377,270,469,271,1,-1,-1,-1
865,245,807,51,129,109,1,-1,-1,-1
865,248,390,271,464,274,1,-1,-1,-1
866,245,806,51,128,109,1,-1,-1,-1
866,248,405,270,463,278,1,-1,-1,-1
867,245,806,51,127,108,1,-1,-1,-1
867,248,422,273,452,282,1,-1,-1,-1
868,245,805,51,126,108,1,-1,-1,-1
868,248,437,274,437,284,1,-1,-1,-1
869,245,804,50,124,107,1,-1,-1,-1
869,248,461,272,433,294,1,-1,-1,-1
870,245,803,50,123,107,1,-1,-1,-1
870,248,475,276,429,292,1,-1,-1,-1
871,245,803,50,122,106,1,-1,-1,-1
871,248,489,281,424,285,1,-1,-1,-1
872,245,802,50,121,106,1,-1,-1,-1
872,248,502,286,418,282,1,-1,-1,-1
873,245,801,50,120,105,1,-1,-1,-1
873,248,513,289,409,284,1,-1,-1,-1
874,245,801,50,119,105,1,-1,-1,-1
874,248,524,290,400,290,1,-1,-1,-1
875,245,800,50,118,104,1,-1,-1,-1
875,248,531,289,394,301,1,-1,-1,-1
876,245,799,49,116,104,1,-1,-1,-1
876,248,535,290,392,306,1,-1,-1,-1
877,245,798,49,115,103,1,-1,-1,-1
877,248,550,287,389,321,1,-1,-1,-1
878,245,798,49,114,103,1,-1,-1,-1
878,248,555,294,384,319,1,-1,-1,-1
879,245,797,49,113,102,1,-1,-1,-1
879,248,562,297,378,319,1,-1,-1,-1
880,245,796,50,113,101,1,-1,-1,-1
880,248,569,298,372,320,1,-1,-1,-1
881,245,795,51,112,100,1,-1,-1,-1
881,248,577,308,367,326,1,-1,-1,-1
882,245,795,52,112,99,1,-1,-1,-1
882,248,582,311,367,323,1,-1,-1,-1
883,245,794,52,112,98,1,-1,-1,-1
883,248,588,314,369,321,1,-1,-1,-1
884,245,793,53,111,97,1,-1,-1,-1
884,248,593,315,365,323,1,-1,-1,-1
885,245,792,54,111,97,1,-1,-1,-1
885,248,596,315,364,329,1,-1,-1,-1
886,245,791,55,111,96,1,-1,-1,-1
886,248,601,320,363,328,1,-1,-1,-1
887,245,790,56,110,95,1,-1,-1,-1
887,248,605,326,363,327,1,-1,-1,-1
888,245,790,57,110,94,1,-1,-1,-1
888,248,605,334,366,326,1,-1,-1,-1
889,245,789,57,110,93,1,-1,-1,-1
889,248,605,342,372,323,1,-1,-1,-1
890,245,788,58,109,92,1,-1,-1,-1
890,248,604,353,383,317,1,-1,-1,-1
891,245,787,59,109,91,1,-1,-1,-1
891,248,608,361,382,311,1,-1,-1,-1
892,245,786,59,109,91,1,-1,-1,-1
892,248,614,364,375,316,1,-1,-1,-1
893,245,785,60,108,90,1,-1,-1,-1
893,248,615,364,372,322,1,-1,-1,-1
894,245,784,60,108,90,1,-1,-1,-1
894,248,614,364,373,329,1,-1,-1,-1
895,245,784,61,108,89,1,-1,-1,-1
895,248,605,377,388,344,1,-1,-1,-1
896,245,783,61,107,89,1,-1,-1,-1
896,248,608,377,386,352,1,-1,-1,-1
897,245,782,62,107,88,1,-1,-1,-1
897,248,606,381,391,355,1,-1,-1,-1
898,245,781,62,107,88,1,-1,-1,-1
898,248,604,386,395,358,1,-1,-1,-1
899,245,780,63,106,87,1,-1,-1,-1
899,248,603,390,397,361,1,-1,-1,-1
900,245,779,63,106,87,1,-1,-1,-1
900,248,601,397,399,359,1,-1,-1,-1
901,245,779,64,106,86,1,-1,-1,-1
901,248,598,408,398,352,1,-1,-1,-1
902,245,778,64,105,86,1,-1,-1,-1
902,248,597,417,395,354,1,-1,-1,-1
903,245,777,64,105,85,1,-1,-1,-1
903,248,595,423,387,355,1,-1,-1,-1
904,245,776,65,104,85,1,-1,-1,-1
904,248,580,437,403,366,1,-1,-1,-1
905,245,775,65,104,84,1,-1,-1,-1
905,248,576,439,404,367,1,-1,-1,-1
906,245,774,66,104,84,1,-1,-1,-1
906,248,569,449,409,361,1,-1,-1,-1
907,245,773,66,103,83,1,-1,-1,-1
907,248,565,459,413,353,1,-1,-1,-1
908,245,773,67,103,83,1,-1,-1,-1
908,248,551,442,424,402,1,-1,-1,-1
909,245,772,67,103,82,1,-1,-1,-1
909,248,548,450,421,405,1,-1,-1,-1
910,245,771,68,102,82,1,-1,-1,-1
910,248,543,459,417,407,1,-1,-1,-1
911,245,770,68,102,81,1,-1,-1,-1
911,248,541,468,416,414,1,-1,-1,-1
912,248,534,480,426,416,1,-1,-1,-1
913,248,527,489,436,419,1,-1,-1,-1
914,248,511,497,436,436,1,-1,-1,-1
915,248,508,510,431,436,1,-1,-1,-1
916,248,498,525,438,429,1,-1,-1,-1
917,248,481,532,453,429,1,-1,-1,-1
918,248,458,549,473,455,1,-1,-1,-1
919,248,441,555,490,462,1,-1,-1,-1
920,248,427,566,497,462,1,-1,-1,-1
921,248,414,581,503,465,1,-1,-1,-1
922,248,405,598,499,465,1,-1,-1,-1
923,248,391,613,505,466,1,-1,-1,-1
924,248,373,630,513,450,1,-1,-1,-1
925,248,357,646,519,434,1,-1,-1,-1
926,248,369,669,481,411,1,-1,-1,-1
927,248,353,687,492,393,1,-1,-1,-1
928,248,332,700,505,380,1,-1,-1,-1
929,248,310,713,518,367,1,-1,-1,-1
1092,251,712,83,92,72,1,-1,-1,-1
1093,251,713,83,93,72,1,-1,-1,-1
1094,251,714,82,94,73,1,-1,-1,-1
1095,251,716,82,95,73,1,-1,-1,-1
1096,251,717,81,95,73,1,-1,-1,-1
1097,251,718,81,96,74,1,-1,-1,-1
1098,251,719,80,97,74,1,-1,-1,-1
1099,251,720,79,96,74,1,-1,-1,-1
1100,251,721,79,96,74,1,-1,-1,-1
1101,251,721,78,95,74,1,-1,-1,-1
1102,251,722,77,94,74,1,-1,-1,-1
1103,251,723,77,94,75,1,-1,-1,-1
1104,251,724,76,93,75,1,-1,-1,-1
1105,251,724,75,92,75,1,-1,-1,-1
1106,251,725,75,92,75,1,-1,-1,-1
1107,251,726,74,91,75,1,-1,-1,-1
1108,251,723,72,95,81,1,-1,-1,-1
1109,251,720,72,100,83,1,-1,-1,-1
1110,251,717,72,104,86,1,-1,-1,-1
1111,251,714,72,109,88,1,-1,-1,-1
1112,251,715,72,109,89,1,-1,-1,-1
1113,251,716,72,109,90,1,-1,-1,-1
1114,251,714,73,112,92,1,-1,-1,-1
1115,251,713,75,115,94,1,-1,-1,-1
1116,251,711,76,119,96,1,-1,-1,-1
1117,251,709,77,122,98,1,-1,-1,-1
1118,251,708,79,125,100,1,-1,-1,-1
1119,251,706,80,128,102,1,-1,-1,-1
1120,251,705,79,130,105,1,-1,-1,-1
1121,251,705,79,131,107,1,-1,-1,-1
1122,251,704,78,132,108,1,-1,-1,-1
1123,251,704,82,130,107,1,-1,-1,-1
1124,251,705,77,131,121,1,-1,-1,-1
1125,251,705,76,131,123,1,-1,-1,-1
1126,251,704,78,132,122,1,-1,-1,-1
1127,251,704,80,133,123,1,-1,-1,-1
1128,251,704,82,133,122,1,-1,-1,-1
1129,251,704,84,134,122,1,-1,-1,-1
1130,251,704,88,134,120,1,-1,-1,-1
1131,251,704,92,135,120,1,-1,-1,-1
1132,251,704,96,135,121,1,-1,-1,-1
1133,251,704,99,135,122,1,-1,-1,-1
1134,251,704,101,135,123,1,-1,-1,-1
1135,251,704,104,135,122,1,-1,-1,-1
1136,251,703,104,136,124,1,-1,-1,-1
1137,251,704,108,133,128,1,-1,-1,-1
1138,251,703,109,134,129,1,-1,-1,-1
1139,251,701,110,136,130,1,-1,-1,-1
1140,251,700,112,140,131,1,-1,-1,-1
1141,251,697,115,144,130,1,-1,-1,-1
1142,251,695,118,147,129,1,-1,-1,-1
1143,251,692,121,152,128,1,-1,-1,-1
1144,251,690,123,154,129,1,-1,-1,-1
1145,251,688,127,157,130,1,-1,-1,-1
1146,250,915,759,458,321,1,-1,-1,-1
1146,251,686,131,158,129,1,-1,-1,-1
1147,250,926,738,429,342,1,-1,-1,-1
1147,251,683,133,160,130,1,-1,-1,-1
1148,250,913,710,450,370,1,-1,-1,-1
1148,251,682,136,158,130,1,-1,-1,-1
1149,250,895,694,473,383,1,-1,-1,-1
1149,251,680,137,158,131,1,-1,-1,-1
1150,250,902,669,457,393,1,-1,-1,-1
1150,251,680,144,156,134,1,-1,-1,-1
1151,250,905,643,449,395,1,-1,-1,-1
1151,251,677,147,160,134,1,-1,-1,-1
1152,250,901,621,453,392,1,-1,-1,-1
1152,251,674,151,163,133,1,-1,-1,-1
1153,250,895,606,458,380,1,-1,-1,-1
1153,251,670,154,166,133,1,-1,-1,-1
1154,250,890,591,459,374,1,-1,-1,-1
1154,251,668,157,168,134,1,-1,-1,-1
1155,250,904,558,442,373,1,-1,-1,-1
1155,251,666,159,172,136,1,-1,-1,-1
1156,250,915,553,413,354,1,-1,-1,-1
1156,251,665,161,173,140,1,-1,-1,-1
1157,250,920,536,403,355,1,-1,-1,-1
1157,251,663,165,174,140,1,-1,-1,-1
1158,250,921,524,399,354,1,-1,-1,-1
1158,251,661,168,175,141,1,-1,-1,-1
1159,250,920,503,397,341,1,-1,-1,-1
1159,251,659,171,176,135,1,-1,-1,-1
1160,250,922,492,388,336,1,-1,-1,-1
1160,251,654,181,184,141,1,-1,-1,-1
1161,250,901,478,397,328,1,-1,-1,-1
1161,251,653,183,185,143,1,-1,-1,-1
1162,250,902,465,391,326,1,-1,-1,-1
1162,251,653,185,185,146,1,-1,-1,-1
1163,250,900,461,389,316,1,-1,-1,-1
1163,251,652,189,185,151,1,-1,-1,-1
1164,250,901,434,385,321,1,-1,-1,-1
1164,251,648,192,188,156,1,-1,-1,-1
1165,250,904,428,375,306,1,-1,-1,-1
1165,251,647,196,189,157,1,-1,-1,-1
1166,250,905,418,365,297,1,-1,-1,-1
1166,251,643,205,195,161,1,-1,-1,-1
1167,250,904,404,364,300,1,-1,-1,-1
1167,251,643,206,195,165,1,-1,-1,-1
1168,250,901,394,362,306,1,-1,-1,-1
1168,251,639,211,190,161,1,-1,-1,-1
1169,250,899,377,361,300,1,-1,-1,-1
1169,251,637,217,193,161,1,-1,-1,-1
1170,250,900,373,348,288,1,-1,-1,-1
1170,251,634,222,196,163,1,-1,-1,-1
1171,250,902,366,340,279,1,-1,-1,-1
1171,251,627,224,206,167,1,-1,-1,-1
1172,250,902,355,333,281,1,-1,-1,-1
1172,251,623,226,211,169,1,-1,-1,-1
1173,250,903,342,328,286,1,-1,-1,-1
1173,251,621,238,211,167,1,-1,-1,-1
1174,250,903,330,322,293,1,-1,-1,-1
1174,251,623,241,208,168,1,-1,-1,-1
1175,250,902,316,321,290,1,-1,-1,-1
1175,251,622,245,206,168,1,-1,-1,-1
1176,250,906,318,314,277,1,-1,-1,-1
1176,251,619,249,209,172,1,-1,-1,-1
1177,250,910,317,307,264,1,-1,-1,-1
1177,251,611,253,220,176,1,-1,-1,-1
1178,250,914,314,298,253,1,-1,-1,-1
1178,251,591,252,256,199,1,-1,-1,-1
1179,250,918,306,290,250,1,-1,-1,-1
1179,251,589,260,260,201,1,-1,-1,-1
1180,250,919,299,287,248,1,-1,-1,-1
1180,251,587,267,260,206,1,-1,-1,-1
1181,250,919,293,284,245,1,-1,-1,-1
1181,251,586,271,259,212,1,-1,-1,-1
1182,250,918,286,284,243,1,-1,-1,-1
1182,251,582,276,260,217,1,-1,-1,-1
1183,250,922,281,276,241,1,-1,-1,-1
1183,251,587,298,256,205,1,-1,-1,-1
1184,250,923,264,270,248,1,-1,-1,-1
1184,251,585,307,256,207,1,-1,-1,-1
1185,250,924,263,264,243,1,-1,-1,-1
1185,251,581,315,264,213,1,-1,-1,-1
1186,250,925,261,259,237,1,-1,-1,-1
1186,251,573,326,272,221,1,-1,-1,-1
1187,250,927,258,253,231,1,-1,-1,-1
1187,251,563,334,279,231,1,-1,-1,-1
1188,250,929,255,246,226,1,-1,-1,-1
1188,251,553,338,289,239,1,-1,-1,-1
1189,250,930,250,245,224,1,-1,-1,-1
1189,251,549,366,297,227,1,-1,-1,-1
1190,250,930,245,244,223,1,-1,-1,-1
1190,251,544,379,306,229,1,-1,-1,-1
1191,250,930,239,242,224,1,-1,-1,-1
1191,251,538,392,316,234,1,-1,-1,-1
1192,250,931,234,238,222,1,-1,-1,-1
1192,251,532,401,322,244,1,-1,-1,-1
1193,250,932,231,232,220,1,-1,-1,-1
1193,251,525,404,334,255,1,-1,-1,-1
1194,250,935,229,229,216,1,-1,-1,-1
1194,251,520,433,337,250,1,-1,-1,-1
1195,250,935,227,228,215,1,-1,-1,-1
1195,251,516,450,340,253,1,-1,-1,-1
1196,250,934,225,229,212,1,-1,-1,-1
1196,251,508,463,345,263,1,-1,-1,-1
1197,250,932,223,229,209,1,-1,-1,-1
1197,251,504,484,349,266,1,-1,-1,-1
1198,250,933,214,225,211,1,-1,-1,-1
1198,251,500,505,352,268,1,-1,-1,-1
1199,250,934,205,221,213,1,-1,-1,-1
1199,251,495,521,360,277,1,-1,-1,-1
1200,250,932,206,222,205,1,-1,-1,-1
1200,251,481,545,368,283,1,-1,-1,-1
1201,250,921,207,239,194,1,-1,-1,-1
1201,251,467,568,375,288,1,-1,-1,-1
1202,250,925,201,229,196,1,-1,-1,-1
1202,251,459,582,380,305,1,-1,-1,-1
1203,250,928,197,219,194,1,-1,-1,-1
1203,251,445,610,384,311,1,-1,-1,-1
1204,250,933,194,209,191,1,-1,-1,-1
1204,251,430,638,388,316,1,-1,-1,-1
1205,250,928,197,208,185,1,-1,-1,-1
1205,251,414,668,400,325,1,-1,-1,-1
1206,250,927,194,207,181,1,-1,-1,-1
1206,251,397,697,411,333,1,-1,-1,-1
1207,250,927,190,205,178,1,-1,-1,-1
1207,251,383,730,399,343,1,-1,-1,-1
1208,250,926,187,204,174,1,-1,-1,-1
1208,251,361,759,411,321,1,-1,-1,-1
1209,250,926,185,201,175,1,-1,-1,-1
1209,251,338,788,421,292,1,-1,-1,-1
1210,250,926,182,199,175,1,-1,-1,-1
1211,250,926,180,196,173,1,-1,-1,-1
1212,250,925,177,195,171,1,-1,-1,-1
1213,250,923,176,194,165,1,-1,-1,-1
1214,250,920,174,195,163,1,-1,-1,-1
1215,250,917,171,195,163,1,-1,-1,-1
1216,250,914,169,196,163,1,-1,-1,-1
1217,250,912,167,195,163,1,-1,-1,-1
1218,250,911,164,194,162,1,-1,-1,-1
1219,250,909,161,193,160,1,-1,-1,-1
1220,250,908,158,192,159,1,-1,-1,-1
1221,250,906,156,191,157,1,-1,-1,-1
1222,250,905,153,189,156,1,-1,-1,-1
1223,250,903,150,188,154,1,-1,-1,-1
1224,250,902,147,187,153,1,-1,-1,-1
1225,250,900,144,186,151,1,-1,-1,-1
1226,250,898,143,186,147,1,-1,-1,-1
1227,250,897,143,187,146,1,-1,-1,-1
1228,250,895,142,185,145,1,-1,-1,-1
1229,250,895,140,182,144,1,-1,-1,-1
1230,250,894,138,179,143,1,-1,-1,-1
1231,250,894,136,177,141,1,-1,-1,-1
1232,250,893,134,174,140,1,-1,-1,-1
1233,250,893,132,171,139,1,-1,-1,-1
1234,250,892,130,169,138,1,-1,-1,-1
1235,250,891,129,168,136,1,-1,-1,-1
1236,250,889,127,167,136,1,-1,-1,-1
1237,250,888,126,166,135,1,-1,-1,-1
1238,250,887,124,166,134,1,-1,-1,-1
1239,250,886,123,165,134,1,-1,-1,-1
1240,250,885,121,164,133,1,-1,-1,-1
1241,250,884,120,163,133,1,-1,-1,-1
1242,250,883,118,162,132,1,-1,-1,-1
1243,250,881,117,162,131,1,-1,-1,-1
1244,250,880,115,161,131,1,-1,-1,-1
1245,250,879,114,160,130,1,-1,-1,-1
1246,250,877,112,158,129,1,-1,-1,-1
1247,250,876,111,158,129,1,-1,-1,-1
1248,250,875,109,157,128,1,-1,-1,-1
1249,250,873,108,156,128,1,-1,-1,-1
1250,250,872,106,155,127,1,-1,-1,-1
1251,250,871,105,154,125,1,-1,-1,-1
1252,250,869,103,154,125,1,-1,-1,-1
1253,250,868,102,153,124,1,-1,-1,-1
1254,250,867,100,152,123,1,-1,-1,-1
1255,250,867,100,150,125,1,-1,-1,-1
1256,250,866,99,146,123,1,-1,-1,-1
1257,250,865,98,144,122,1,-1,-1,-1
1258,250,866,97,141,122,1,-1,-1,-1
1259,250,865,97,140,121,1,-1,-1,-1
1260,250,864,96,139,119,1,-1,-1,-1
1261,250,862,95,139,116,1,-1,-1,-1
1262,250,860,94,139,114,1,-1,-1,-1
1263,250,859,92,139,114,1,-1,-1,-1
1264,250,858,91,138,113,1,-1,-1,-1
1265,250,851,89,139,119,1,-1,-1,-1
1266,250,851,88,136,119,1,-1,-1,-1
1267,250,850,86,138,121,1,-1,-1,-1
1268,250,849,85,138,121,1,-1,-1,-1
1269,250,847,84,138,121,1,-1,-1,-1
1270,250,845,83,138,120,1,-1,-1,-1
1271,250,843,81,136,120,1,-1,-1,-1
1272,250,842,80,136,120,1,-1,-1,-1
1273,250,841,79,135,119,1,-1,-1,-1
1274,250,840,78,135,119,1,-1,-1,-1
1275,250,839,77,134,118,1,-1,-1,-1
1276,250,838,76,134,118,1,-1,-1,-1
1277,250,837,75,134,117,1,-1,-1,-1
1278,250,837,74,133,116,1,-1,-1,-1
1279,250,836,73,133,116,1,-1,-1,-1
1280,250,835,72,132,114,1,-1,-1,-1
1281,250,834,71,132,114,1,-1,-1,-1
1282,250,833,69,131,113,1,-1,-1,-1
1283,250,832,68,131,113,1,-1,-1,-1
1284,250,831,67,131,112,1,-1,-1,-1
1285,250,830,66,130,111,1,-1,-1,-1
1286,250,829,65,130,111,1,-1,-1,-1
1287,250,828,64,129,110,1,-1,-1,-1
1288,250,827,63,128,109,1,-1,-1,-1
1289,250,827,62,125,108,1,-1,-1,-1
1290,250,827,62,124,107,1,-1,-1,-1
1291,250,827,61,123,108,1,-1,-1,-1
1292,250,827,59,123,108,1,-1,-1,-1
1293,250,827,59,122,107,1,-1,-1,-1
1294,250,826,58,123,108,1,-1,-1,-1
1295,250,825,57,123,108,1,-1,-1,-1
1296,250,824,56,124,109,1,-1,-1,-1
1297,250,822,55,124,110,1,-1,-1,-1
1298,250,821,54,125,110,1,-1,-1,-1
1299,250,820,53,125,111,1,-1,-1,-1
1300,250,819,52,127,110,1,-1,-1,-1
1301,250,818,52,127,110,1,-1,-1,-1
1302,250,818,53,124,109,1,-1,-1,-1
1303,250,818,53,123,109,1,-1,-1,-1
1304,250,817,53,122,108,1,-1,-1,-1
1305,250,816,54,123,108,1,-1,-1,-1
1306,250,815,54,121,107,1,-1,-1,-1
1307,250,814,55,120,105,1,-1,-1,-1
1308,250,814,55,118,104,1,-1,-1,-1
1309,250,813,56,117,103,1,-1,-1,-1
1310,250,812,56,115,102,1,-1,-1,-1
1311,250,811,56,113,100,1,-1,-1,-1
1312,250,810,57,112,99,1,-1,-1,-1
1313,250,810,57,110,98,1,-1,-1,-1
1314,250,809,58,109,96,1,-1,-1,-1
1315,250,808,58,107,95,1,-1,-1,-1
1316,250,807,59,106,94,1,-1,-1,-1
1317,250,806,60,106,93,1,-1,-1,-1
1318,250,805,61,105,92,1,-1,-1,-1
1319,250,805,62,104,91,1,-1,-1,-1
1320,250,804,62,103,89,1,-1,-1,-1
1321,250,803,63,103,88,1,-1,-1,-1
1322,250,802,64,102,87,1,-1,-1,-1
1323,250,801,65,101,86,1,-1,-1,-1
1419,252,946,809,433,271,1,-1,-1,-1
1420,252,970,784,398,296,1,-1,-1,-1
1421,252,951,750,428,330,1,-1,-1,-1
1422,252,964,714,407,339,1,-1,-1,-1
1423,252,963,689,411,349,1,-1,-1,-1
1424,252,956,652,417,372,1,-1,-1,-1
1425,252,972,637,394,323,1,-1,-1,-1
1426,252,973,618,391,322,1,-1,-1,-1
1427,252,976,588,376,316,1,-1,-1,-1
1428,252,978,572,370,316,1,-1,-1,-1
1429,252,977,554,369,308,1,-1,-1,-1
1430,252,977,545,367,298,1,-1,-1,-1
1431,252,977,518,364,288,1,-1,-1,-1
1432,252,979,500,355,286,1,-1,-1,-1
1433,252,978,483,351,289,1,-1,-1,-1
1434,252,971,460,351,285,1,-1,-1,-1
1435,252,971,454,342,274,1,-1,-1,-1
1436,252,970,441,337,270,1,-1,-1,-1
1437,252,968,424,329,272,1,-1,-1,-1
1438,252,965,414,325,274,1,-1,-1,-1
1439,252,961,404,321,251,1,-1,-1,-1
1440,252,965,397,309,243,1,-1,-1,-1
1441,252,967,387,299,239,1,-1,-1,-1
1442,252,953,372,300,235,1,-1,-1,-1
1443,252,955,359,294,238,1,-1,-1,-1
1444,252,952,351,293,238,1,-1,-1,-1
1445,252,953,337,284,232,1,-1,-1,-1
1446,252,954,334,278,226,1,-1,-1,-1
1447,252,956,327,271,221,1,-1,-1,-1
1448,252,956,317,263,220,1,-1,-1,-1
1449,252,952,308,257,218,1,-1,-1,-1
1450,252,948,300,253,215,1,-1,-1,-1
1451,252,943,295,251,211,1,-1,-1,-1
1452,252,939,276,248,220,1,-1,-1,-1
1453,252,939,273,241,217,1,-1,-1,-1
1454,252,938,267,238,216,1,-1,-1,-1
1455,252,937,261,234,216,1,-1,-1,-1
1456,252,933,256,232,215,1,-1,-1,-1
1457,252,932,251,229,213,1,-1,-1,-1
1458,252,922,253,242,190,1,-1,-1,-1
1459,252,921,245,240,197,1,-1,-1,-1
1460,252,922,239,232,198,1,-1,-1,-1
1461,252,926,233,221,196,1,-1,-1,-1
1462,252,921,235,216,185,1,-1,-1,-1
1463,252,920,234,213,179,1,-1,-1,-1
1464,252,916,223,215,182,1,-1,-1,-1
1465,252,915,220,210,182,1,-1,-1,-1
1466,252,915,219,206,175,1,-1,-1,-1
1467,252,911,215,206,169,1,-1,-1,-1
1468,252,909,211,205,166,1,-1,-1,-1
1469,252,904,207,206,165,1,-1,-1,-1
1470,252,902,202,205,167,1,-1,-1,-1
1471,252,904,194,197,166,1,-1,-1,-1
1472,252,904,192,195,167,1,-1,-1,-1
1473,252,904,191,193,164,1,-1,-1,-1
1474,252,896,189,193,157,1,-1,-1,-1
1475,252,896,185,190,152,1,-1,-1,-1
1476,252,894,182,190,147,1,-1,-1,-1
1477,252,892,182,190,143,1,-1,-1,-1
1478,252,890,180,189,141,1,-1,-1,-1
1479,252,888,179,188,139,1,-1,-1,-1
1480,252,892,165,180,150,1,-1,-1,-1
1481,252,889,160,184,152,1,-1,-1,-1
1482,252,887,157,182,147,1,-1,-1,-1
1483,252,883,156,182,143,1,-1,-1,-1
1484,252,881,154,179,140,1,-1,-1,-1
1485,252,880,154,177,136,1,-1,-1,-1
1486,252,880,152,175,135,1,-1,-1,-1
1487,252,881,153,171,131,1,-1,-1,-1
1488,252,881,151,166,131,1,-1,-1,-1
1489,252,882,149,164,131,1,-1,-1,-1
1490,252,875,145,164,134,1,-1,-1,-1
1491,252,876,145,162,132,1,-1,-1,-1
1492,252,875,136,162,133,1,-1,-1,-1
1493,252,873,135,163,132,1,-1,-1,-1
1494,252,872,133,162,130,1,-1,-1,-1
1495,252,870,132,161,125,1,-1,-1,-1
1496,252,869,130,157,122,1,-1,-1,-1
1497,252,868,129,155,121,1,-1,-1,-1
1498,252,870,128,149,118,1,-1,-1,-1
1499,252,869,127,145,118,1,-1,-1,-1
1500,252,869,127,141,117,1,-1,-1,-1
1501,252,867,122,141,120,1,-1,-1,-1
1502,252,865,121,140,120,1,-1,-1,-1
1503,252,865,115,136,125,1,-1,-1,-1
1504,252,862,115,135,122,1,-1,-1,-1
1505,252,862,115,133,121,1,-1,-1,-1
1506,252,860,115,134,118,1,-1,-1,-1
1507,252,860,110,134,109,1,-1,-1,-1
1508,252,858,109,136,107,1,-1,-1,-1
1509,252,845,102,149,114,1,-1,-1,-1
1510,252,845,100,146,113,1,-1,-1,-1
1511,252,847,98,143,113,1,-1,-1,-1
1512,252,848,96,140,112,1,-1,-1,-1
1513,252,847,94,139,114,1,-1,-1,-1
1514,252,845,91,138,117,1,-1,-1,-1
1515,252,844,89,135,118,1,-1,-1,-1
1516,252,842,89,135,118,1,-1,-1,-1
1517,252,840,89,135,116,1,-1,-1,-1
1518,252,837,88,138,114,1,-1,-1,-1
1519,252,836,86,138,114,1,-1,-1,-1
1520,252,835,84,136,114,1,-1,-1,-1
1521,252,835,83,136,116,1,-1,-1,-1
1522,252,834,83,135,113,1,-1,-1,-1
1523,252,834,82,133,113,1,-1,-1,-1
1524,252,834,77,128,108,1,-1,-1,-1
1525,252,832,77,128,108,1,-1,-1,-1
1526,252,831,77,128,107,1,-1,-1,-1
1527,252,829,78,127,105,1,-1,-1,-1
1528,252,829,77,125,102,1,-1,-1,-1
1529,252,829,76,124,102,1,-1,-1,-1
1530,252,829,74,124,102,1,-1,-1,-1
1531,252,829,73,124,101,1,-1,-1,-1
1532,252,830,72,123,99,1,-1,-1,-1
1533,252,829,70,123,98,1,-1,-1,-1
1534,252,827,67,124,99,1,-1,-1,-1
1535,252,825,66,128,99,1,-1,-1,-1
1536,252,825,65,128,99,1,-1,-1,-1
1537,252,824,65,125,98,1,-1,-1,-1
1538,252,824,65,124,97,1,-1,-1,-1
1539,252,824,65,123,97,1,-1,-1,-1
1540,252,824,66,122,96,1,-1,-1,-1
1541,252,824,66,121,95,1,-1,-1,-1
1542,252,824,67,119,94,1,-1,-1,-1
1543,252,823,67,118,93,1,-1,-1,-1
1544,252,823,67,116,91,1,-1,-1,-1
1544,254,685,69,91,80,1,-1,-1,-1
1545,252,823,67,115,90,1,-1,-1,-1
1545,254,686,69,92,80,1,-1,-1,-1
1546,252,823,68,113,89,1,-1,-1,-1
1546,254,687,68,93,81,1,-1,-1,-1
1547,252,823,68,112,88,1,-1,-1,-1
1547,254,687,68,93,81,1,-1,-1,-1
1548,252,822,68,110,87,1,-1,-1,-1
1548,254,688,67,94,82,1,-1,-1,-1
1549,252,822,68,109,86,1,-1,-1,-1
1549,254,689,67,95,82,1,-1,-1,-1
1550,252,822,69,107,85,1,-1,-1,-1
1550,254,690,67,96,82,1,-1,-1,-1
1551,252,822,69,106,84,1,-1,-1,-1
1551,254,690,66,96,83,1,-1,-1,-1
1552,252,822,69,104,82,1,-1,-1,-1
1552,254,691,66,97,83,1,-1,-1,-1
1553,252,821,69,103,81,1,-1,-1,-1
1553,254,692,66,98,83,1,-1,-1,-1
1554,252,821,70,101,80,1,-1,-1,-1
1554,254,693,65,99,84,1,-1,-1,-1
1555,252,821,70,100,79,1,-1,-1,-1
1555,254,693,65,99,84,1,-1,-1,-1
1556,254,694,64,100,85,1,-1,-1,-1
1557,254,695,64,101,85,1,-1,-1,-1
1558,254,696,64,101,85,1,-1,-1,-1
1559,254,696,64,102,86,1,-1,-1,-1
1560,254,697,63,102,86,1,-1,-1,-1
1561,254,697,63,102,86,1,-1,-1,-1
1562,254,698,63,102,86,1,-1,-1,-1
1563,254,699,63,103,87,1,-1,-1,-1
1564,254,699,62,103,87,1,-1,-1,-1
1565,254,700,62,103,87,1,-1,-1,-1
1566,254,700,62,104,88,1,-1,-1,-1
1567,254,701,62,104,88,1,-1,-1,-1
1568,254,701,61,104,88,1,-1,-1,-1
1569,254,702,61,105,89,1,-1,-1,-1
1570,254,703,61,105,89,1,-1,-1,-1
1571,253,981,772,438,308,1,-1,-1,-1
1571,254,703,61,105,89,1,-1,-1,-1
1572,253,995,741,404,339,1,-1,-1,-1
1572,254,704,60,105,89,1,-1,-1,-1
1573,253,981,713,433,367,1,-1,-1,-1
1573,254,704,60,106,90,1,-1,-1,-1
1574,253,975,676,435,399,1,-1,-1,-1
1574,254,705,60,106,90,1,-1,-1,-1
1575,253,980,648,421,407,1,-1,-1,-1
1575,254,704,59,110,91,1,-1,-1,-1
1576,253,979,618,421,407,1,-1,-1,-1
1576,254,703,59,115,93,1,-1,-1,-1
1577,253,968,602,411,370,1,-1,-1,-1
1577,254,701,58,119,94,1,-1,-1,-1
1578,253,971,595,406,355,1,-1,-1,-1
1578,254,700,57,123,95,1,-1,-1,-1
1579,253,974,550,395,362,1,-1,-1,-1
1579,254,700,56,124,96,1,-1,-1,-1
1580,253,972,528,396,364,1,-1,-1,-1
1580,254,701,55,122,97,1,-1,-1,-1
1581,253,971,520,392,353,1,-1,-1,-1
1581,254,703,55,120,97,1,-1,-1,-1
1582,253,975,492,371,348,1,-1,-1,-1
1582,254,704,55,119,98,1,-1,-1,-1
1583,253,974,477,363,341,1,-1,-1,-1
1583,254,705,55,118,98,1,-1,-1,-1
1584,253,967,460,363,339,1,-1,-1,-1
1584,254,706,55,118,99,1,-1,-1,-1
1585,253,958,457,364,327,1,-1,-1,-1
1585,254,707,55,117,100,1,-1,-1,-1
1586,253,952,430,355,328,1,-1,-1,-1
1586,254,708,55,116,100,1,-1,-1,-1
1587,253,948,414,348,323,1,-1,-1,-1
1587,254,709,55,115,101,1,-1,-1,-1
1588,253,944,401,344,316,1,-1,-1,-1
1588,254,710,54,114,102,1,-1,-1,-1
1589,253,925,395,353,307,1,-1,-1,-1
1589,254,711,54,113,102,1,-1,-1,-1
1590,253,933,378,332,299,1,-1,-1,-1
1590,254,712,54,113,103,1,-1,-1,-1
1591,253,937,373,318,288,1,-1,-1,-1
1591,254,713,54,112,104,1,-1,-1,-1
1592,253,933,361,314,282,1,-1,-1,-1
1592,254,714,54,111,104,1,-1,-1,-1
1593,253,929,347,308,281,1,-1,-1,-1
1593,254,715,54,110,105,1,-1,-1,-1
1594,253,923,336,308,282,1,-1,-1,-1
1594,254,715,55,112,106,1,-1,-1,-1
1595,253,914,320,311,278,1,-1,-1,-1
1595,254,714,56,116,107,1,-1,-1,-1
1596,253,914,321,305,265,1,-1,-1,-1
1596,254,714,56,117,108,1,-1,-1,-1
1597,253,917,315,294,256,1,-1,-1,-1
1597,254,714,56,117,107,1,-1,-1,-1
1598,253,920,307,282,251,1,-1,-1,-1
1598,254,715,58,116,105,1,-1,-1,-1
1599,253,922,296,273,252,1,-1,-1,-1
1599,254,714,59,117,106,1,-1,-1,-1
1600,253,923,287,263,249,1,-1,-1,-1
1600,254,713,59,120,108,1,-1,-1,-1
1601,253,922,278,261,250,1,-1,-1,-1
1601,254,710,58,124,110,1,-1,-1,-1
1602,253,921,256,256,261,1,-1,-1,-1
1602,254,709,59,127,110,1,-1,-1,-1
1603,253,923,259,249,249,1,-1,-1,-1
1603,254,709,62,127,110,1,-1,-1,-1
1604,253,923,258,246,234,1,-1,-1,-1
1604,254,709,64,127,109,1,-1,-1,-1
1605,253,922,256,243,226,1,-1,-1,-1
1605,254,707,65,130,111,1,-1,-1,-1
1606,253,922,251,239,222,1,-1,-1,-1
1606,254,706,65,133,112,1,-1,-1,-1
1607,253,922,246,234,221,1,-1,-1,-1
1607,254,705,66,133,114,1,-1,-1,-1
1608,253,923,238,232,223,1,-1,-1,-1
1608,254,705,68,132,114,1,-1,-1,-1
1609,253,924,232,230,222,1,-1,-1,-1
1609,254,704,70,132,116,1,-1,-1,-1
1610,253,925,226,228,222,1,-1,-1,-1
1610,254,703,71,134,117,1,-1,-1,-1
1611,253,925,223,228,218,1,-1,-1,-1
1611,254,703,69,133,119,1,-1,-1,-1
1612,253,925,222,228,212,1,-1,-1,-1
1612,254,702,69,135,120,1,-1,-1,-1
1613,253,917,224,227,199,1,-1,-1,-1
1613,254,700,69,139,119,1,-1,-1,-1
1614,253,921,207,232,200,1,-1,-1,-1
1614,254,697,70,141,119,1,-1,-1,-1
1615,253,915,198,226,213,1,-1,-1,-1
1615,254,694,71,143,117,1,-1,-1,-1
1616,253,923,199,213,201,1,-1,-1,-1
1616,254,691,72,144,116,1,-1,-1,-1
1617,253,924,197,210,199,1,-1,-1,-1
1617,254,693,73,136,127,1,-1,-1,-1
1618,253,926,194,206,196,1,-1,-1,-1
1618,254,692,73,136,128,1,-1,-1,-1
1619,253,924,192,204,193,1,-1,-1,-1
1619,254,691,72,136,131,1,-1,-1,-1
1620,253,922,190,205,191,1,-1,-1,-1
1620,254,690,74,135,130,1,-1,-1,-1
1621,253,922,185,199,177,1,-1,-1,-1
1621,254,688,76,134,129,1,-1,-1,-1
1622,253,921,180,199,186,1,-1,-1,-1
1622,254,687,77,133,128,1,-1,-1,-1
1623,253,921,176,199,187,1,-1,-1,-1
1623,254,686,77,132,128,1,-1,-1,-1
1624,253,921,173,197,185,1,-1,-1,-1
1624,254,684,77,132,128,1,-1,-1,-1
1625,253,921,170,193,180,1,-1,-1,-1
1625,254,683,79,131,127,1,-1,-1,-1
1626,253,921,167,189,176,1,-1,-1,-1
1626,254,681,80,131,128,1,-1,-1,-1
1627,253,917,164,189,173,1,-1,-1,-1
1627,254,679,81,133,128,1,-1,-1,-1
1628,253,914,162,189,173,1,-1,-1,-1
1628,254,677,81,133,129,1,-1,-1,-1
1629,253,917,152,186,172,1,-1,-1,-1
1629,254,675,83,134,129,1,-1,-1,-1
1630,253,915,149,185,175,1,-1,-1,-1
1630,254,674,84,135,129,1,-1,-1,-1
1631,253,913,146,184,174,1,-1,-1,-1
1631,254,671,85,139,130,1,-1,-1,-1
1632,253,911,141,184,174,1,-1,-1,-1
1632,254,669,85,143,132,1,-1,-1,-1
1633,253,911,137,179,172,1,-1,-1,-1
1633,254,663,85,144,134,1,-1,-1,-1
1634,253,905,137,177,163,1,-1,-1,-1
1634,254,662,87,146,134,1,-1,-1,-1
1635,253,906,136,173,161,1,-1,-1,-1
1635,254,662,88,145,136,1,-1,-1,-1
1636,253,906,137,171,155,1,-1,-1,-1
1636,254,662,90,144,138,1,-1,-1,-1
1637,253,906,137,168,153,1,-1,-1,-1
1637,254,663,91,143,141,1,-1,-1,-1
1638,253,904,136,167,149,1,-1,-1,-1
1638,254,662,91,143,142,1,-1,-1,-1
1639,253,903,135,166,146,1,-1,-1,-1
1639,254,660,92,144,142,1,-1,-1,-1
1640,253,901,134,164,142,1,-1,-1,-1
1640,254,658,94,144,142,1,-1,-1,-1
1641,253,899,133,163,138,1,-1,-1,-1
1641,254,657,96,145,139,1,-1,-1,-1
1642,253,896,132,164,136,1,-1,-1,-1
1642,254,655,99,146,138,1,-1,-1,-1
1643,253,895,129,161,141,1,-1,-1,-1
1643,254,654,101,147,137,1,-1,-1,-1
1644,253,893,128,158,138,1,-1,-1,-1
1644,254,652,104,148,136,1,-1,-1,-1
1645,253,891,127,157,135,1,-1,-1,-1
1645,254,650,106,150,136,1,-1,-1,-1
1646,253,889,125,155,131,1,-1,-1,-1
1646,254,648,109,151,135,1,-1,-1,-1
1647,253,887,124,154,129,1,-1,-1,-1
1647,254,647,111,152,134,1,-1,-1,-1
1648,253,887,121,150,130,1,-1,-1,-1
1648,254,645,114,153,133,1,-1,-1,-1
1649,253,884,119,147,131,1,-1,-1,-1
1649,254,644,115,155,135,1,-1,-1,-1
1650,253,882,116,146,130,1,-1,-1,-1
1650,254,642,116,158,138,1,-1,-1,-1
1651,253,881,113,144,129,1,-1,-1,-1
1651,254,641,116,160,141,1,-1,-1,-1
1652,253,879,111,143,129,1,-1,-1,-1
1652,254,641,117,160,143,1,-1,-1,-1
1653,253,878,108,141,128,1,-1,-1,-1
1653,254,642,117,160,146,1,-1,-1,-1
1654,253,876,105,140,127,1,-1,-1,-1
1654,254,642,119,158,149,1,-1,-1,-1
1655,253,875,103,139,127,1,-1,-1,-1
1655,254,641,120,160,151,1,-1,-1,-1
1656,253,875,102,138,127,1,-1,-1,-1
1656,254,641,123,160,152,1,-1,-1,-1
1657,253,874,100,138,128,1,-1,-1,-1
1657,254,640,125,160,152,1,-1,-1,-1
1658,253,874,99,137,128,1,-1,-1,-1
1658,254,640,126,161,152,1,-1,-1,-1
1659,253,873,97,136,128,1,-1,-1,-1
1659,254,639,128,163,152,1,-1,-1,-1
1660,253,871,96,135,126,1,-1,-1,-1
1660,254,638,130,164,153,1,-1,-1,-1
1661,253,870,95,135,125,1,-1,-1,-1
1661,254,637,132,166,153,1,-1,-1,-1
1662,253,868,94,134,123,1,-1,-1,-1
1662,254,636,134,167,153,1,-1,-1,-1
1663,253,867,93,133,122,1,-1,-1,-1
1663,254,635,137,169,154,1,-1,-1,-1
1664,253,865,92,132,120,1,-1,-1,-1
1664,254,634,139,170,154,1,-1,-1,-1
1665,253,864,91,132,119,1,-1,-1,-1
1665,254,633,141,172,154,1,-1,-1,-1
1666,253,862,90,131,117,1,-1,-1,-1
1666,254,632,143,173,155,1,-1,-1,-1
1667,253,862,89,130,116,1,-1,-1,-1
1667,254,631,145,175,155,1,-1,-1,-1
1668,253,861,88,129,115,1,-1,-1,-1
1668,254,630,145,176,157,1,-1,-1,-1
1669,253,859,86,128,114,1,-1,-1,-1
1669,254,630,145,176,161,1,-1,-1,-1
1670,253,858,85,128,114,1,-1,-1,-1
1670,254,628,146,177,165,1,-1,-1,-1
1671,253,856,83,127,113,1,-1,-1,-1
1671,254,628,145,178,168,1,-1,-1,-1
1672,253,855,82,126,112,1,-1,-1,-1
1672,254,627,147,180,169,1,-1,-1,-1
1673,253,853,81,125,111,1,-1,-1,-1
1673,254,626,148,182,172,1,-1,-1,-1
1674,253,852,79,124,110,1,-1,-1,-1
1674,254,625,149,183,172,1,-1,-1,-1
1675,253,850,78,124,110,1,-1,-1,-1
1675,254,624,150,184,173,1,-1,-1,-1
1676,253,849,76,123,109,1,-1,-1,-1
1676,254,623,153,186,174,1,-1,-1,-1
1677,253,847,75,122,108,1,-1,-1,-1
1677,254,622,156,187,176,1,-1,-1,-1
1678,253,846,74,122,108,1,-1,-1,-1
1678,254,621,159,189,177,1,-1,-1,-1
1679,253,846,73,122,107,1,-1,-1,-1
1679,254,620,162,191,178,1,-1,-1,-1
1680,253,845,73,121,107,1,-1,-1,-1
1680,254,618,164,192,179,1,-1,-1,-1
1681,253,844,72,121,106,1,-1,-1,-1
1681,254,617,167,194,181,1,-1,-1,-1
1682,253,843,71,121,106,1,-1,-1,-1
1682,254,616,170,195,182,1,-1,-1,-1
1683,253,843,70,121,105,1,-1,-1,-1
1683,254,615,173,197,183,1,-1,-1,-1
1684,253,842,69,121,105,1,-1,-1,-1
1684,254,615,174,197,186,1,-1,-1,-1
1685,253,841,68,121,104,1,-1,-1,-1
1685,254,616,176,198,187,1,-1,-1,-1
1686,253,840,68,120,104,1,-1,-1,-1
1686,254,616,177,198,188,1,-1,-1,-1
1687,253,840,67,120,103,1,-1,-1,-1
1687,254,615,181,201,185,1,-1,-1,-1
1688,253,839,66,120,103,1,-1,-1,-1
1688,254,613,185,204,187,1,-1,-1,-1
1689,253,839,65,120,103,1,-1,-1,-1
1689,254,611,188,208,189,1,-1,-1,-1
1690,253,839,64,118,103,1,-1,-1,-1
1690,254,609,192,211,191,1,-1,-1,-1
1691,253,839,63,116,103,1,-1,-1,-1
1691,254,610,195,211,188,1,-1,-1,-1
1692,253,838,62,116,105,1,-1,-1,-1
1692,254,609,197,213,189,1,-1,-1,-1
1693,253,838,62,114,103,1,-1,-1,-1
1693,254,608,199,217,188,1,-1,-1,-1
1694,253,839,62,113,102,1,-1,-1,-1
1694,254,605,200,226,190,1,-1,-1,-1
1695,253,839,62,111,100,1,-1,-1,-1
1695,254,604,203,228,190,1,-1,-1,-1
1696,253,839,62,110,99,1,-1,-1,-1
1696,254,601,204,233,193,1,-1,-1,-1
1697,253,839,61,108,97,1,-1,-1,-1
1697,254,606,206,228,191,1,-1,-1,-1
1698,253,840,61,106,95,1,-1,-1,-1
1698,254,607,209,228,189,1,-1,-1,-1
1699,253,840,61,105,94,1,-1,-1,-1
1699,254,610,213,224,187,1,-1,-1,-1
1700,253,840,61,103,92,1,-1,-1,-1
1700,254,614,217,223,196,1,-1,-1,-1
1701,253,839,61,102,91,1,-1,-1,-1
1701,254,617,220,222,205,1,-1,-1,-1
1702,253,838,61,102,91,1,-1,-1,-1
1702,254,619,220,222,209,1,-1,-1,-1
1703,253,837,62,101,90,1,-1,-1,-1
1703,254,621,219,220,212,1,-1,-1,-1
1704,253,835,62,101,90,1,-1,-1,-1
1704,254,622,221,221,216,1,-1,-1,-1
1705,253,834,62,100,89,1,-1,-1,-1
1705,254,621,224,226,217,1,-1,-1,-1
1706,253,833,62,100,88,1,-1,-1,-1
1706,254,619,227,231,219,1,-1,-1,-1
1707,253,832,63,99,88,1,-1,-1,-1
1707,254,616,230,235,219,1,-1,-1,-1
1708,253,831,63,99,87,1,-1,-1,-1
1708,254,616,234,238,220,1,-1,-1,-1
1709,253,830,63,98,86,1,-1,-1,-1
1709,254,616,238,238,222,1,-1,-1,-1
1710,253,828,63,98,86,1,-1,-1,-1
1710,254,624,242,235,228,1,-1,-1,-1
1711,253,827,64,97,85,1,-1,-1,-1
1711,254,624,246,235,227,1,-1,-1,-1
1712,253,826,64,97,85,1,-1,-1,-1
1712,254,623,249,241,229,1,-1,-1,-1
1713,253,825,64,96,84,1,-1,-1,-1
1713,254,623,250,244,234,1,-1,-1,-1
1714,253,824,65,95,83,1,-1,-1,-1
1714,254,622,251,250,241,1,-1,-1,-1
1715,253,822,65,95,83,1,-1,-1,-1
1715,254,621,252,253,252,1,-1,-1,-1
1716,253,821,66,94,82,1,-1,-1,-1
1716,254,620,252,254,260,1,-1,-1,-1
1717,253,819,66,93,82,1,-1,-1,-1
1717,254,620,252,256,266,1,-1,-1,-1
1718,253,818,67,93,81,1,-1,-1,-1
1718,254,618,273,265,254,1,-1,-1,-1
1719,253,816,67,92,81,1,-1,-1,-1
1719,254,616,280,271,252,1,-1,-1,-1
1720,253,815,68,92,80,1,-1,-1,-1
1720,254,611,288,277,251,1,-1,-1,-1
1721,253,813,69,91,79,1,-1,-1,-1
1721,254,610,294,278,252,1,-1,-1,-1
1722,253,812,69,90,79,1,-1,-1,-1
1722,254,609,299,279,254,1,-1,-1,-1
1723,253,810,70,90,78,1,-1,-1,-1
1723,254,608,304,282,261,1,-1,-1,-1
1724,253,809,70,89,78,1,-1,-1,-1
1724,254,606,310,286,268,1,-1,-1,-1
1725,253,807,71,88,77,1,-1,-1,-1
1725,254,605,312,289,278,1,-1,-1,-1
1726,253,806,71,88,77,1,-1,-1,-1
1726,254,603,314,294,286,1,-1,-1,-1
1727,253,804,72,87,76,1,-1,-1,-1
1727,254,599,313,300,294,1,-1,-1,-1
1728,253,803,73,87,75,1,-1,-1,-1
1728,254,595,329,310,292,1,-1,-1,-1
1729,253,802,73,87,75,1,-1,-1,-1
1729,254,595,332,308,296,1,-1,-1,-1
1730,253,801,74,87,74,1,-1,-1,-1
1730,254,594,340,306,296,1,-1,-1,-1
1731,253,799,74,86,74,1,-1,-1,-1
1731,254,593,347,306,299,1,-1,-1,-1
1732,253,798,75,86,73,1,-1,-1,-1
1732,254,591,357,308,303,1,-1,-1,-1
1733,253,797,75,86,73,1,-1,-1,-1
1733,254,589,365,314,310,1,-1,-1,-1
1734,253,796,76,86,72,1,-1,-1,-1
1734,254,585,370,320,317,1,-1,-1,-1
1735,253,795,77,86,71,1,-1,-1,-1
1735,254,580,370,332,325,1,-1,-1,-1
1736,253,794,77,86,71,1,-1,-1,-1
1736,254,577,384,338,329,1,-1,-1,-1
1737,253,793,78,86,70,1,-1,-1,-1
1737,254,576,387,339,336,1,-1,-1,-1
1738,253,791,78,85,70,1,-1,-1,-1
1738,254,573,393,342,341,1,-1,-1,-1
1739,253,790,79,85,69,1,-1,-1,-1
1739,254,570,401,349,348,1,-1,-1,-1
1740,253,789,79,85,69,1,-1,-1,-1
1740,254,559,421,350,337,1,-1,-1,-1
1741,253,788,80,85,68,1,-1,-1,-1
1741,254,553,430,359,338,1,-1,-1,-1
1742,254,554,451,380,340,1,-1,-1,-1
1743,254,549,461,365,338,1,-1,-1,-1
1744,254,547,470,367,341,1,-1,-1,-1
1745,254,544,479,371,343,1,-1,-1,-1
1746,254,542,488,372,349,1,-1,-1,-1
1747,254,538,503,377,358,1,-1,-1,-1
1748,254,534,517,382,366,1,-1,-1,-1
1749,254,536,510,372,399,1,-1,-1,-1
1750,254,533,519,373,411,1,-1,-1,-1
1751,254,525,532,378,416,1,-1,-1,-1
1752,254,516,553,385,414,1,-1,-1,-1
1753,254,507,573,392,411,1,-1,-1,-1
1754,254,500,580,414,435,1,-1,-1,-1
1755,254,493,593,419,440,1,-1,-1,-1
1756,254,482,610,424,441,1,-1,-1,-1
1757,254,472,626,427,439,1,-1,-1,-1
1758,254,460,645,436,435,1,-1,-1,-1
1759,254,443,667,454,413,1,-1,-1,-1
1760,254,439,684,449,396,1,-1,-1,-1
1761,254,435,700,443,380,1,-1,-1,-1
1762,254,431,717,438,363,1,-1,-1,-1
1764,258,1148,647,502,433,1,-1,-1,-1
1765,258,1130,623,493,457,1,-1,-1,-1
1766,258,1127,607,476,473,1,-1,-1,-1
1767,258,1116,583,454,482,1,-1,-1,-1
1768,258,1109,569,460,472,1,-1,-1,-1
1769,258,1085,557,460,453,1,-1,-1,-1
1770,258,1071,523,464,452,1,-1,-1,-1
1771,258,1067,511,446,453,1,-1,-1,-1
1772,258,1061,497,432,450,1,-1,-1,-1
1773,258,1050,474,427,453,1,-1,-1,-1
1774,258,1037,458,419,447,1,-1,-1,-1
1775,258,1026,440,410,440,1,-1,-1,-1
1776,258,1020,428,400,429,1,-1,-1,-1
1777,258,1023,424,389,416,1,-1,-1,-1
1778,258,1014,424,387,398,1,-1,-1,-1
1779,258,998,392,392,414,1,-1,-1,-1
1780,258,994,386,389,402,1,-1,-1,-1
1781,258,984,367,380,404,1,-1,-1,-1
1782,258,981,368,377,375,1,-1,-1,-1
1783,258,972,356,377,364,1,-1,-1,-1
1784,258,963,343,377,352,1,-1,-1,-1
1785,258,958,334,373,354,1,-1,-1,-1
1786,258,956,325,362,351,1,-1,-1,-1
1787,258,954,313,348,358,1,-1,-1,-1
1788,258,952,300,340,364,1,-1,-1,-1
1789,258,946,292,341,366,1,-1,-1,-1
1790,258,944,283,340,343,1,-1,-1,-1
1791,258,936,278,332,338,1,-1,-1,-1
1792,258,936,273,330,337,1,-1,-1,-1
1793,258,938,270,323,328,1,-1,-1,-1
1794,258,938,266,319,323,1,-1,-1,-1
1795,258,937,265,316,319,1,-1,-1,-1
1796,258,937,256,311,320,1,-1,-1,-1
1797,258,937,247,304,323,1,-1,-1,-1
1798,258,939,239,297,325,1,-1,-1,-1
1799,258,939,237,292,321,1,-1,-1,-1
1800,258,939,232,290,304,1,-1,-1,-1
1801,258,943,227,282,305,1,-1,-1,-1
1802,258,948,219,273,309,1,-1,-1,-1
1803,258,952,215,264,301,1,-1,-1,-1
1804,258,951,211,262,296,1,-1,-1,-1
1805,258,951,208,260,292,1,-1,-1,-1
1806,258,950,206,259,286,1,-1,-1,-1
1807,258,952,205,254,281,1,-1,-1,-1
1808,258,955,201,251,276,1,-1,-1,-1
1809,258,955,197,250,276,1,-1,-1,-1
1810,258,956,193,246,276,1,-1,-1,-1
1811,258,956,191,244,275,1,-1,-1,-1
1812,258,957,190,242,275,1,-1,-1,-1
1813,258,956,191,240,270,1,-1,-1,-1
1814,258,953,187,239,253,1,-1,-1,-1
1815,258,955,188,235,250,1,-1,-1,-1
1816,258,958,186,234,252,1,-1,-1,-1
1817,258,962,183,232,252,1,-1,-1,-1
1818,258,964,180,232,252,1,-1,-1,-1
1819,258,964,177,234,249,1,-1,-1,-1
1820,258,965,175,237,245,1,-1,-1,-1
1821,258,966,171,240,244,1,-1,-1,-1
1822,258,968,168,239,244,1,-1,-1,-1
1823,258,971,163,235,244,1,-1,-1,-1
1824,258,978,159,230,244,1,-1,-1,-1
1825,258,983,156,227,242,1,-1,-1,-1
1826,258,988,154,223,239,1,-1,-1,-1
1827,258,997,151,225,239,1,-1,-1,-1
1828,258,1005,147,226,240,1,-1,-1,-1
1829,258,1014,144,228,240,1,-1,-1,-1
1830,258,1022,140,229,241,1,-1,-1,-1
1831,258,1031,137,231,241,1,-1,-1,-1
1832,258,1042,139,234,232,1,-1,-1,-1
1833,258,1055,140,232,227,1,-1,-1,-1
1834,258,1072,140,238,226,1,-1,-1,-1
1835,258,1083,139,234,223,1,-1,-1,-1
1836,258,1099,139,241,221,1,-1,-1,-1
1837,258,1112,128,246,223,1,-1,-1,-1
1838,258,1128,128,248,221,1,-1,-1,-1
1839,258,1145,127,248,219,1,-1,-1,-1
1840,258,1161,127,248,216,1,-1,-1,-1
1841,258,1178,127,249,213,1,-1,-1,-1
1842,258,1194,126,249,211,1,-1,-1,-1
1843,258,1222,126,240,209,1,-1,-1,-1
1844,258,1236,127,243,202,1,-1,-1,-1
1845,258,1252,126,249,201,1,-1,-1,-1
1846,258,1260,124,257,193,1,-1,-1,-1
1847,258,1292,123,248,187,1,-1,-1,-1
1848,258,1323,121,238,180,1,-1,-1,-1
1849,258,1344,115,238,182,1,-1,-1,-1
1850,258,1365,109,237,183,1,-1,-1,-1
1878,256,678,77,100,79,1,-1,-1,-1
1879,256,680,77,100,79,1,-1,-1,-1
1880,256,681,77,100,79,1,-1,-1,-1
1881,256,683,76,100,79,1,-1,-1,-1
1882,256,685,76,100,79,1,-1,-1,-1
1883,256,687,76,100,79,1,-1,-1,-1
1884,256,688,76,100,78,1,-1,-1,-1
1885,256,690,76,100,78,1,-1,-1,-1
1886,256,692,76,100,78,1,-1,-1,-1
1887,256,694,75,100,78,1,-1,-1,-1
1888,256,695,75,100,78,1,-1,-1,-1
1889,256,697,75,100,78,1,-1,-1,-1
1890,256,697,74,101,79,1,-1,-1,-1
1891,256,698,74,101,80,1,-1,-1,-1
1892,256,698,73,102,80,1,-1,-1,-1
1893,256,699,72,103,81,1,-1,-1,-1
1894,256,699,72,104,82,1,-1,-1,-1
1895,256,700,71,104,83,1,-1,-1,-1
1896,256,700,71,105,84,1,-1,-1,-1
1897,256,701,70,106,85,1,-1,-1,-1
1898,256,701,69,107,85,1,-1,-1,-1
1899,256,702,69,107,86,1,-1,-1,-1
1900,256,702,68,108,87,1,-1,-1,-1
1901,256,702,68,110,89,1,-1,-1,-1
1902,256,702,68,113,91,1,-1,-1,-1
1903,256,703,69,115,93,1,-1,-1,-1
1904,256,703,69,117,95,1,-1,-1,-1
1905,256,703,69,120,97,1,-1,-1,-1
1906,256,703,69,122,99,1,-1,-1,-1
1907,256,703,69,123,98,1,-1,-1,-1
1908,256,702,70,124,99,1,-1,-1,-1
1909,256,703,71,124,99,1,-1,-1,-1
1910,256,703,72,125,99,1,-1,-1,-1
1911,256,704,74,125,98,1,-1,-1,-1
1912,256,704,77,125,97,1,-1,-1,-1
1913,256,705,79,124,96,1,-1,-1,-1
1914,256,705,81,124,96,1,-1,-1,-1
1915,256,704,82,124,96,1,-1,-1,-1
1916,256,703,82,125,96,1,-1,-1,-1
1917,256,703,82,125,97,1,-1,-1,-1
1918,256,703,82,125,99,1,-1,-1,-1
1919,256,703,81,127,100,1,-1,-1,-1
1920,256,702,81,127,100,1,-1,-1,-1
1921,256,702,81,127,100,1,-1,-1,-1
1922,256,700,85,130,101,1,-1,-1,-1
1923,256,699,85,130,101,1,-1,-1,-1
1924,256,697,85,131,103,1,-1,-1,-1
1925,256,696,86,132,104,1,-1,-1,-1
1926,256,695,87,133,105,1,-1,-1,-1
1927,256,695,89,133,107,1,-1,-1,-1
1928,256,694,90,134,108,1,-1,-1,-1
1929,256,693,91,135,109,1,-1,-1,-1
1930,256,692,92,136,110,1,-1,-1,-1
1931,256,692,94,136,112,1,-1,-1,-1
1932,256,691,95,137,113,1,-1,-1,-1
1933,256,690,96,138,114,1,-1,-1,-1
1934,256,691,98,138,113,1,-1,-1,-1
1935,256,690,100,136,113,1,-1,-1,-1
1936,256,689,102,138,114,1,-1,-1,-1
1937,256,688,103,138,117,1,-1,-1,-1
1938,256,687,104,138,118,1,-1,-1,-1
1939,256,685,106,139,118,1,-1,-1,-1
1940,256,684,108,139,117,1,-1,-1,-1
1941,256,684,113,134,121,1,-1,-1,-1
1942,256,682,113,134,121,1,-1,-1,-1
1943,256,680,113,135,124,1,-1,-1,-1
1944,256,679,114,136,125,1,-1,-1,-1
1945,256,677,115,139,125,1,-1,-1,-1
1946,256,675,117,140,124,1,-1,-1,-1
1947,256,672,120,143,123,1,-1,-1,-1
1948,256,669,122,145,123,1,-1,-1,-1
1949,256,666,124,150,123,1,-1,-1,-1
1950,256,664,127,152,123,1,-1,-1,-1
1951,256,662,129,156,125,1,-1,-1,-1
1952,256,657,133,157,124,1,-1,-1,-1
1953,256,656,135,160,125,1,-1,-1,-1
1954,256,654,137,160,125,1,-1,-1,-1
1955,256,651,143,162,127,1,-1,-1,-1
1956,256,648,148,164,128,1,-1,-1,-1
1957,256,645,150,166,127,1,-1,-1,-1
1958,256,641,153,168,124,1,-1,-1,-1
1959,256,637,156,171,124,1,-1,-1,-1
1960,256,632,158,174,129,1,-1,-1,-1
1961,256,629,160,175,130,1,-1,-1,-1
1962,256,625,161,176,133,1,-1,-1,-1
1963,256,622,163,177,134,1,-1,-1,-1
1964,256,620,165,177,139,1,-1,-1,-1
1965,256,618,166,177,143,1,-1,-1,-1
1966,256,616,167,180,144,1,-1,-1,-1
1967,256,613,172,185,145,1,-1,-1,-1
1968,256,610,177,189,146,1,-1,-1,-1
1969,256,609,178,190,150,1,-1,-1,-1
1970,256,609,181,190,151,1,-1,-1,-1
1971,256,604,184,187,151,1,-1,-1,-1
1972,256,603,189,188,152,1,-1,-1,-1
1973,256,604,192,187,155,1,-1,-1,-1
1974,256,605,195,185,161,1,-1,-1,-1
1975,256,606,197,184,162,1,-1,-1,-1
1976,256,600,201,195,168,1,-1,-1,-1
1977,256,599,203,196,167,1,-1,-1,-1
1978,256,598,206,197,166,1,-1,-1,-1
1979,256,598,210,197,166,1,-1,-1,-1
1980,256,597,215,198,166,1,-1,-1,-1
1981,256,597,220,199,167,1,-1,-1,-1
1982,256,594,224,205,168,1,-1,-1,-1
1983,256,592,227,209,168,1,-1,-1,-1
1984,256,590,229,212,168,1,-1,-1,-1
1985,256,586,233,222,183,1,-1,-1,-1
1986,256,588,236,217,179,1,-1,-1,-1
1987,256,588,242,215,177,1,-1,-1,-1
1988,256,586,247,219,180,1,-1,-1,-1
1989,256,580,252,229,183,1,-1,-1,-1
1990,256,574,257,237,183,1,-1,-1,-1
1991,256,572,268,241,185,1,-1,-1,-1
1992,256,571,267,243,191,1,-1,-1,-1
1993,256,567,273,249,191,1,-1,-1,-1
1994,256,563,270,246,213,1,-1,-1,-1
1995,256,561,275,246,219,1,-1,-1,-1
1996,256,559,298,250,208,1,-1,-1,-1
1997,256,552,303,254,210,1,-1,-1,-1
1998,256,547,312,261,210,1,-1,-1,-1
1999,256,542,321,268,213,1,-1,-1,-1
2000,256,539,331,273,218,1,-1,-1,-1
2001,256,535,338,276,227,1,-1,-1,-1
2002,256,533,340,277,238,1,-1,-1,-1
2003,256,530,365,283,230,1,-1,-1,-1
2004,256,526,376,289,230,1,-1,-1,-1
2005,256,523,390,296,229,1,-1,-1,-1
2006,256,509,401,301,231,1,-1,-1,-1
2007,256,504,406,309,243,1,-1,-1,-1
2008,256,503,425,315,248,1,-1,-1,-1
2009,256,498,438,322,244,1,-1,-1,-1
2010,256,493,455,330,243,1,-1,-1,-1
2011,256,489,465,334,254,1,-1,-1,-1
2012,256,482,470,344,270,1,-1,-1,-1
2013,256,483,495,342,270,1,-1,-1,-1
2014,256,475,508,355,277,1,-1,-1,-1
2015,256,466,520,366,292,1,-1,-1,-1
2016,256,461,556,367,288,1,-1,-1,-1
2017,256,454,568,370,296,1,-1,-1,-1
2018,256,445,580,378,312,1,-1,-1,-1
2019,256,433,617,382,315,1,-1,-1,-1
2020,256,419,628,389,330,1,-1,-1,-1
2021,256,398,640,435,363,1,-1,-1,-1
2022,256,386,668,441,362,1,-1,-1,-1
2023,256,368,703,422,345,1,-1,-1,-1
2024,256,358,737,414,343,1,-1,-1,-1
2025,256,331,766,430,314,1,-1,-1,-1
2026,256,303,795,445,285,1,-1,-1,-1
2048,255,1145,805,393,275,1,-1,-1,-1
2049,255,1132,773,401,307,1,-1,-1,-1
2050,255,1118,741,409,339,1,-1,-1,-1
2051,255,1124,712,394,336,1,-1,-1,-1
2052,255,1123,686,391,345,1,-1,-1,-1
2053,255,1121,664,381,330,1,-1,-1,-1
2054,255,1118,642,371,315,1,-1,-1,-1
2055,255,1111,621,369,316,1,-1,-1,-1
2056,255,1097,593,373,307,1,-1,-1,-1
2057,255,1091,578,369,301,1,-1,-1,-1
2058,255,1084,562,366,294,1,-1,-1,-1
2059,255,1063,556,369,279,1,-1,-1,-1
2060,255,1066,522,349,281,1,-1,-1,-1
2061,255,1062,505,339,277,1,-1,-1,-1
2062,255,1053,487,336,281,1,-1,-1,-1
2063,255,1038,471,334,271,1,-1,-1,-1
2064,255,1031,466,326,260,1,-1,-1,-1
2065,255,1016,458,322,251,1,-1,-1,-1
2066,255,1016,438,315,256,1,-1,-1,-1
2067,255,1011,426,309,256,1,-1,-1,-1
2068,255,1000,405,308,249,1,-1,-1,-1
2069,255,996,400,298,240,1,-1,-1,-1
2070,255,990,390,292,234,1,-1,-1,-1
2071,255,985,380,282,230,1,-1,-1,-1
2072,255,979,369,276,230,1,-1,-1,-1
2073,255,970,364,271,221,1,-1,-1,-1
2074,255,967,343,270,230,1,-1,-1,-1
2075,255,965,339,267,227,1,-1,-1,-1
2076,255,962,333,266,221,1,-1,-1,-1
2077,255,961,324,263,218,1,-1,-1,-1
2078,255,960,316,257,215,1,-1,-1,-1
2079,255,958,311,254,209,1,-1,-1,-1
2080,255,958,305,251,205,1,-1,-1,-1
2081,255,957,299,248,200,1,-1,-1,-1
2082,255,957,292,244,196,1,-1,-1,-1
2083,255,956,286,241,191,1,-1,-1,-1
2084,255,958,277,232,197,1,-1,-1,-1
2085,255,959,274,215,189,1,-1,-1,-1
2086,255,959,271,212,185,1,-1,-1,-1
2087,255,959,269,213,182,1,-1,-1,-1
2088,255,960,257,206,182,1,-1,-1,-1
2089,255,961,253,204,182,1,-1,-1,-1
2090,255,964,250,198,177,1,-1,-1,-1
2091,255,964,246,197,171,1,-1,-1,-1
2092,255,965,240,194,171,1,-1,-1,-1
2093,255,965,234,192,171,1,-1,-1,-1
2094,255,966,228,189,171,1,-1,-1,-1
2095,255,965,223,190,175,1,-1,-1,-1
2096,255,964,219,188,172,1,-1,-1,-1
2097,255,965,215,187,167,1,-1,-1,-1
2098,255,965,213,185,162,1,-1,-1,-1
2099,255,963,211,187,157,1,-1,-1,-1
2100,255,961,209,187,156,1,-1,-1,-1
2101,255,958,208,188,154,1,-1,-1,-1
2102,255,965,195,178,164,1,-1,-1,-1
2103,255,962,193,179,164,1,-1,-1,-1
2104,255,959,189,180,163,1,-1,-1,-1
2105,255,956,186,182,155,1,-1,-1,-1
2106,255,954,184,180,147,1,-1,-1,-1
2107,255,954,184,177,143,1,-1,-1,-1
2108,255,953,184,175,139,1,-1,-1,-1
2109,255,953,180,172,136,1,-1,-1,-1
2110,255,953,176,169,133,1,-1,-1,-1
2111,255,953,172,166,130,1,-1,-1,-1
2112,255,942,167,174,132,1,-1,-1,-1
2113,255,941,163,175,134,1,-1,-1,-1
2114,255,941,159,172,132,1,-1,-1,-1
2115,255,938,158,171,130,1,-1,-1,-1
2116,255,936,157,167,125,1,-1,-1,-1
2117,255,935,157,165,123,1,-1,-1,-1
2118,255,936,156,158,123,1,-1,-1,-1
2119,255,935,155,154,123,1,-1,-1,-1
2120,255,934,154,151,123,1,-1,-1,-1
2121,255,931,152,150,123,1,-1,-1,-1
2122,255,929,151,147,122,1,-1,-1,-1
2123,255,927,148,146,120,1,-1,-1,-1
2124,255,924,146,144,118,1,-1,-1,-1
2125,255,922,143,143,116,1,-1,-1,-1
2126,255,920,141,144,116,1,-1,-1,-1
2127,255,921,141,142,113,1,-1,-1,-1
2128,255,920,138,141,112,1,-1,-1,-1
2129,255,919,135,140,113,1,-1,-1,-1
2130,255,917,131,139,114,1,-1,-1,-1
2131,255,916,128,138,116,1,-1,-1,-1
2132,255,914,125,138,116,1,-1,-1,-1
2133,255,913,123,136,115,1,-1,-1,-1
2134,255,912,121,134,114,1,-1,-1,-1
2135,255,911,119,132,113,1,-1,-1,-1
2136,255,910,117,130,112,1,-1,-1,-1
2137,255,910,116,128,111,1,-1,-1,-1
2138,255,909,114,126,110,1,-1,-1,-1
2139,255,908,112,124,109,1,-1,-1,-1
2140,255,907,110,122,108,1,-1,-1,-1
2141,255,906,108,120,107,1,-1,-1,-1
