191,242,0,1148,969,568,1,-1,-1,-1
192,242,261,1151,861,481,1,-1,-1,-1
193,242,539,1142,713,423,1,-1,-1,-1
194,242,732,1137,615,379,1,-1,-1,-1
195,242,924,1131,516,335,1,-1,-1,-1
196,242,1025,1123,476,311,1,-1,-1,-1
197,242,1127,1116,436,288,1,-1,-1,-1
198,242,1228,1108,396,264,1,-1,-1,-1
199,242,1292,1100,372,257,1,-1,-1,-1
200,242,1356,1092,348,249,1,-1,-1,-1
201,242,1415,1093,307,228,1,-1,-1,-1
202,242,1473,1094,266,206,1,-1,-1,-1
203,242,1525,1090,241,188,1,-1,-1,-1
204,242,1547,1087,226,177,1,-1,-1,-1
205,242,1588,1083,209,171,1,-1,-1,-1
206,242,1609,1083,194,163,1,-1,-1,-1
207,242,1625,1071,184,157,1,-1,-1,-1
208,242,1647,1068,175,151,1,-1,-1,-1
209,242,1665,1064,161,144,1,-1,-1,-1
210,242,1679,1058,154,140,1,-1,-1,-1
211,242,1689,1054,149,135,1,-1,-1,-1
212,242,1703,1047,146,132,1,-1,-1,-1
213,242,1710,1045,141,128,1,-1,-1,-1
214,242,1717,1042,136,124,1,-1,-1,-1
215,242,1724,1040,132,120,1,-1,-1,-1
216,242,1730,1037,127,116,1,-1,-1,-1
217,242,1737,1035,122,112,1,-1,-1,-1
218,242,1744,1032,117,108,1,-1,-1,-1
219,242,1747,1027,115,107,1,-1,-1,-1
220,242,1749,1022,113,106,1,-1,-1,-1
221,242,1752,1018,110,104,1,-1,-1,-1
222,242,1754,1013,108,103,1,-1,-1,-1
223,242,1757,1008,106,102,1,-1,-1,-1
224,242,1757,1006,104,100,1,-1,-1,-1
225,242,1758,1004,102,98,1,-1,-1,-1
226,242,1758,1002,100,96,1,-1,-1,-1
227,242,1758,999,97,93,1,-1,-1,-1
228,242,1759,997,95,91,1,-1,-1,-1
229,242,1759,995,93,89,1,-1,-1,-1
230,242,1759,993,91,87,1,-1,-1,-1
231,242,1758,991,89,85,1,-1,-1,-1
232,242,1758,989,87,82,1,-1,-1,-1
233,242,1757,987,85,80,1,-1,-1,-1
234,242,1757,984,82,78,1,-1,-1,-1
235,242,1756,982,80,76,1,-1,-1,-1
236,242,1756,980,78,73,1,-1,-1,-1
237,242,1755,978,76,71,1,-1,-1,-1
577,243,1669,943,69,67,1,-1,-1,-1
578,243,1666,944,71,68,1,-1,-1,-1
579,243,1664,945,72,69,1,-1,-1,-1
580,243,1661,946,74,70,1,-1,-1,-1
581,243,1658,947,76,71,1,-1,-1,-1
582,243,1655,948,77,72,1,-1,-1,-1
583,243,1653,949,79,74,1,-1,-1,-1
584,243,1650,949,81,75,1,-1,-1,-1
585,243,1647,950,82,76,1,-1,-1,-1
586,243,1644,951,84,77,1,-1,-1,-1
587,243,1642,952,86,78,1,-1,-1,-1
588,243,1639,953,87,79,1,-1,-1,-1
589,243,1636,954,89,80,1,-1,-1,-1
590,243,1630,955,93,82,1,-1,-1,-1
591,243,1625,956,96,83,1,-1,-1,-1
592,243,1619,958,100,85,1,-1,-1,-1
593,243,1613,959,103,87,1,-1,-1,-1
594,243,1608,960,107,89,1,-1,-1,-1
595,243,1602,961,110,90,1,-1,-1,-1
596,243,1596,962,114,92,1,-1,-1,-1
597,243,1590,964,117,94,1,-1,-1,-1
598,243,1585,965,121,95,1,-1,-1,-1
599,243,1579,966,124,97,1,-1,-1,-1
600,243,1569,966,133,100,1,-1,-1,-1
601,243,1561,969,138,98,1,-1,-1,-1
602,243,1549,972,140,100,1,-1,-1,-1
603,243,1539,973,145,102,1,-1,-1,-1
604,243,1529,973,147,107,1,-1,-1,-1
605,243,1515,972,156,110,1,-1,-1,-1
606,243,1504,964,160,128,1,-1,-1,-1
607,243,1489,964,157,130,1,-1,-1,-1
608,243,1479,967,158,129,1,-1,-1,-1
609,243,1466,966,162,129,1,-1,-1,-1
610,243,1449,963,169,140,1,-1,-1,-1
611,243,1423,968,180,138,1,-1,-1,-1
612,243,1409,972,180,134,1,-1,-1,-1
613,243,1394,972,186,136,1,-1,-1,-1
614,243,1359,970,202,142,1,-1,-1,-1
615,243,1334,971,206,145,1,-1,-1,-1
616,243,1308,971,210,147,1,-1,-1,-1
616,244,1673,943,71,67,1,-1,-1,-1
617,243,1269,968,223,154,1,-1,-1,-1
617,244,1670,944,73,69,1,-1,-1,-1
618,243,1230,966,236,162,1,-1,-1,-1
618,244,1667,944,76,70,1,-1,-1,-1
619,243,1190,963,248,169,1,-1,-1,-1
619,244,1664,945,78,72,1,-1,-1,-1
620,243,1151,961,261,177,1,-1,-1,-1
620,244,1661,945,81,74,1,-1,-1,-1
621,243,1112,958,274,184,1,-1,-1,-1
621,244,1657,946,83,75,1,-1,-1,-1
622,243,1055,956,294,192,1,-1,-1,-1
622,244,1654,946,86,77,1,-1,-1,-1
623,243,997,954,313,199,1,-1,-1,-1
623,244,1651,947,88,79,1,-1,-1,-1
624,243,921,949,339,209,1,-1,-1,-1
624,244,1648,947,91,80,1,-1,-1,-1
625,243,846,944,365,219,1,-1,-1,-1
625,244,1645,948,93,82,1,-1,-1,-1
626,243,770,939,391,229,1,-1,-1,-1
626,244,1641,949,94,83,1,-1,-1,-1
627,243,656,927,433,247,1,-1,-1,-1
627,244,1637,950,95,84,1,-1,-1,-1
628,243,541,916,474,265,1,-1,-1,-1
628,244,1634,950,97,86,1,-1,-1,-1
629,243,427,904,516,283,1,-1,-1,-1
629,244,1630,951,98,87,1,-1,-1,-1
630,243,265,890,578,303,1,-1,-1,-1
630,244,1626,952,99,88,1,-1,-1,-1
631,243,103,876,639,322,1,-1,-1,-1
631,244,1619,954,103,89,1,-1,-1,-1
632,243,0,853,628,360,1,-1,-1,-1
632,244,1612,957,108,90,1,-1,-1,-1
633,244,1606,959,112,92,1,-1,-1,-1
634,244,1599,961,116,93,1,-1,-1,-1
635,244,1592,964,121,94,1,-1,-1,-1
636,244,1585,966,125,95,1,-1,-1,-1
637,244,1575,965,133,98,1,-1,-1,-1
638,244,1564,963,143,102,1,-1,-1,-1
639,244,1554,964,149,103,1,-1,-1,-1
640,244,1548,966,143,108,1,-1,-1,-1
641,244,1539,968,146,109,1,-1,-1,-1
642,244,1526,969,152,110,1,-1,-1,-1
643,244,1512,969,160,111,1,-1,-1,-1
644,244,1501,962,163,128,1,-1,-1,-1
645,244,1487,963,157,130,1,-1,-1,-1
646,244,1475,964,161,130,1,-1,-1,-1
647,244,1454,963,173,138,1,-1,-1,-1
648,244,1442,963,180,140,1,-1,-1,-1
649,244,1412,966,191,139,1,-1,-1,-1
649,246,1662,933,78,66,1,-1,-1,-1
650,244,1395,967,197,140,1,-1,-1,-1
650,246,1660,934,79,67,1,-1,-1,-1
651,244,1356,968,217,141,1,-1,-1,-1
651,246,1659,935,80,67,1,-1,-1,-1
652,244,1342,966,219,146,1,-1,-1,-1
652,246,1657,936,81,68,1,-1,-1,-1
653,244,1311,963,234,155,1,-1,-1,-1
653,246,1656,937,83,69,1,-1,-1,-1
654,244,1280,959,248,164,1,-1,-1,-1
654,246,1654,938,84,69,1,-1,-1,-1
655,244,1225,963,278,165,1,-1,-1,-1
655,246,1652,939,85,70,1,-1,-1,-1
656,244,1212,959,278,175,1,-1,-1,-1
656,246,1651,940,86,70,1,-1,-1,-1
657,244,1157,960,297,180,1,-1,-1,-1
657,246,1649,941,87,71,1,-1,-1,-1
658,244,1098,959,321,184,1,-1,-1,-1
658,246,1646,942,88,72,1,-1,-1,-1
659,244,1029,952,349,196,1,-1,-1,-1
659,246,1644,943,89,73,1,-1,-1,-1
660,244,959,945,377,208,1,-1,-1,-1
660,246,1641,944,90,75,1,-1,-1,-1
661,244,890,937,405,220,1,-1,-1,-1
661,246,1639,945,91,76,1,-1,-1,-1
662,244,820,930,433,232,1,-1,-1,-1
662,246,1636,946,91,77,1,-1,-1,-1
663,244,690,917,509,255,1,-1,-1,-1
663,246,1634,947,92,78,1,-1,-1,-1
664,244,587,907,564,268,1,-1,-1,-1
664,246,1631,948,93,80,1,-1,-1,-1
665,244,483,896,618,281,1,-1,-1,-1
665,246,1629,949,94,81,1,-1,-1,-1
666,244,321,881,679,307,1,-1,-1,-1
666,246,1626,950,95,82,1,-1,-1,-1
667,244,159,865,739,333,1,-1,-1,-1
667,246,1620,951,99,84,1,-1,-1,-1
668,244,0,850,801,360,1,-1,-1,-1
668,246,1614,952,103,85,1,-1,-1,-1
669,244,0,842,647,354,1,-1,-1,-1
669,246,1608,953,107,87,1,-1,-1,-1
670,246,1603,954,112,89,1,-1,-1,-1
671,246,1597,955,116,91,1,-1,-1,-1
672,246,1591,956,120,92,1,-1,-1,-1
673,246,1585,957,124,94,1,-1,-1,-1
674,246,1576,956,131,97,1,-1,-1,-1
675,246,1568,954,136,101,1,-1,-1,-1
676,246,1563,958,133,106,1,-1,-1,-1
677,246,1551,962,136,100,1,-1,-1,-1
678,246,1541,960,150,109,1,-1,-1,-1
679,246,1536,961,147,110,1,-1,-1,-1
680,246,1525,960,152,114,1,-1,-1,-1
681,246,1510,960,164,117,1,-1,-1,-1
682,246,1503,957,160,122,1,-1,-1,-1
683,246,1486,958,160,128,1,-1,-1,-1
684,246,1475,959,163,127,1,-1,-1,-1
685,246,1456,956,169,139,1,-1,-1,-1
686,246,1445,956,174,143,1,-1,-1,-1
687,246,1419,958,185,142,1,-1,-1,-1
688,246,1401,960,191,142,1,-1,-1,-1
689,246,1385,958,201,145,1,-1,-1,-1
690,246,1346,960,219,145,1,-1,-1,-1
691,246,1330,958,222,150,1,-1,-1,-1
692,246,1288,957,242,156,1,-1,-1,-1
693,246,1255,955,256,164,1,-1,-1,-1
694,246,1222,953,270,171,1,-1,-1,-1
695,246,1165,957,293,169,1,-1,-1,-1
696,246,1147,947,306,189,1,-1,-1,-1
697,246,1092,946,328,191,1,-1,-1,-1
698,246,1020,941,362,205,1,-1,-1,-1
699,246,947,935,396,218,1,-1,-1,-1
700,246,908,934,417,217,1,-1,-1,-1
701,246,819,930,439,227,1,-1,-1,-1
702,246,731,920,464,242,1,-1,-1,-1
703,246,642,910,489,257,1,-1,-1,-1
704,246,554,900,514,272,1,-1,-1,-1
705,246,401,886,584,293,1,-1,-1,-1
706,246,248,873,653,314,1,-1,-1,-1
707,246,95,859,723,335,1,-1,-1,-1
708,246,0,844,708,356,1,-1,-1,-1
741,245,0,965,1019,687,1,-1,-1,-1
742,245,0,976,1109,624,1,-1,-1,-1
743,245,122,994,1121,569,1,-1,-1,-1
744,245,287,995,996,532,1,-1,-1,-1
745,245,451,996,871,494,1,-1,-1,-1
746,245,581,1007,786,472,1,-1,-1,-1
747,245,711,1017,701,449,1,-1,-1,-1
748,245,793,1021,657,435,1,-1,-1,-1
749,245,867,1018,631,401,1,-1,-1,-1
750,245,940,1014,604,367,1,-1,-1,-1
751,245,1027,1013,579,353,1,-1,-1,-1
752,245,1073,1017,540,341,1,-1,-1,-1
753,245,1162,1018,482,322,1,-1,-1,-1
754,245,1193,1021,470,314,1,-1,-1,-1
755,245,1225,1027,453,295,1,-1,-1,-1
756,245,1304,1033,399,274,1,-1,-1,-1
757,245,1338,1038,375,259,1,-1,-1,-1
758,245,1366,1037,363,252,1,-1,-1,-1
759,245,1393,1036,351,245,1,-1,-1,-1
760,245,1421,1035,339,238,1,-1,-1,-1
761,245,1448,1034,327,231,1,-1,-1,-1
762,245,1486,1031,300,229,1,-1,-1,-1
763,245,1500,1032,295,222,1,-1,-1,-1
764,245,1520,1035,276,208,1,-1,-1,-1
765,245,1536,1036,259,198,1,-1,-1,-1
766,245,1565,1032,246,193,1,-1,-1,-1
767,245,1573,1030,243,190,1,-1,-1,-1
768,245,1584,1030,235,185,1,-1,-1,-1
769,245,1598,1029,223,183,1,-1,-1,-1
770,245,1612,1024,214,186,1,-1,-1,-1
771,245,1625,1018,205,188,1,-1,-1,-1
772,245,1633,1020,196,163,1,-1,-1,-1
773,245,1640,1018,191,164,1,-1,-1,-1
774,245,1647,1014,189,166,1,-1,-1,-1
775,245,1651,1013,188,164,1,-1,-1,-1
776,245,1659,1012,187,158,1,-1,-1,-1
777,245,1667,1008,180,157,1,-1,-1,-1
778,245,1672,1005,177,158,1,-1,-1,-1
779,245,1675,1001,175,158,1,-1,-1,-1
780,245,1686,1001,158,150,1,-1,-1,-1
781,245,1697,998,162,142,1,-1,-1,-1
782,245,1698,997,163,140,1,-1,-1,-1
783,245,1700,996,163,139,1,-1,-1,-1
784,245,1703,995,162,136,1,-1,-1,-1
785,245,1706,994,160,135,1,-1,-1,-1
786,245,1708,992,157,135,1,-1,-1,-1
787,245,1710,990,154,135,1,-1,-1,-1
788,245,1713,989,150,132,1,-1,-1,-1
789,245,1717,988,146,130,1,-1,-1,-1
790,245,1720,987,142,127,1,-1,-1,-1
791,245,1723,986,138,125,1,-1,-1,-1
792,245,1727,986,133,122,1,-1,-1,-1
793,245,1730,985,129,120,1,-1,-1,-1
794,245,1733,984,125,117,1,-1,-1,-1
795,245,1737,983,121,115,1,-1,-1,-1
796,245,1740,982,117,112,1,-1,-1,-1
797,245,1740,981,116,111,1,-1,-1,-1
798,245,1740,979,115,109,1,-1,-1,-1
799,245,1740,978,114,108,1,-1,-1,-1
800,245,1740,977,113,106,1,-1,-1,-1
801,245,1740,976,112,105,1,-1,-1,-1
802,245,1740,974,110,103,1,-1,-1,-1
803,245,1740,973,109,102,1,-1,-1,-1
804,245,1740,972,108,100,1,-1,-1,-1
805,245,1740,970,107,99,1,-1,-1,-1
806,245,1740,969,106,97,1,-1,-1,-1
807,245,1740,968,104,96,1,-1,-1,-1
808,245,1740,967,103,95,1,-1,-1,-1
809,245,1739,965,101,94,1,-1,-1,-1
810,245,1739,964,99,93,1,-1,-1,-1
811,245,1739,963,98,93,1,-1,-1,-1
812,245,1739,962,96,92,1,-1,-1,-1
813,245,1738,960,94,91,1,-1,-1,-1
814,245,1738,959,93,90,1,-1,-1,-1
815,245,1738,958,91,89,1,-1,-1,-1
816,245,1738,957,90,88,1,-1,-1,-1
817,245,1738,956,89,87,1,-1,-1,-1
818,245,1738,955,88,86,1,-1,-1,-1
819,245,1737,954,88,85,1,-1,-1,-1
820,245,1737,953,87,84,1,-1,-1,-1
821,245,1737,952,86,83,1,-1,-1,-1
822,245,1737,951,85,82,1,-1,-1,-1
823,245,1737,950,84,81,1,-1,-1,-1
824,245,1737,949,83,80,1,-1,-1,-1
825,245,1736,948,83,79,1,-1,-1,-1
826,245,1736,947,82,78,1,-1,-1,-1
827,245,1736,946,81,77,1,-1,-1,-1
828,245,1736,945,80,76,1,-1,-1,-1
916,248,1528,863,111,82,1,-1,-1,-1
917,248,1531,863,111,83,1,-1,-1,-1
918,248,1535,864,111,85,1,-1,-1,-1
919,248,1538,864,111,86,1,-1,-1,-1
920,248,1542,865,110,88,1,-1,-1,-1
921,248,1545,865,110,89,1,-1,-1,-1
922,248,1549,866,110,91,1,-1,-1,-1
923,248,1552,866,110,92,1,-1,-1,-1
924,248,1553,868,114,91,1,-1,-1,-1
925,248,1555,870,117,90,1,-1,-1,-1
926,248,1556,872,121,89,1,-1,-1,-1
927,248,1558,874,123,89,1,-1,-1,-1
928,248,1560,876,125,90,1,-1,-1,-1
929,248,1563,879,127,90,1,-1,-1,-1
930,248,1565,881,128,90,1,-1,-1,-1
931,248,1567,883,130,91,1,-1,-1,-1
932,248,1569,885,132,91,1,-1,-1,-1
933,248,1576,888,128,90,1,-1,-1,-1
934,248,1582,890,123,88,1,-1,-1,-1
935,248,1589,893,119,87,1,-1,-1,-1
936,248,1595,895,114,85,1,-1,-1,-1
937,248,1602,898,110,84,1,-1,-1,-1
938,248,1604,899,111,85,1,-1,-1,-1
939,248,1605,900,112,86,1,-1,-1,-1
940,248,1607,902,113,87,1,-1,-1,-1
941,247,0,1252,1060,668,1,-1,-1,-1
941,248,1608,903,114,88,1,-1,-1,-1
942,247,0,1264,1176,656,1,-1,-1,-1
942,248,1610,904,115,89,1,-1,-1,-1
943,247,0,1276,1291,644,1,-1,-1,-1
943,248,1614,905,113,89,1,-1,-1,-1
944,247,166,1293,1226,627,1,-1,-1,-1
944,248,1619,905,111,89,1,-1,-1,-1
945,247,332,1303,1134,586,1,-1,-1,-1
945,248,1623,906,109,89,1,-1,-1,-1
946,247,505,1313,1073,570,1,-1,-1,-1
946,248,1628,907,107,89,1,-1,-1,-1
947,247,635,1327,1031,550,1,-1,-1,-1
947,248,1632,908,105,89,1,-1,-1,-1
948,247,765,1340,989,529,1,-1,-1,-1
948,248,1636,908,103,88,1,-1,-1,-1
949,247,895,1354,947,509,1,-1,-1,-1
949,248,1641,909,101,88,1,-1,-1,-1
950,247,1025,1367,905,488,1,-1,-1,-1
950,248,1645,910,99,88,1,-1,-1,-1
951,247,1124,1383,888,481,1,-1,-1,-1
951,248,1650,910,97,88,1,-1,-1,-1
952,247,1223,1400,870,473,1,-1,-1,-1
952,248,1654,911,95,88,1,-1,-1,-1
953,247,1322,1416,853,466,1,-1,-1,-1
953,248,1656,912,94,88,1,-1,-1,-1
954,247,1421,1433,835,458,1,-1,-1,-1
954,248,1658,913,94,88,1,-1,-1,-1
955,247,1520,1449,818,451,1,-1,-1,-1
955,248,1660,914,93,89,1,-1,-1,-1
956,247,1606,1479,868,431,1,-1,-1,-1
956,248,1662,915,93,89,1,-1,-1,-1
957,247,1676,1482,865,438,1,-1,-1,-1
957,248,1664,916,92,89,1,-1,-1,-1
958,247,1748,1486,812,434,1,-1,-1,-1
958,248,1665,916,91,89,1,-1,-1,-1
959,247,1857,1520,703,400,1,-1,-1,-1
959,248,1667,917,91,89,1,-1,-1,-1
960,248,1669,918,90,90,1,-1,-1,-1
961,248,1671,919,90,90,1,-1,-1,-1
962,248,1673,920,89,90,1,-1,-1,-1
963,248,1673,921,89,90,1,-1,-1,-1
964,248,1674,921,90,90,1,-1,-1,-1
965,248,1674,922,90,90,1,-1,-1,-1
966,248,1674,923,90,90,1,-1,-1,-1
967,248,1675,924,91,90,1,-1,-1,-1
968,248,1675,924,91,89,1,-1,-1,-1
969,248,1676,925,92,89,1,-1,-1,-1
970,248,1676,926,92,89,1,-1,-1,-1
971,248,1676,927,92,89,1,-1,-1,-1
972,248,1677,927,93,89,1,-1,-1,-1
973,248,1677,928,93,89,1,-1,-1,-1
974,248,1676,928,94,90,1,-1,-1,-1
975,248,1676,928,95,91,1,-1,-1,-1
976,248,1675,929,96,92,1,-1,-1,-1
977,248,1675,929,97,93,1,-1,-1,-1
978,248,1674,929,98,94,1,-1,-1,-1
979,248,1674,929,99,95,1,-1,-1,-1
980,248,1673,929,100,96,1,-1,-1,-1
981,248,1673,929,101,97,1,-1,-1,-1
982,248,1672,930,102,98,1,-1,-1,-1
983,248,1672,930,103,99,1,-1,-1,-1
984,248,1671,930,104,100,1,-1,-1,-1
985,248,1668,931,106,100,1,-1,-1,-1
986,248,1666,932,108,101,1,-1,-1,-1
987,248,1663,933,110,101,1,-1,-1,-1
988,248,1660,934,112,101,1,-1,-1,-1
989,248,1658,935,115,102,1,-1,-1,-1
990,248,1655,935,117,102,1,-1,-1,-1
991,248,1652,936,119,102,1,-1,-1,-1
992,248,1649,937,121,102,1,-1,-1,-1
993,248,1647,938,123,103,1,-1,-1,-1
994,248,1644,939,125,103,1,-1,-1,-1
995,248,1642,940,127,102,1,-1,-1,-1
996,248,1641,942,127,101,1,-1,-1,-1
997,248,1639,943,128,100,1,-1,-1,-1
998,248,1637,945,128,100,1,-1,-1,-1
999,248,1636,947,129,99,1,-1,-1,-1
1000,248,1634,949,130,98,1,-1,-1,-1
1001,248,1632,950,130,97,1,-1,-1,-1
1002,248,1631,952,131,96,1,-1,-1,-1
1003,248,1627,952,133,98,1,-1,-1,-1
1004,248,1625,953,132,96,1,-1,-1,-1
1005,248,1621,951,136,100,1,-1,-1,-1
1006,248,1621,953,133,98,1,-1,-1,-1
1007,248,1618,950,136,100,1,-1,-1,-1
1008,248,1619,951,132,99,1,-1,-1,-1
1009,248,1612,951,135,103,1,-1,-1,-1
1010,248,1606,951,138,107,1,-1,-1,-1
1011,248,1599,951,141,111,1,-1,-1,-1
1012,248,1592,950,145,115,1,-1,-1,-1
1013,248,1585,950,148,119,1,-1,-1,-1
1014,248,1579,950,151,123,1,-1,-1,-1
1015,248,1572,950,154,127,1,-1,-1,-1
1016,248,1566,949,157,128,1,-1,-1,-1
1017,248,1560,950,161,128,1,-1,-1,-1
1018,248,1554,950,164,127,1,-1,-1,-1
1018,249,669,632,246,151,1,-1,-1,-1
1019,248,1549,951,165,127,1,-1,-1,-1
1019,249,671,635,248,149,1,-1,-1,-1
1020,248,1546,950,166,129,1,-1,-1,-1
1020,249,673,637,249,148,1,-1,-1,-1
1021,248,1536,947,164,141,1,-1,-1,-1
1021,249,674,640,251,146,1,-1,-1,-1
1022,248,1535,942,163,152,1,-1,-1,-1
1022,249,676,642,252,145,1,-1,-1,-1
1023,248,1528,943,164,152,1,-1,-1,-1
1023,249,678,645,254,143,1,-1,-1,-1
1024,248,1520,943,166,153,1,-1,-1,-1
1024,249,680,642,260,149,1,-1,-1,-1
1025,248,1512,944,166,155,1,-1,-1,-1
1025,249,682,640,266,155,1,-1,-1,-1
1026,248,1502,945,173,156,1,-1,-1,-1
1026,249,685,637,272,160,1,-1,-1,-1
1027,248,1491,946,180,157,1,-1,-1,-1
1027,249,687,635,278,166,1,-1,-1,-1
1028,248,1481,946,186,157,1,-1,-1,-1
1028,249,689,632,284,172,1,-1,-1,-1
1029,248,1470,947,193,158,1,-1,-1,-1
1029,249,694,634,283,171,1,-1,-1,-1
1030,248,1460,947,197,157,1,-1,-1,-1
1030,249,699,636,283,171,1,-1,-1,-1
1031,248,1447,948,204,157,1,-1,-1,-1
1031,249,704,638,282,171,1,-1,-1,-1
1032,248,1439,949,205,158,1,-1,-1,-1
1032,249,709,640,282,171,1,-1,-1,-1
1033,248,1431,947,208,163,1,-1,-1,-1
1033,249,714,642,281,171,1,-1,-1,-1
1034,248,1403,952,224,160,1,-1,-1,-1
1034,249,719,644,281,171,1,-1,-1,-1
1035,248,1390,949,234,165,1,-1,-1,-1
1035,249,724,646,279,171,1,-1,-1,-1
1036,248,1377,947,242,168,1,-1,-1,-1
1036,249,729,648,279,171,1,-1,-1,-1
1037,248,1367,945,246,174,1,-1,-1,-1
1037,249,734,650,278,171,1,-1,-1,-1
1038,248,1337,947,260,173,1,-1,-1,-1
1038,249,739,652,278,171,1,-1,-1,-1
1039,248,1323,945,271,180,1,-1,-1,-1
1039,249,745,654,277,171,1,-1,-1,-1
1040,248,1311,945,275,186,1,-1,-1,-1
1040,249,750,656,277,169,1,-1,-1,-1
1041,248,1298,939,282,197,1,-1,-1,-1
1041,249,755,658,276,169,1,-1,-1,-1
1042,248,1258,941,303,204,1,-1,-1,-1
1042,249,760,660,276,169,1,-1,-1,-1
1043,248,1239,937,319,210,1,-1,-1,-1
1043,249,766,662,275,169,1,-1,-1,-1
1044,248,1207,940,320,210,1,-1,-1,-1
1044,249,771,664,275,169,1,-1,-1,-1
1045,248,1188,937,336,215,1,-1,-1,-1
1045,249,776,666,274,169,1,-1,-1,-1
1046,248,1148,926,370,234,1,-1,-1,-1
1046,249,781,668,274,169,1,-1,-1,-1
1047,248,1120,923,382,240,1,-1,-1,-1
1047,249,786,670,273,169,1,-1,-1,-1
1048,248,1095,914,402,250,1,-1,-1,-1
1048,249,791,672,273,169,1,-1,-1,-1
1049,248,1043,916,399,255,1,-1,-1,-1
1049,249,796,674,272,169,1,-1,-1,-1
1050,248,1004,908,420,272,1,-1,-1,-1
1050,249,802,677,272,169,1,-1,-1,-1
1051,248,934,905,462,276,1,-1,-1,-1
1051,249,806,678,271,169,1,-1,-1,-1
1052,248,897,901,483,288,1,-1,-1,-1
1052,249,810,679,270,169,1,-1,-1,-1
1053,248,860,894,506,298,1,-1,-1,-1
1053,249,814,680,270,169,1,-1,-1,-1
1054,248,781,888,532,317,1,-1,-1,-1
1054,249,819,681,268,169,1,-1,-1,-1
1055,248,748,880,543,322,1,-1,-1,-1
1055,249,823,682,268,169,1,-1,-1,-1
1056,248,641,876,593,334,1,-1,-1,-1
1056,249,827,684,267,169,1,-1,-1,-1
1057,248,560,871,624,338,1,-1,-1,-1
1057,249,832,685,266,169,1,-1,-1,-1
1058,248,480,867,655,341,1,-1,-1,-1
1058,249,836,686,266,169,1,-1,-1,-1
1059,248,399,862,686,345,1,-1,-1,-1
1059,249,840,687,265,169,1,-1,-1,-1
1060,248,276,837,795,402,1,-1,-1,-1
1060,249,845,688,265,169,1,-1,-1,-1
1061,248,123,814,894,438,1,-1,-1,-1
1061,249,849,690,264,171,1,-1,-1,-1
1062,248,0,777,762,486,1,-1,-1,-1
1062,249,853,691,263,171,1,-1,-1,-1
1063,249,858,692,263,171,1,-1,-1,-1
1064,249,862,693,262,171,1,-1,-1,-1
1065,249,866,694,262,171,1,-1,-1,-1
1066,249,871,695,261,171,1,-1,-1,-1
1067,249,875,697,260,171,1,-1,-1,-1
1068,249,879,698,260,171,1,-1,-1,-1
1069,249,884,699,259,171,1,-1,-1,-1
1070,249,888,700,259,171,1,-1,-1,-1
1071,249,892,701,257,171,1,-1,-1,-1
1072,249,897,703,257,172,1,-1,-1,-1
1073,249,898,703,256,171,1,-1,-1,-1
1074,249,899,704,255,171,1,-1,-1,-1
1075,249,900,705,254,171,1,-1,-1,-1
1076,249,902,705,253,169,1,-1,-1,-1
1077,249,903,706,252,169,1,-1,-1,-1
1078,249,905,707,252,169,1,-1,-1,-1
1079,249,901,706,253,167,1,-1,-1,-1
1080,249,897,705,255,166,1,-1,-1,-1
1081,249,894,705,257,164,1,-1,-1,-1
1082,249,891,704,260,163,1,-1,-1,-1
1083,249,888,703,262,161,1,-1,-1,-1
1084,241,2023,1418,537,372,1,-1,-1,-1
1084,249,885,703,264,160,1,-1,-1,-1
1085,241,1986,1403,574,350,1,-1,-1,-1
1085,249,882,701,265,161,1,-1,-1,-1
1086,241,1930,1386,630,361,1,-1,-1,-1
1086,249,878,702,266,158,1,-1,-1,-1
1087,241,1885,1373,645,341,1,-1,-1,-1
1087,249,875,701,267,160,1,-1,-1,-1
1088,241,1825,1352,648,337,1,-1,-1,-1
1088,249,872,701,266,157,1,-1,-1,-1
1089,241,1766,1332,652,332,1,-1,-1,-1
1089,249,869,699,265,158,1,-1,-1,-1
1090,241,1706,1311,655,328,1,-1,-1,-1
1090,249,869,700,257,157,1,-1,-1,-1
1091,241,1691,1300,644,333,1,-1,-1,-1
1091,249,870,702,251,154,1,-1,-1,-1
1092,241,1614,1267,623,322,1,-1,-1,-1
1092,249,860,705,233,144,1,-1,-1,-1
1093,241,1563,1252,625,318,1,-1,-1,-1
1093,249,853,708,239,142,1,-1,-1,-1
1094,241,1510,1237,628,315,1,-1,-1,-1
1094,249,845,705,244,146,1,-1,-1,-1
1095,241,1406,1219,661,305,1,-1,-1,-1
1095,249,838,703,244,150,1,-1,-1,-1
1096,241,1342,1202,663,301,1,-1,-1,-1
1096,249,832,700,244,155,1,-1,-1,-1
1097,241,1279,1184,664,297,1,-1,-1,-1
1097,249,827,697,245,157,1,-1,-1,-1
1098,241,1215,1167,666,293,1,-1,-1,-1
1098,249,822,694,245,160,1,-1,-1,-1
1099,241,1151,1149,667,289,1,-1,-1,-1
1099,249,819,692,248,161,1,-1,-1,-1
1100,241,1087,1131,683,297,1,-1,-1,-1
1100,249,804,692,249,160,1,-1,-1,-1
1101,241,982,1109,718,315,1,-1,-1,-1
1101,249,797,694,249,157,1,-1,-1,-1
1102,241,937,1097,695,303,1,-1,-1,-1
1102,249,789,694,253,157,1,-1,-1,-1
1103,241,891,1086,672,292,1,-1,-1,-1
1103,249,781,693,254,157,1,-1,-1,-1
1104,241,780,1074,705,292,1,-1,-1,-1
1104,249,771,688,257,159,1,-1,-1,-1
1105,241,691,1055,713,303,1,-1,-1,-1
1105,249,760,683,259,161,1,-1,-1,-1
1106,241,602,1036,722,315,1,-1,-1,-1
1106,249,750,678,262,162,1,-1,-1,-1
1107,241,513,1017,730,326,1,-1,-1,-1
1107,249,739,673,264,164,1,-1,-1,-1
1108,241,402,1001,763,337,1,-1,-1,-1
1108,249,728,671,267,165,1,-1,-1,-1
1109,241,291,984,795,348,1,-1,-1,-1
1109,249,720,668,265,167,1,-1,-1,-1
1110,241,146,961,876,373,1,-1,-1,-1
1110,249,717,669,257,165,1,-1,-1,-1
1111,241,0,937,956,397,1,-1,-1,-1
1111,249,690,669,274,167,1,-1,-1,-1
1112,241,0,941,820,374,1,-1,-1,-1
1112,249,677,668,279,166,1,-1,-1,-1
1113,249,667,666,278,169,1,-1,-1,-1
1114,249,664,665,268,168,1,-1,-1,-1
1115,249,636,671,281,162,1,-1,-1,-1
1116,249,627,669,284,162,1,-1,-1,-1
1117,249,619,667,281,165,1,-1,-1,-1
1118,249,600,664,287,167,1,-1,-1,-1
1119,249,581,661,292,168,1,-1,-1,-1
1120,249,567,659,303,172,1,-1,-1,-1
1121,249,555,656,306,173,1,-1,-1,-1
1122,249,554,655,295,173,1,-1,-1,-1
1123,249,527,651,299,175,1,-1,-1,-1
1124,249,518,652,304,172,1,-1,-1,-1
1125,249,510,648,301,174,1,-1,-1,-1
1126,249,508,646,293,178,1,-1,-1,-1
1127,249,486,637,293,190,1,-1,-1,-1
1128,249,481,640,296,186,1,-1,-1,-1
1129,249,474,642,295,184,1,-1,-1,-1
1130,249,469,643,290,184,1,-1,-1,-1
1131,249,463,640,287,188,1,-1,-1,-1
1132,249,459,639,287,191,1,-1,-1,-1
1133,249,455,638,290,196,1,-1,-1,-1
1134,249,455,637,287,200,1,-1,-1,-1
1135,249,434,638,297,213,1,-1,-1,-1
1136,249,433,636,293,222,1,-1,-1,-1
1137,249,431,636,288,227,1,-1,-1,-1
1138,249,430,637,282,226,1,-1,-1,-1
1139,249,430,641,275,222,1,-1,-1,-1
1140,249,430,644,272,225,1,-1,-1,-1
1141,249,430,646,269,228,1,-1,-1,-1
1142,249,430,649,265,231,1,-1,-1,-1
1143,249,430,651,262,234,1,-1,-1,-1
1144,249,430,654,259,237,1,-1,-1,-1
1145,249,431,656,256,240,1,-1,-1,-1
1146,249,431,659,253,243,1,-1,-1,-1
1147,249,431,661,250,246,1,-1,-1,-1
1148,249,431,664,246,249,1,-1,-1,-1
1149,249,431,666,243,252,1,-1,-1,-1
1150,249,431,669,240,255,1,-1,-1,-1
1151,249,432,673,242,258,1,-1,-1,-1
1152,249,433,676,244,261,1,-1,-1,-1
1153,249,435,680,246,264,1,-1,-1,-1
1154,249,436,684,248,267,1,-1,-1,-1
1155,249,437,687,249,269,1,-1,-1,-1
1156,249,438,691,251,272,1,-1,-1,-1
1157,249,440,695,253,275,1,-1,-1,-1
1158,249,441,698,255,278,1,-1,-1,-1
1159,249,442,702,257,281,1,-1,-1,-1
1160,249,443,703,257,285,1,-1,-1,-1
1161,249,443,712,265,292,1,-1,-1,-1
1162,249,442,720,272,299,1,-1,-1,-1
1163,249,437,718,277,315,1,-1,-1,-1
1164,249,431,717,282,328,1,-1,-1,-1
1165,249,413,727,308,325,1,-1,-1,-1
1166,249,401,735,318,325,1,-1,-1,-1
1167,249,389,743,323,326,1,-1,-1,-1
1168,249,377,750,329,325,1,-1,-1,-1
1169,249,358,756,343,327,1,-1,-1,-1
1170,249,334,760,365,332,1,-1,-1,-1
1171,249,310,761,394,340,1,-1,-1,-1
1172,249,256,769,435,342,1,-1,-1,-1
1173,249,221,765,470,359,1,-1,-1,-1
1174,249,185,762,493,371,1,-1,-1,-1
1175,249,94,759,560,385,1,-1,-1,-1
1176,249,40,786,611,370,1,-1,-1,-1
1177,249,0,785,640,376,1,-1,-1,-1
1178,249,0,781,565,404,1,-1,-1,-1
1179,249,0,779,546,413,1,-1,-1,-1
1264,250,0,1071,1014,751,1,-1,-1,-1
1265,250,19,1075,1121,665,1,-1,-1,-1
1266,250,240,1073,990,598,1,-1,-1,-1
1267,250,460,1071,859,530,1,-1,-1,-1
1268,250,609,1068,767,499,1,-1,-1,-1
1269,250,758,1064,674,468,1,-1,-1,-1
1270,250,859,1070,620,428,1,-1,-1,-1
1271,250,960,1075,567,389,1,-1,-1,-1
1272,250,1048,1079,558,367,1,-1,-1,-1
1273,250,1098,1071,515,337,1,-1,-1,-1
1274,250,1197,1067,461,331,1,-1,-1,-1
1275,250,1226,1070,457,304,1,-1,-1,-1
1276,250,1321,1063,387,295,1,-1,-1,-1
1277,250,1365,1060,358,277,1,-1,-1,-1
1278,250,1390,1060,343,266,1,-1,-1,-1
1279,250,1434,1054,327,264,1,-1,-1,-1
1280,250,1466,1065,294,234,1,-1,-1,-1
1281,250,1504,1064,277,219,1,-1,-1,-1
1282,250,1522,1059,270,218,1,-1,-1,-1
1283,250,1543,1055,257,211,1,-1,-1,-1
1284,250,1563,1051,243,204,1,-1,-1,-1
1285,250,1584,1047,230,197,1,-1,-1,-1
1286,250,1595,1045,224,190,1,-1,-1,-1
1287,250,1605,1042,218,185,1,-1,-1,-1
1288,250,1626,1039,208,180,1,-1,-1,-1
1289,250,1635,1035,196,180,1,-1,-1,-1
1290,250,1644,1031,187,180,1,-1,-1,-1
1291,250,1652,1028,182,177,1,-1,-1,-1
1292,250,1660,1027,176,172,1,-1,-1,-1
1293,250,1671,1026,169,151,1,-1,-1,-1
1294,250,1676,1025,165,147,1,-1,-1,-1
1295,250,1680,1024,160,142,1,-1,-1,-1
1296,250,1685,1023,156,138,1,-1,-1,-1
1297,250,1688,1019,154,136,1,-1,-1,-1
1298,250,1690,1015,151,138,1,-1,-1,-1
1299,250,1692,1012,150,135,1,-1,-1,-1
1300,250,1694,1009,146,133,1,-1,-1,-1
1301,250,1700,1000,152,138,1,-1,-1,-1
1302,250,1701,998,151,136,1,-1,-1,-1
1303,250,1703,999,147,129,1,-1,-1,-1
1304,250,1705,996,145,128,1,-1,-1,-1
1305,250,1707,994,143,127,1,-1,-1,-1
1306,250,1709,991,141,125,1,-1,-1,-1
1307,250,1711,988,139,124,1,-1,-1,-1
1308,250,1712,985,136,123,1,-1,-1,-1
1309,250,1714,984,133,121,1,-1,-1,-1
1310,250,1715,982,130,118,1,-1,-1,-1
1311,250,1717,981,127,116,1,-1,-1,-1
1312,250,1719,980,124,114,1,-1,-1,-1
1313,250,1721,979,121,112,1,-1,-1,-1
1314,250,1722,977,119,109,1,-1,-1,-1
1315,250,1724,976,116,107,1,-1,-1,-1
1316,250,1726,975,113,105,1,-1,-1,-1
1317,250,1728,974,110,103,1,-1,-1,-1
1318,250,1729,972,107,100,1,-1,-1,-1
1319,250,1731,971,104,98,1,-1,-1,-1
1320,250,1732,970,102,96,1,-1,-1,-1
1321,250,1733,969,100,95,1,-1,-1,-1
1322,250,1733,969,98,93,1,-1,-1,-1
1323,250,1734,968,96,91,1,-1,-1,-1
1324,250,1735,967,94,89,1,-1,-1,-1
1325,250,1736,966,92,88,1,-1,-1,-1
1326,250,1736,965,90,86,1,-1,-1,-1
1327,250,1737,964,88,84,1,-1,-1,-1
1328,250,1738,964,86,82,1,-1,-1,-1
1329,250,1739,963,84,81,1,-1,-1,-1
1330,250,1739,962,82,79,1,-1,-1,-1
1331,250,1740,961,80,77,1,-1,-1,-1
1352,251,1662,941,76,69,1,-1,-1,-1
1353,251,1660,942,78,70,1,-1,-1,-1
1354,251,1657,943,80,72,1,-1,-1,-1
1355,251,1655,944,82,73,1,-1,-1,-1
1356,251,1653,946,84,75,1,-1,-1,-1
1357,251,1650,947,85,76,1,-1,-1,-1
1358,251,1648,948,87,77,1,-1,-1,-1
1359,251,1645,949,89,79,1,-1,-1,-1
1360,251,1643,950,91,80,1,-1,-1,-1
1361,251,1637,952,95,82,1,-1,-1,-1
1362,251,1632,954,99,84,1,-1,-1,-1
1363,251,1626,956,103,85,1,-1,-1,-1
1364,251,1620,959,107,87,1,-1,-1,-1
1365,251,1614,961,111,89,1,-1,-1,-1
1366,251,1609,963,115,91,1,-1,-1,-1
1367,251,1603,965,119,92,1,-1,-1,-1
1368,251,1597,967,123,94,1,-1,-1,-1
1369,251,1590,965,123,99,1,-1,-1,-1
1370,251,1583,963,127,103,1,-1,-1,-1
1371,251,1570,962,136,109,1,-1,-1,-1
1372,251,1556,962,152,113,1,-1,-1,-1
1373,251,1545,967,146,117,1,-1,-1,-1
1374,251,1538,958,150,134,1,-1,-1,-1
1375,251,1524,961,155,134,1,-1,-1,-1
1376,251,1510,964,160,132,1,-1,-1,-1
1377,251,1503,966,158,128,1,-1,-1,-1
1378,251,1473,970,171,134,1,-1,-1,-1
1379,251,1457,969,175,139,1,-1,-1,-1
1380,251,1441,967,186,144,1,-1,-1,-1
1381,251,1404,970,200,145,1,-1,-1,-1
1382,251,1384,973,210,145,1,-1,-1,-1
1383,251,1344,970,226,153,1,-1,-1,-1
1384,251,1326,968,233,160,1,-1,-1,-1
1385,251,1276,963,255,176,1,-1,-1,-1
1386,251,1221,964,283,177,1,-1,-1,-1
1387,251,1209,960,284,187,1,-1,-1,-1
1388,251,1148,969,308,186,1,-1,-1,-1
1389,251,1077,963,340,199,1,-1,-1,-1
1390,251,1007,958,373,213,1,-1,-1,-1
1391,251,936,952,405,226,1,-1,-1,-1
1392,251,861,948,444,237,1,-1,-1,-1
1393,251,785,943,483,248,1,-1,-1,-1
1394,251,683,937,507,262,1,-1,-1,-1
1395,251,541,920,565,298,1,-1,-1,-1
1396,251,400,904,625,334,1,-1,-1,-1
1397,251,258,887,683,370,1,-1,-1,-1
1398,251,116,872,741,406,1,-1,-1,-1
1399,251,0,870,738,417,1,-1,-1,-1
1400,251,0,868,647,380,1,-1,-1,-1
1636,252,0,1045,954,600,1,-1,-1,-1
1637,252,192,1073,907,497,1,-1,-1,-1
1638,252,398,1071,798,457,1,-1,-1,-1
1639,252,603,1068,690,418,1,-1,-1,-1
1640,252,809,1066,581,378,1,-1,-1,-1
1641,252,910,1065,539,350,1,-1,-1,-1
1642,252,1011,1063,497,321,1,-1,-1,-1
1643,252,1112,1062,455,293,1,-1,-1,-1
1644,252,1213,1060,413,264,1,-1,-1,-1
1645,252,1252,1060,392,252,1,-1,-1,-1
1646,252,1334,1054,354,250,1,-1,-1,-1
1647,252,1409,1061,283,220,1,-1,-1,-1
1648,252,1442,1061,272,214,1,-1,-1,-1
1649,252,1474,1060,260,207,1,-1,-1,-1
1650,252,1502,1057,249,195,1,-1,-1,-1
1651,252,1529,1053,237,183,1,-1,-1,-1
1652,252,1551,1049,221,177,1,-1,-1,-1
1653,252,1583,1047,202,167,1,-1,-1,-1
1654,252,1600,1043,188,165,1,-1,-1,-1
1655,252,1619,1039,176,161,1,-1,-1,-1
1656,252,1629,1036,172,158,1,-1,-1,-1
1657,252,1648,1031,161,160,1,-1,-1,-1
1658,252,1651,1036,167,134,1,-1,-1,-1
1659,252,1660,1034,164,131,1,-1,-1,-1
1660,252,1669,1029,158,131,1,-1,-1,-1
1661,252,1675,1025,154,129,1,-1,-1,-1
1662,252,1682,1018,149,130,1,-1,-1,-1
1663,252,1689,1013,144,130,1,-1,-1,-1
1664,252,1697,1016,136,118,1,-1,-1,-1
1665,252,1701,1012,131,116,1,-1,-1,-1
1666,252,1722,1008,114,114,1,-1,-1,-1
1667,252,1724,1006,112,116,1,-1,-1,-1
1668,252,1728,1007,108,111,1,-1,-1,-1
1669,252,1726,1002,117,100,1,-1,-1,-1
1670,252,1728,1000,114,98,1,-1,-1,-1
1671,252,1730,999,111,96,1,-1,-1,-1
1672,252,1732,997,107,94,1,-1,-1,-1
1673,252,1734,996,104,92,1,-1,-1,-1
1674,252,1736,994,101,90,1,-1,-1,-1
1675,252,1738,992,98,88,1,-1,-1,-1
1676,252,1740,991,94,86,1,-1,-1,-1
1677,252,1742,989,91,84,1,-1,-1,-1
1678,252,1743,988,90,83,1,-1,-1,-1
1679,252,1743,986,89,81,1,-1,-1,-1
1680,252,1744,985,88,80,1,-1,-1,-1
1681,252,1745,983,87,79,1,-1,-1,-1
1682,252,1746,982,86,78,1,-1,-1,-1
1683,252,1746,980,84,76,1,-1,-1,-1
1684,252,1747,979,83,75,1,-1,-1,-1
1685,252,1748,977,82,74,1,-1,-1,-1
1686,252,1748,976,81,72,1,-1,-1,-1
1687,252,1749,974,80,71,1,-1,-1,-1
1788,253,0,1071,999,682,1,-1,-1,-1
1789,253,191,1045,983,633,1,-1,-1,-1
1790,253,446,1061,821,550,1,-1,-1,-1
1791,253,701,1077,659,467,1,-1,-1,-1
1792,253,829,1072,607,429,1,-1,-1,-1
1793,253,956,1067,554,390,1,-1,-1,-1
1794,253,1084,1062,502,352,1,-1,-1,-1
1795,253,1193,1062,449,328,1,-1,-1,-1
1796,253,1234,1062,419,308,1,-1,-1,-1
1797,253,1330,1058,363,289,1,-1,-1,-1
1798,253,1372,1058,339,274,1,-1,-1,-1
1799,253,1450,1058,289,250,1,-1,-1,-1
1800,253,1471,1057,274,237,1,-1,-1,-1
1801,253,1512,1057,264,224,1,-1,-1,-1
1802,253,1536,1057,244,213,1,-1,-1,-1
1803,253,1570,1046,229,200,1,-1,-1,-1
1804,253,1588,1044,217,194,1,-1,-1,-1
1805,253,1607,1042,205,187,1,-1,-1,-1
1806,253,1620,1038,194,182,1,-1,-1,-1
1807,253,1639,1032,182,182,1,-1,-1,-1
1808,253,1648,1029,176,176,1,-1,-1,-1
1809,253,1656,1022,176,161,1,-1,-1,-1
1810,253,1672,1028,164,145,1,-1,-1,-1
1811,253,1679,1029,162,143,1,-1,-1,-1
1812,253,1686,1025,156,142,1,-1,-1,-1
1813,253,1690,1018,152,144,1,-1,-1,-1
1814,253,1693,1012,149,145,1,-1,-1,-1
1815,253,1700,1010,144,139,1,-1,-1,-1
1816,253,1707,1008,139,134,1,-1,-1,-1
1817,253,1714,1006,133,128,1,-1,-1,-1
1818,253,1721,1004,128,122,1,-1,-1,-1
1819,253,1722,1001,127,122,1,-1,-1,-1
1820,253,1723,999,125,121,1,-1,-1,-1
1821,253,1725,997,122,118,1,-1,-1,-1
1822,253,1728,994,118,115,1,-1,-1,-1
1823,253,1730,992,115,113,1,-1,-1,-1
1824,253,1732,990,112,110,1,-1,-1,-1
1825,253,1735,988,108,107,1,-1,-1,-1
1826,253,1737,985,105,104,1,-1,-1,-1
1827,253,1740,983,101,101,1,-1,-1,-1
1828,253,1742,981,98,98,1,-1,-1,-1
1829,253,1744,979,95,96,1,-1,-1,-1
1830,253,1747,976,91,93,1,-1,-1,-1
1831,253,1749,974,88,90,1,-1,-1,-1
1832,253,1748,973,87,89,1,-1,-1,-1
1833,253,1748,972,86,88,1,-1,-1,-1
1834,253,1747,970,85,87,1,-1,-1,-1
1835,253,1747,969,84,86,1,-1,-1,-1
1836,253,1746,968,82,86,1,-1,-1,-1
1837,253,1746,967,81,85,1,-1,-1,-1
1838,253,1745,965,80,84,1,-1,-1,-1
1839,253,1745,964,79,83,1,-1,-1,-1
1840,253,1744,963,78,82,1,-1,-1,-1
1901,258,0,470,401,359,1,-1,-1,-1
1902,258,0,478,420,359,1,-1,-1,-1
1903,258,0,486,438,359,1,-1,-1,-1
1904,258,0,493,457,359,1,-1,-1,-1
1905,258,0,501,475,359,1,-1,-1,-1
1906,258,0,509,494,359,1,-1,-1,-1
1907,258,4,514,524,363,1,-1,-1,-1
1908,258,7,518,553,366,1,-1,-1,-1
1909,258,53,523,525,365,1,-1,-1,-1
1910,258,58,518,530,376,1,-1,-1,-1
1911,258,68,521,529,377,1,-1,-1,-1
1912,258,82,526,523,375,1,-1,-1,-1
1913,258,99,532,517,375,1,-1,-1,-1
1914,258,115,540,509,370,1,-1,-1,-1
1915,258,125,547,507,367,1,-1,-1,-1
1916,258,137,561,541,350,1,-1,-1,-1
1917,258,139,563,545,355,1,-1,-1,-1
1918,258,150,564,534,356,1,-1,-1,-1
1919,258,157,570,533,360,1,-1,-1,-1
1920,258,164,575,532,365,1,-1,-1,-1
1921,258,172,581,531,369,1,-1,-1,-1
1922,258,179,586,530,374,1,-1,-1,-1
1923,258,186,592,529,378,1,-1,-1,-1
1924,258,196,595,527,378,1,-1,-1,-1
1925,258,201,597,530,378,1,-1,-1,-1
1926,258,203,598,535,381,1,-1,-1,-1
1927,258,203,596,540,385,1,-1,-1,-1
1928,258,205,597,541,387,1,-1,-1,-1
1929,258,208,599,542,388,1,-1,-1,-1
1930,258,209,602,547,389,1,-1,-1,-1
1931,258,208,604,551,391,1,-1,-1,-1
1932,258,235,600,537,400,1,-1,-1,-1
1933,258,243,600,528,406,1,-1,-1,-1
1934,258,255,600,515,409,1,-1,-1,-1
1935,258,266,603,507,410,1,-1,-1,-1
1936,258,276,611,504,408,1,-1,-1,-1
1937,258,284,618,506,410,1,-1,-1,-1
1938,258,292,626,515,409,1,-1,-1,-1
1939,258,299,630,526,411,1,-1,-1,-1
1940,258,307,634,534,415,1,-1,-1,-1
1941,258,318,633,525,424,1,-1,-1,-1
1942,258,339,650,525,421,1,-1,-1,-1
1943,258,360,667,525,418,1,-1,-1,-1
1944,258,373,678,531,414,1,-1,-1,-1
1945,258,385,688,545,418,1,-1,-1,-1
1946,258,395,697,558,421,1,-1,-1,-1
1947,258,448,713,539,417,1,-1,-1,-1
1948,258,469,728,540,415,1,-1,-1,-1
1949,258,491,742,540,405,1,-1,-1,-1
1950,258,518,757,559,410,1,-1,-1,-1
1951,258,545,771,578,414,1,-1,-1,-1
1952,258,563,777,592,422,1,-1,-1,-1
1953,258,615,792,590,415,1,-1,-1,-1
1954,258,644,798,585,425,1,-1,-1,-1
1955,258,678,810,567,419,1,-1,-1,-1
1956,258,738,825,562,424,1,-1,-1,-1
1957,258,787,845,560,417,1,-1,-1,-1
1958,258,836,865,557,409,1,-1,-1,-1
1959,258,862,864,557,422,1,-1,-1,-1
1960,258,926,872,559,421,1,-1,-1,-1
1961,258,941,880,576,424,1,-1,-1,-1
1962,258,976,898,560,406,1,-1,-1,-1
1963,258,1034,916,570,394,1,-1,-1,-1
1964,258,1073,932,548,374,1,-1,-1,-1
1965,258,1117,945,547,368,1,-1,-1,-1
1966,258,1160,957,546,362,1,-1,-1,-1
1967,258,1196,963,523,352,1,-1,-1,-1
1968,258,1233,966,538,354,1,-1,-1,-1
1969,258,1257,990,538,354,1,-1,-1,-1
1970,258,1282,996,527,344,1,-1,-1,-1
1971,258,1329,1006,491,332,1,-1,-1,-1
1972,258,1376,1015,455,319,1,-1,-1,-1
1973,258,1408,1023,436,310,1,-1,-1,-1
1974,258,1435,1032,426,299,1,-1,-1,-1
1975,254,1680,930,73,78,1,-1,-1,-1
1975,258,1467,1037,410,290,1,-1,-1,-1
1976,254,1679,931,74,78,1,-1,-1,-1
1976,258,1498,1041,393,281,1,-1,-1,-1
1977,254,1678,931,75,79,1,-1,-1,-1
1977,258,1528,1043,364,276,1,-1,-1,-1
1978,254,1677,932,76,79,1,-1,-1,-1
1978,258,1559,1047,340,270,1,-1,-1,-1
1979,254,1676,932,77,80,1,-1,-1,-1
1979,258,1582,1051,325,262,1,-1,-1,-1
1980,254,1675,933,79,80,1,-1,-1,-1
1980,258,1598,1052,312,257,1,-1,-1,-1
1981,254,1673,933,80,80,1,-1,-1,-1
1981,258,1614,1054,299,252,1,-1,-1,-1
1982,254,1672,934,81,81,1,-1,-1,-1
1982,258,1630,1055,286,247,1,-1,-1,-1
1983,254,1671,934,82,81,1,-1,-1,-1
1983,258,1645,1056,272,242,1,-1,-1,-1
1984,254,1670,935,83,82,1,-1,-1,-1
1984,258,1661,1058,259,237,1,-1,-1,-1
1985,254,1669,935,84,82,1,-1,-1,-1
1985,258,1677,1059,246,232,1,-1,-1,-1
1986,254,1668,936,86,83,1,-1,-1,-1
1986,258,1687,1055,239,231,1,-1,-1,-1
1987,254,1666,936,88,84,1,-1,-1,-1
1987,258,1697,1052,227,228,1,-1,-1,-1
1988,254,1665,937,90,85,1,-1,-1,-1
1988,258,1715,1054,224,221,1,-1,-1,-1
1989,254,1663,937,92,86,1,-1,-1,-1
1989,258,1719,1056,217,212,1,-1,-1,-1
1990,254,1662,938,94,88,1,-1,-1,-1
1990,258,1732,1047,205,199,1,-1,-1,-1
1991,254,1660,939,95,89,1,-1,-1,-1
1991,258,1735,1047,201,197,1,-1,-1,-1
1992,254,1659,939,97,90,1,-1,-1,-1
1992,258,1739,1046,197,194,1,-1,-1,-1
1993,254,1657,940,99,91,1,-1,-1,-1
1993,258,1743,1042,193,193,1,-1,-1,-1
1994,254,1656,940,101,92,1,-1,-1,-1
1994,258,1747,1037,189,192,1,-1,-1,-1
1995,254,1654,941,103,93,1,-1,-1,-1
1995,258,1752,1033,185,191,1,-1,-1,-1
1996,254,1652,942,104,95,1,-1,-1,-1
1996,258,1756,1028,181,190,1,-1,-1,-1
1997,254,1650,943,105,96,1,-1,-1,-1
1997,258,1760,1024,177,189,1,-1,-1,-1
1998,254,1648,943,105,98,1,-1,-1,-1
1998,258,1764,1019,173,188,1,-1,-1,-1
1999,254,1645,944,106,99,1,-1,-1,-1
1999,258,1766,1018,170,181,1,-1,-1,-1
2000,254,1643,945,107,101,1,-1,-1,-1
2000,258,1769,1017,167,174,1,-1,-1,-1
2001,254,1641,946,108,103,1,-1,-1,-1
2001,258,1771,1017,163,168,1,-1,-1,-1
2002,254,1639,946,108,104,1,-1,-1,-1
2002,258,1774,1016,160,161,1,-1,-1,-1
2003,254,1637,947,109,106,1,-1,-1,-1
2003,258,1776,1015,157,154,1,-1,-1,-1
2004,254,1635,948,110,107,1,-1,-1,-1
2004,258,1777,1016,155,149,1,-1,-1,-1
2005,254,1632,949,111,109,1,-1,-1,-1
2005,258,1776,1013,154,145,1,-1,-1,-1
2006,254,1630,949,111,110,1,-1,-1,-1
2006,258,1774,1007,153,145,1,-1,-1,-1
2007,254,1628,950,112,112,1,-1,-1,-1
2007,258,1773,1002,152,146,1,-1,-1,-1
2008,254,1624,950,116,116,1,-1,-1,-1
2008,258,1773,1001,151,143,1,-1,-1,-1
2009,254,1619,949,119,120,1,-1,-1,-1
2009,258,1773,999,151,139,1,-1,-1,-1
2010,254,1615,949,123,125,1,-1,-1,-1
2010,258,1771,998,151,135,1,-1,-1,-1
2011,254,1611,948,127,129,1,-1,-1,-1
2011,258,1768,997,150,133,1,-1,-1,-1
2012,254,1607,948,131,133,1,-1,-1,-1
2012,258,1767,996,147,134,1,-1,-1,-1
2013,254,1602,948,134,137,1,-1,-1,-1
2013,258,1767,993,144,132,1,-1,-1,-1
2014,254,1598,947,138,141,1,-1,-1,-1
2014,258,1766,990,140,131,1,-1,-1,-1
2015,254,1594,947,142,146,1,-1,-1,-1
2015,258,1766,987,137,129,1,-1,-1,-1
2016,254,1589,946,145,150,1,-1,-1,-1
2016,258,1766,984,133,128,1,-1,-1,-1
2017,254,1585,946,149,154,1,-1,-1,-1
2017,258,1765,980,130,126,1,-1,-1,-1
2018,254,1579,947,151,155,1,-1,-1,-1
2018,258,1765,977,126,124,1,-1,-1,-1
2019,254,1573,948,153,156,1,-1,-1,-1
2019,258,1764,974,123,123,1,-1,-1,-1
2020,254,1567,949,156,158,1,-1,-1,-1
2020,258,1764,971,119,121,1,-1,-1,-1
2021,254,1561,950,158,160,1,-1,-1,-1
2021,258,1763,969,117,120,1,-1,-1,-1
2022,254,1555,950,161,161,1,-1,-1,-1
2022,258,1761,967,115,118,1,-1,-1,-1
2023,254,1549,951,164,163,1,-1,-1,-1
2023,258,1760,965,113,117,1,-1,-1,-1
2024,254,1542,952,166,164,1,-1,-1,-1
2024,258,1758,962,110,116,1,-1,-1,-1
2025,254,1536,953,168,165,1,-1,-1,-1
2025,258,1757,960,108,114,1,-1,-1,-1
2026,254,1530,953,172,167,1,-1,-1,-1
2026,258,1755,958,106,113,1,-1,-1,-1
2027,254,1374,949,252,217,1,-1,-1,-1
2027,258,1749,945,93,98,1,-1,-1,-1
2028,254,1349,958,263,209,1,-1,-1,-1
2028,258,1749,944,92,97,1,-1,-1,-1
2029,254,1326,966,275,202,1,-1,-1,-1
2029,258,1748,943,91,97,1,-1,-1,-1
2030,254,1305,962,288,209,1,-1,-1,-1
2030,258,1748,942,90,96,1,-1,-1,-1
2031,254,1278,967,278,205,1,-1,-1,-1
2031,258,1748,942,89,95,1,-1,-1,-1
2032,254,1251,957,306,219,1,-1,-1,-1
2032,258,1748,941,88,94,1,-1,-1,-1
2033,254,1237,954,309,223,1,-1,-1,-1
2033,258,1747,940,87,94,1,-1,-1,-1
2034,254,1193,956,326,222,1,-1,-1,-1
2034,258,1747,939,86,93,1,-1,-1,-1
2035,254,1142,958,374,220,1,-1,-1,-1
2036,254,1112,955,387,224,1,-1,-1,-1
2037,254,1058,952,406,235,1,-1,-1,-1
2038,254,1027,947,417,239,1,-1,-1,-1
2039,254,987,944,444,245,1,-1,-1,-1
2040,254,918,940,459,257,1,-1,-1,-1
2041,254,879,933,481,267,1,-1,-1,-1
2042,254,784,928,524,279,1,-1,-1,-1
2043,254,743,919,553,293,1,-1,-1,-1
2044,254,649,911,579,312,1,-1,-1,-1
2045,254,559,891,624,335,1,-1,-1,-1
2046,254,468,870,670,359,1,-1,-1,-1
2047,254,378,850,715,382,1,-1,-1,-1
2048,254,287,829,760,405,1,-1,-1,-1
2049,254,108,843,820,388,1,-1,-1,-1
2050,254,45,835,795,396,1,-1,-1,-1
2051,254,0,827,762,410,1,-1,-1,-1
2173,256,1673,935,63,54,1,-1,-1,-1
2174,256,1671,935,66,57,1,-1,-1,-1
2175,256,1669,934,68,59,1,-1,-1,-1
2176,256,1667,934,71,62,1,-1,-1,-1
2177,256,1664,934,73,64,1,-1,-1,-1
2178,256,1662,933,76,67,1,-1,-1,-1
2179,256,1660,933,78,69,1,-1,-1,-1
2180,255,727,1146,618,430,1,-1,-1,-1
2180,256,1639,950,92,82,1,-1,-1,-1
2181,255,870,1144,551,388,1,-1,-1,-1
2181,256,1633,952,96,84,1,-1,-1,-1
2182,255,1012,1142,484,346,1,-1,-1,-1
2182,256,1628,953,100,86,1,-1,-1,-1
2183,255,1107,1138,455,312,1,-1,-1,-1
2183,256,1622,955,104,88,1,-1,-1,-1
2184,255,1202,1133,426,278,1,-1,-1,-1
2184,256,1616,956,109,90,1,-1,-1,-1
2185,255,1271,1125,381,267,1,-1,-1,-1
2185,256,1610,958,113,92,1,-1,-1,-1
2186,255,1339,1116,337,255,1,-1,-1,-1
2186,256,1605,959,117,94,1,-1,-1,-1
2187,255,1408,1108,292,244,1,-1,-1,-1
2187,256,1599,961,121,96,1,-1,-1,-1
2188,255,1458,1098,276,239,1,-1,-1,-1
2188,256,1595,964,121,96,1,-1,-1,-1
2189,255,1494,1096,262,224,1,-1,-1,-1
2189,256,1587,963,124,99,1,-1,-1,-1
2190,255,1529,1093,248,209,1,-1,-1,-1
2190,256,1579,961,129,105,1,-1,-1,-1
2191,255,1541,1091,243,202,1,-1,-1,-1
2191,256,1569,961,134,109,1,-1,-1,-1
2192,255,1585,1083,226,194,1,-1,-1,-1
2192,256,1566,962,130,111,1,-1,-1,-1
2193,255,1604,1081,211,186,1,-1,-1,-1
2193,256,1539,968,147,109,1,-1,-1,-1
2194,255,1639,1077,187,182,1,-1,-1,-1
2194,256,1528,968,154,111,1,-1,-1,-1
2195,255,1655,1079,174,167,1,-1,-1,-1
2195,256,1517,970,156,112,1,-1,-1,-1
2196,255,1667,1069,175,156,1,-1,-1,-1
2196,256,1505,961,161,131,1,-1,-1,-1
2197,255,1681,1067,165,151,1,-1,-1,-1
2197,256,1487,962,160,132,1,-1,-1,-1
2198,255,1687,1060,162,152,1,-1,-1,-1
2198,256,1475,965,162,130,1,-1,-1,-1
2199,255,1705,1061,150,141,1,-1,-1,-1
2199,256,1450,963,175,139,1,-1,-1,-1
2200,255,1709,1054,150,139,1,-1,-1,-1
2200,256,1422,964,185,141,1,-1,-1,-1
2201,255,1713,1050,150,134,1,-1,-1,-1
2201,256,1405,967,193,141,1,-1,-1,-1
2202,255,1726,1055,142,121,1,-1,-1,-1
2202,256,1389,967,200,144,1,-1,-1,-1
2203,255,1732,1050,140,123,1,-1,-1,-1
2203,256,1344,969,218,145,1,-1,-1,-1
2204,255,1738,1044,130,112,1,-1,-1,-1
2204,256,1295,965,240,151,1,-1,-1,-1
2205,255,1740,1043,131,110,1,-1,-1,-1
2205,256,1276,958,253,169,1,-1,-1,-1
2206,255,1744,1041,128,107,1,-1,-1,-1
2206,256,1215,958,286,177,1,-1,-1,-1
2207,255,1748,1038,123,105,1,-1,-1,-1
2207,256,1169,955,297,185,1,-1,-1,-1
2208,255,1754,1032,120,105,1,-1,-1,-1
2208,256,1123,951,307,192,1,-1,-1,-1
2209,255,1758,1027,116,106,1,-1,-1,-1
2209,256,1077,948,318,200,1,-1,-1,-1
2210,255,1759,1023,114,105,1,-1,-1,-1
2210,256,1001,941,359,214,1,-1,-1,-1
2211,255,1760,1021,113,102,1,-1,-1,-1
2211,256,925,933,400,227,1,-1,-1,-1
2212,255,1760,1018,111,101,1,-1,-1,-1
2212,256,815,929,446,237,1,-1,-1,-1
2213,255,1761,1015,108,99,1,-1,-1,-1
2213,256,691,916,506,256,1,-1,-1,-1
2214,255,1761,1012,106,98,1,-1,-1,-1
2214,256,599,907,520,266,1,-1,-1,-1
2215,255,1761,1009,103,96,1,-1,-1,-1
2215,256,507,898,533,276,1,-1,-1,-1
2216,255,1762,1006,101,95,1,-1,-1,-1
2216,256,323,872,630,312,1,-1,-1,-1
2217,255,1762,1004,99,94,1,-1,-1,-1
2217,256,138,846,727,348,1,-1,-1,-1
2218,255,1762,1001,96,92,1,-1,-1,-1
2218,256,0,848,714,342,1,-1,-1,-1
2219,255,1763,998,94,91,1,-1,-1,-1
2220,255,1763,995,91,89,1,-1,-1,-1
2221,255,1763,992,89,88,1,-1,-1,-1
2222,255,1764,989,86,86,1,-1,-1,-1
2223,255,1764,986,84,85,1,-1,-1,-1
2224,255,1763,985,83,83,1,-1,-1,-1
2225,255,1761,983,82,81,1,-1,-1,-1
2226,255,1760,982,81,79,1,-1,-1,-1
2227,255,1759,980,81,77,1,-1,-1,-1
2228,255,1758,979,80,75,1,-1,-1,-1
2229,255,1756,977,79,73,1,-1,-1,-1
2230,255,1755,976,78,71,1,-1,-1,-1
