1,258,1524,349,255,242,1,-1,-1,-1
2,258,1524,349,255,242,1,-1,-1,-1
3,258,1524,349,255,242,1,-1,-1,-1
4,258,1524,349,255,242,1,-1,-1,-1
5,258,1524,349,255,242,1,-1,-1,-1
6,258,1524,349,255,242,1,-1,-1,-1
7,258,1524,349,255,242,1,-1,-1,-1
8,258,1524,349,255,242,1,-1,-1,-1
9,258,1524,349,255,242,1,-1,-1,-1
10,258,1524,349,255,242,1,-1,-1,-1
11,258,1524,349,255,242,1,-1,-1,-1
12,258,1524,349,255,242,1,-1,-1,-1
13,258,1524,349,255,242,1,-1,-1,-1
14,258,1524,349,255,242,1,-1,-1,-1
15,258,1524,349,255,242,1,-1,-1,-1
16,258,1524,349,255,242,1,-1,-1,-1
17,258,1524,349,255,242,1,-1,-1,-1
18,258,1524,349,255,242,1,-1,-1,-1
19,258,1524,349,255,242,1,-1,-1,-1
20,258,1524,349,255,242,1,-1,-1,-1
21,258,1524,349,255,242,1,-1,-1,-1
22,258,1524,349,255,242,1,-1,-1,-1
23,258,1524,349,255,242,1,-1,-1,-1
24,258,1524,349,255,242,1,-1,-1,-1
25,258,1524,349,255,242,1,-1,-1,-1
26,258,1524,349,255,242,1,-1,-1,-1
27,258,1524,349,255,242,1,-1,-1,-1
28,258,1524,349,255,242,1,-1,-1,-1
29,258,1524,349,255,242,1,-1,-1,-1
30,258,1524,349,255,242,1,-1,-1,-1
31,258,1524,349,255,242,1,-1,-1,-1
32,258,1524,349,255,242,1,-1,-1,-1
33,258,1524,349,255,242,1,-1,-1,-1
34,258,1524,349,255,242,1,-1,-1,-1
35,258,1524,349,255,242,1,-1,-1,-1
36,258,1524,349,255,242,1,-1,-1,-1
37,258,1524,349,255,242,1,-1,-1,-1
38,258,1524,349,255,242,1,-1,-1,-1
39,258,1524,349,255,242,1,-1,-1,-1
40,258,1524,349,255,242,1,-1,-1,-1
41,258,1524,349,255,242,1,-1,-1,-1
42,258,1524,349,255,242,1,-1,-1,-1
43,258,1524,349,255,242,1,-1,-1,-1
44,258,1524,349,255,242,1,-1,-1,-1
45,258,1524,349,255,242,1,-1,-1,-1
46,258,1524,349,255,242,1,-1,-1,-1
47,258,1524,349,255,242,1,-1,-1,-1
48,258,1524,349,255,242,1,-1,-1,-1
49,258,1524,349,255,242,1,-1,-1,-1
50,258,1524,349,255,242,1,-1,-1,-1
51,258,1524,349,255,242,1,-1,-1,-1
52,258,1524,349,255,242,1,-1,-1,-1
53,258,1524,349,255,242,1,-1,-1,-1
54,258,1524,349,255,242,1,-1,-1,-1
55,258,1524,349,255,242,1,-1,-1,-1
56,258,1524,349,255,242,1,-1,-1,-1
57,258,1524,349,255,242,1,-1,-1,-1
58,258,1524,349,255,242,1,-1,-1,-1
59,258,1524,349,255,242,1,-1,-1,-1
60,258,1524,349,255,242,1,-1,-1,-1
61,258,1524,349,255,242,1,-1,-1,-1
62,258,1524,349,255,242,1,-1,-1,-1
63,258,1524,349,255,242,1,-1,-1,-1
64,258,1524,349,255,242,1,-1,-1,-1
65,258,1524,349,255,242,1,-1,-1,-1
66,258,1524,349,255,242,1,-1,-1,-1
67,258,1524,349,255,242,1,-1,-1,-1
68,258,1524,349,255,242,1,-1,-1,-1
69,258,1524,349,255,242,1,-1,-1,-1
70,258,1524,349,255,242,1,-1,-1,-1
71,258,1524,349,255,242,1,-1,-1,-1
72,258,1524,349,255,242,1,-1,-1,-1
73,258,1524,349,255,242,1,-1,-1,-1
74,258,1524,349,255,242,1,-1,-1,-1
75,258,1524,349,255,242,1,-1,-1,-1
76,258,1524,349,255,242,1,-1,-1,-1
77,258,1524,349,255,242,1,-1,-1,-1
78,258,1524,349,255,242,1,-1,-1,-1
79,258,1524,349,255,242,1,-1,-1,-1
80,258,1524,349,255,242,1,-1,-1,-1
81,258,1524,349,255,242,1,-1,-1,-1
82,258,1524,349,255,242,1,-1,-1,-1
83,258,1524,349,255,242,1,-1,-1,-1
84,258,1524,349,255,242,1,-1,-1,-1
85,258,1524,349,255,242,1,-1,-1,-1
86,258,1524,349,255,242,1,-1,-1,-1
87,258,1524,349,255,242,1,-1,-1,-1
88,258,1524,349,255,242,1,-1,-1,-1
89,258,1524,349,255,242,1,-1,-1,-1
90,258,1524,349,255,242,1,-1,-1,-1
91,258,1524,349,255,242,1,-1,-1,-1
92,258,1524,349,255,242,1,-1,-1,-1
93,258,1524,349,255,242,1,-1,-1,-1
94,258,1524,349,255,242,1,-1,-1,-1
95,258,1524,349,255,242,1,-1,-1,-1
96,258,1524,349,255,242,1,-1,-1,-1
97,258,1524,349,255,242,1,-1,-1,-1
98,258,1524,349,255,242,1,-1,-1,-1
99,258,1524,349,255,242,1,-1,-1,-1
100,258,1524,349,255,242,1,-1,-1,-1
101,258,1524,349,255,242,1,-1,-1,-1
102,258,1524,349,255,242,1,-1,-1,-1
103,258,1524,349,255,242,1,-1,-1,-1
104,258,1524,349,255,242,1,-1,-1,-1
105,258,1524,349,255,242,1,-1,-1,-1
106,258,1524,349,255,242,1,-1,-1,-1
107,258,1524,349,255,242,1,-1,-1,-1
108,258,1524,349,255,242,1,-1,-1,-1
109,258,1524,349,255,242,1,-1,-1,-1
110,258,1524,349,255,242,1,-1,-1,-1
111,258,1524,349,255,242,1,-1,-1,-1
112,258,1524,349,255,242,1,-1,-1,-1
113,258,1524,349,255,242,1,-1,-1,-1
114,258,1524,349,255,242,1,-1,-1,-1
115,258,1524,349,255,242,1,-1,-1,-1
116,258,1524,349,255,242,1,-1,-1,-1
117,258,1524,349,255,242,1,-1,-1,-1
118,258,1524,349,255,242,1,-1,-1,-1
119,258,1524,349,255,242,1,-1,-1,-1
120,258,1524,349,255,242,1,-1,-1,-1
121,258,1524,349,255,242,1,-1,-1,-1
122,258,1524,349,255,242,1,-1,-1,-1
123,258,1524,349,255,242,1,-1,-1,-1
124,258,1524,349,255,242,1,-1,-1,-1
125,258,1524,349,255,242,1,-1,-1,-1
126,258,1524,349,255,242,1,-1,-1,-1
127,258,1524,349,255,242,1,-1,-1,-1
128,258,1524,349,255,242,1,-1,-1,-1
129,258,1524,349,255,242,1,-1,-1,-1
130,258,1524,349,255,242,1,-1,-1,-1
131,258,1524,349,255,242,1,-1,-1,-1
132,258,1524,349,255,242,1,-1,-1,-1
133,258,1524,349,255,242,1,-1,-1,-1
134,258,1524,349,255,242,1,-1,-1,-1
135,258,1524,349,255,242,1,-1,-1,-1
136,258,1524,349,255,242,1,-1,-1,-1
137,258,1524,349,255,242,1,-1,-1,-1
138,258,1524,349,255,242,1,-1,-1,-1
139,258,1524,349,255,242,1,-1,-1,-1
140,258,1524,349,255,242,1,-1,-1,-1
141,258,1524,349,255,242,1,-1,-1,-1
142,258,1524,349,255,242,1,-1,-1,-1
143,258,1524,349,255,242,1,-1,-1,-1
144,258,1524,349,255,242,1,-1,-1,-1
145,258,1524,349,255,242,1,-1,-1,-1
146,258,1524,349,255,242,1,-1,-1,-1
147,258,1524,349,255,242,1,-1,-1,-1
148,258,1524,349,255,242,1,-1,-1,-1
149,258,1524,349,255,242,1,-1,-1,-1
150,258,1524,349,255,242,1,-1,-1,-1
151,258,1524,349,255,242,1,-1,-1,-1
152,258,1524,349,255,242,1,-1,-1,-1
153,258,1524,349,255,242,1,-1,-1,-1
154,258,1524,349,255,242,1,-1,-1,-1
155,258,1524,349,255,242,1,-1,-1,-1
156,258,1524,349,255,242,1,-1,-1,-1
157,258,1524,349,255,242,1,-1,-1,-1
158,258,1524,349,255,242,1,-1,-1,-1
159,258,1524,349,255,242,1,-1,-1,-1
160,258,1524,349,255,242,1,-1,-1,-1
161,258,1524,349,255,242,1,-1,-1,-1
162,258,1524,349,255,242,1,-1,-1,-1
163,258,1524,349,255,242,1,-1,-1,-1
164,258,1524,349,255,242,1,-1,-1,-1
165,258,1524,349,255,242,1,-1,-1,-1
166,258,1524,349,255,242,1,-1,-1,-1
167,258,1524,349,255,242,1,-1,-1,-1
168,258,1524,349,255,242,1,-1,-1,-1
169,258,1524,349,255,242,1,-1,-1,-1
170,258,1524,349,255,242,1,-1,-1,-1
171,258,1524,349,255,242,1,-1,-1,-1
172,258,1524,349,255,242,1,-1,-1,-1
173,258,1524,349,255,242,1,-1,-1,-1
174,258,1524,349,255,242,1,-1,-1,-1
175,258,1524,349,255,242,1,-1,-1,-1
176,258,1524,349,255,242,1,-1,-1,-1
177,258,1524,349,255,242,1,-1,-1,-1
178,258,1524,349,255,242,1,-1,-1,-1
179,258,1524,349,255,242,1,-1,-1,-1
180,258,1524,349,255,242,1,-1,-1,-1
181,258,1524,349,255,242,1,-1,-1,-1
182,258,1524,349,255,242,1,-1,-1,-1
183,258,1524,349,255,242,1,-1,-1,-1
184,258,1524,349,255,242,1,-1,-1,-1
185,258,1524,349,255,242,1,-1,-1,-1
186,258,1524,349,255,242,1,-1,-1,-1
187,258,1524,349,255,242,1,-1,-1,-1
188,258,1524,349,255,242,1,-1,-1,-1
189,258,1524,349,255,242,1,-1,-1,-1
190,258,1524,349,255,242,1,-1,-1,-1
191,258,1524,349,255,242,1,-1,-1,-1
192,258,1524,349,255,242,1,-1,-1,-1
193,258,1524,349,255,242,1,-1,-1,-1
194,258,1524,349,255,242,1,-1,-1,-1
195,258,1524,349,255,242,1,-1,-1,-1
196,258,1524,349,255,242,1,-1,-1,-1
197,258,1524,349,255,242,1,-1,-1,-1
198,258,1524,349,255,242,1,-1,-1,-1
199,258,1524,349,255,242,1,-1,-1,-1
200,258,1524,349,255,242,1,-1,-1,-1
201,258,1524,349,255,242,1,-1,-1,-1
202,258,1524,349,255,242,1,-1,-1,-1
203,258,1524,349,255,242,1,-1,-1,-1
204,258,1524,349,255,242,1,-1,-1,-1
205,258,1524,349,255,242,1,-1,-1,-1
206,258,1524,349,255,242,1,-1,-1,-1
207,258,1524,349,255,242,1,-1,-1,-1
208,258,1524,349,255,242,1,-1,-1,-1
209,258,1524,349,255,242,1,-1,-1,-1
210,258,1524,349,255,242,1,-1,-1,-1
211,258,1524,349,255,242,1,-1,-1,-1
212,242,6,984,1477,735,1,-1,-1,-1
212,258,1524,349,255,242,1,-1,-1,-1
213,242,453,1025,1527,735,1,-1,-1,-1
213,258,1524,349,255,242,1,-1,-1,-1
214,242,945,1066,1529,741,1,-1,-1,-1
214,258,1524,349,255,242,1,-1,-1,-1
215,258,1524,349,255,242,1,-1,-1,-1
216,258,1524,349,255,242,1,-1,-1,-1
217,258,1524,349,255,242,1,-1,-1,-1
218,258,1524,349,255,242,1,-1,-1,-1
219,258,1524,349,255,242,1,-1,-1,-1
220,258,1524,349,255,242,1,-1,-1,-1
221,258,1524,349,255,242,1,-1,-1,-1
222,258,1524,349,255,242,1,-1,-1,-1
223,258,1524,349,255,242,1,-1,-1,-1
224,258,1524,349,255,242,1,-1,-1,-1
225,258,1524,349,255,242,1,-1,-1,-1
226,258,1524,349,255,242,1,-1,-1,-1
227,258,1524,349,255,242,1,-1,-1,-1
228,258,1524,349,255,242,1,-1,-1,-1
229,258,1524,349,255,242,1,-1,-1,-1
230,258,1524,349,255,242,1,-1,-1,-1
231,258,1524,349,255,242,1,-1,-1,-1
232,258,1524,349,255,242,1,-1,-1,-1
233,258,1524,349,255,242,1,-1,-1,-1
234,258,1524,349,255,242,1,-1,-1,-1
235,258,1524,349,255,242,1,-1,-1,-1
236,258,1524,349,256,242,1,-1,-1,-1
237,258,1524,349,256,242,1,-1,-1,-1
238,258,1524,349,256,242,1,-1,-1,-1
239,258,1524,349,256,242,1,-1,-1,-1
240,258,1524,349,256,242,1,-1,-1,-1
241,258,1524,349,256,242,1,-1,-1,-1
242,258,1524,349,256,242,1,-1,-1,-1
243,258,1524,349,256,242,1,-1,-1,-1
244,258,1524,349,256,242,1,-1,-1,-1
245,258,1524,349,256,242,1,-1,-1,-1
246,258,1524,349,256,242,1,-1,-1,-1
247,258,1524,349,256,242,1,-1,-1,-1
248,258,1524,349,256,242,1,-1,-1,-1
249,258,1524,349,256,242,1,-1,-1,-1
250,258,1524,349,256,242,1,-1,-1,-1
251,258,1524,349,256,242,1,-1,-1,-1
252,258,1524,349,256,242,1,-1,-1,-1
253,258,1524,349,256,242,1,-1,-1,-1
254,258,1524,349,256,242,1,-1,-1,-1
255,258,1524,349,256,242,1,-1,-1,-1
256,258,1524,349,256,242,1,-1,-1,-1
257,258,1524,349,256,242,1,-1,-1,-1
258,258,1524,349,256,242,1,-1,-1,-1
259,258,1524,349,256,242,1,-1,-1,-1
260,258,1524,349,256,242,1,-1,-1,-1
261,258,1524,349,256,242,1,-1,-1,-1
262,258,1524,349,256,242,1,-1,-1,-1
263,258,1524,349,256,242,1,-1,-1,-1
264,258,1524,349,256,242,1,-1,-1,-1
265,258,1524,349,256,242,1,-1,-1,-1
266,258,1524,349,256,242,1,-1,-1,-1
267,258,1524,349,256,242,1,-1,-1,-1
268,258,1524,349,256,242,1,-1,-1,-1
269,258,1524,349,256,242,1,-1,-1,-1
270,258,1524,349,256,242,1,-1,-1,-1
271,258,1524,349,256,242,1,-1,-1,-1
272,258,1524,349,256,242,1,-1,-1,-1
273,258,1524,349,256,242,1,-1,-1,-1
274,258,1524,349,256,242,1,-1,-1,-1
275,258,1524,349,256,242,1,-1,-1,-1
276,258,1524,349,256,242,1,-1,-1,-1
277,258,1524,349,256,242,1,-1,-1,-1
278,258,1524,349,256,242,1,-1,-1,-1
279,258,1524,349,256,242,1,-1,-1,-1
280,258,1524,349,256,242,1,-1,-1,-1
281,258,1524,349,256,242,1,-1,-1,-1
282,258,1524,349,256,242,1,-1,-1,-1
283,258,1524,349,256,242,1,-1,-1,-1
284,258,1524,349,256,242,1,-1,-1,-1
285,258,1524,349,256,242,1,-1,-1,-1
286,258,1524,349,256,242,1,-1,-1,-1
287,258,1524,349,256,242,1,-1,-1,-1
288,258,1524,349,256,242,1,-1,-1,-1
289,258,1524,349,256,242,1,-1,-1,-1
290,258,1524,349,256,242,1,-1,-1,-1
291,258,1524,349,256,242,1,-1,-1,-1
292,258,1524,349,256,242,1,-1,-1,-1
293,258,1524,349,256,242,1,-1,-1,-1
294,258,1524,349,256,242,1,-1,-1,-1
295,258,1524,349,256,242,1,-1,-1,-1
296,258,1524,349,256,242,1,-1,-1,-1
297,258,1524,349,256,242,1,-1,-1,-1
298,258,1524,349,256,242,1,-1,-1,-1
299,258,1524,349,256,242,1,-1,-1,-1
300,258,1524,349,256,242,1,-1,-1,-1
301,258,1524,349,256,242,1,-1,-1,-1
302,258,1524,349,256,242,1,-1,-1,-1
303,258,1524,349,256,242,1,-1,-1,-1
304,258,1524,349,256,242,1,-1,-1,-1
305,258,1524,349,256,242,1,-1,-1,-1
306,258,1524,349,256,242,1,-1,-1,-1
307,258,1524,349,256,242,1,-1,-1,-1
308,258,1524,349,256,242,1,-1,-1,-1
309,258,1524,349,256,242,1,-1,-1,-1
310,258,1524,349,256,242,1,-1,-1,-1
311,258,1524,349,256,242,1,-1,-1,-1
312,258,1524,349,256,242,1,-1,-1,-1
313,258,1524,349,256,242,1,-1,-1,-1
314,258,1524,349,256,242,1,-1,-1,-1
315,258,1524,350,256,242,1,-1,-1,-1
316,258,1524,350,256,242,1,-1,-1,-1
317,258,1524,350,256,242,1,-1,-1,-1
318,258,1524,350,256,242,1,-1,-1,-1
319,258,1524,350,256,242,1,-1,-1,-1
320,258,1524,350,256,242,1,-1,-1,-1
321,258,1524,350,256,242,1,-1,-1,-1
322,258,1524,350,256,242,1,-1,-1,-1
323,258,1524,350,256,242,1,-1,-1,-1
324,258,1524,350,256,242,1,-1,-1,-1
325,258,1524,350,256,242,1,-1,-1,-1
326,258,1524,350,256,242,1,-1,-1,-1
327,258,1524,350,256,242,1,-1,-1,-1
328,258,1524,350,256,242,1,-1,-1,-1
329,258,1524,350,256,242,1,-1,-1,-1
330,258,1524,350,256,242,1,-1,-1,-1
331,258,1524,350,256,242,1,-1,-1,-1
332,258,1524,350,256,242,1,-1,-1,-1
333,258,1524,350,256,242,1,-1,-1,-1
334,258,1524,350,256,242,1,-1,-1,-1
335,258,1524,350,256,242,1,-1,-1,-1
336,258,1524,350,256,242,1,-1,-1,-1
337,258,1524,350,256,242,1,-1,-1,-1
338,258,1524,350,256,242,1,-1,-1,-1
339,258,1524,350,256,242,1,-1,-1,-1
340,258,1524,350,256,242,1,-1,-1,-1
341,258,1524,350,256,242,1,-1,-1,-1
342,258,1524,350,256,242,1,-1,-1,-1
343,258,1524,350,256,242,1,-1,-1,-1
344,258,1524,350,256,242,1,-1,-1,-1
345,258,1524,350,256,242,1,-1,-1,-1
346,258,1524,350,256,242,1,-1,-1,-1
347,258,1524,350,256,242,1,-1,-1,-1
348,258,1524,350,256,242,1,-1,-1,-1
349,258,1524,350,256,242,1,-1,-1,-1
350,258,1524,350,256,242,1,-1,-1,-1
351,258,1524,350,256,242,1,-1,-1,-1
352,258,1524,350,256,242,1,-1,-1,-1
353,258,1524,350,256,242,1,-1,-1,-1
354,258,1524,350,256,242,1,-1,-1,-1
355,258,1524,350,256,242,1,-1,-1,-1
356,258,1524,350,256,242,1,-1,-1,-1
357,258,1524,350,256,242,1,-1,-1,-1
358,258,1524,350,256,242,1,-1,-1,-1
359,258,1524,350,256,242,1,-1,-1,-1
360,258,1524,350,256,242,1,-1,-1,-1
361,258,1524,350,256,242,1,-1,-1,-1
362,258,1524,350,256,242,1,-1,-1,-1
363,258,1524,350,256,242,1,-1,-1,-1
364,258,1524,350,256,242,1,-1,-1,-1
365,258,1524,350,256,242,1,-1,-1,-1
366,258,1524,350,256,242,1,-1,-1,-1
367,258,1524,350,256,242,1,-1,-1,-1
368,258,1524,350,256,242,1,-1,-1,-1
369,258,1524,350,256,242,1,-1,-1,-1
370,258,1524,350,256,242,1,-1,-1,-1
371,258,1524,350,256,242,1,-1,-1,-1
372,258,1524,350,256,242,1,-1,-1,-1
373,258,1524,350,256,242,1,-1,-1,-1
374,258,1524,350,256,242,1,-1,-1,-1
375,258,1524,350,256,242,1,-1,-1,-1
376,258,1524,350,256,242,1,-1,-1,-1
377,258,1524,350,256,242,1,-1,-1,-1
378,258,1524,350,256,242,1,-1,-1,-1
379,258,1524,350,256,242,1,-1,-1,-1
380,258,1524,350,256,242,1,-1,-1,-1
381,258,1524,350,256,242,1,-1,-1,-1
382,258,1524,350,256,242,1,-1,-1,-1
383,258,1524,350,256,242,1,-1,-1,-1
384,258,1524,350,256,242,1,-1,-1,-1
385,258,1524,350,256,242,1,-1,-1,-1
386,258,1524,350,256,242,1,-1,-1,-1
387,258,1524,350,256,242,1,-1,-1,-1
388,258,1524,350,256,242,1,-1,-1,-1
389,258,1524,350,256,242,1,-1,-1,-1
390,258,1524,350,256,242,1,-1,-1,-1
391,258,1524,350,256,242,1,-1,-1,-1
392,258,1524,350,256,242,1,-1,-1,-1
393,258,1524,350,256,242,1,-1,-1,-1
394,258,1524,350,256,242,1,-1,-1,-1
395,258,1524,350,256,242,1,-1,-1,-1
396,258,1524,350,256,242,1,-1,-1,-1
397,258,1524,350,256,242,1,-1,-1,-1
398,258,1524,350,256,242,1,-1,-1,-1
399,258,1524,350,256,242,1,-1,-1,-1
400,258,1524,350,256,242,1,-1,-1,-1
401,258,1524,350,256,242,1,-1,-1,-1
402,258,1524,350,256,242,1,-1,-1,-1
403,258,1524,350,256,242,1,-1,-1,-1
404,258,1524,350,256,242,1,-1,-1,-1
405,258,1524,350,256,242,1,-1,-1,-1
406,258,1524,350,256,242,1,-1,-1,-1
407,258,1524,350,256,242,1,-1,-1,-1
408,258,1524,350,256,242,1,-1,-1,-1
409,258,1524,350,256,242,1,-1,-1,-1
410,258,1524,350,256,242,1,-1,-1,-1
411,258,1524,350,256,242,1,-1,-1,-1
412,258,1524,350,256,242,1,-1,-1,-1
413,258,1524,350,256,242,1,-1,-1,-1
414,258,1524,350,256,242,1,-1,-1,-1
415,258,1524,350,256,242,1,-1,-1,-1
416,258,1524,350,256,242,1,-1,-1,-1
417,258,1524,350,256,242,1,-1,-1,-1
418,258,1524,350,256,242,1,-1,-1,-1
419,258,1524,350,256,242,1,-1,-1,-1
420,258,1524,350,256,242,1,-1,-1,-1
421,258,1524,350,256,242,1,-1,-1,-1
422,258,1524,350,256,242,1,-1,-1,-1
423,258,1524,350,256,242,1,-1,-1,-1
424,258,1524,350,256,242,1,-1,-1,-1
425,258,1524,350,256,242,1,-1,-1,-1
426,258,1524,350,256,242,1,-1,-1,-1
427,258,1524,350,256,242,1,-1,-1,-1
428,258,1524,350,256,242,1,-1,-1,-1
429,258,1524,350,256,242,1,-1,-1,-1
430,258,1524,350,256,242,1,-1,-1,-1
431,258,1524,350,256,242,1,-1,-1,-1
432,258,1524,350,256,242,1,-1,-1,-1
433,258,1524,350,256,242,1,-1,-1,-1
434,258,1524,350,256,242,1,-1,-1,-1
435,258,1524,350,256,242,1,-1,-1,-1
436,258,1524,350,256,242,1,-1,-1,-1
437,258,1524,350,256,242,1,-1,-1,-1
438,258,1524,350,256,242,1,-1,-1,-1
439,258,1524,350,256,242,1,-1,-1,-1
440,258,1524,350,256,242,1,-1,-1,-1
441,258,1524,350,256,242,1,-1,-1,-1
442,258,1524,350,256,242,1,-1,-1,-1
443,258,1524,350,256,242,1,-1,-1,-1
444,258,1524,350,256,242,1,-1,-1,-1
445,258,1524,350,256,242,1,-1,-1,-1
446,258,1524,350,256,242,1,-1,-1,-1
447,258,1524,350,256,242,1,-1,-1,-1
448,258,1524,350,256,242,1,-1,-1,-1
449,258,1524,350,256,242,1,-1,-1,-1
450,258,1524,350,256,242,1,-1,-1,-1
451,258,1524,350,256,242,1,-1,-1,-1
452,258,1524,350,256,242,1,-1,-1,-1
453,258,1524,350,256,242,1,-1,-1,-1
454,258,1524,350,256,242,1,-1,-1,-1
455,258,1524,350,256,242,1,-1,-1,-1
456,258,1524,350,256,242,1,-1,-1,-1
457,258,1524,350,256,242,1,-1,-1,-1
458,258,1524,350,256,242,1,-1,-1,-1
459,258,1524,350,256,242,1,-1,-1,-1
460,258,1524,350,256,242,1,-1,-1,-1
461,258,1524,350,256,242,1,-1,-1,-1
462,258,1524,350,256,242,1,-1,-1,-1
463,258,1524,350,256,242,1,-1,-1,-1
464,258,1524,350,256,242,1,-1,-1,-1
465,258,1524,350,256,242,1,-1,-1,-1
466,258,1524,350,256,242,1,-1,-1,-1
467,258,1524,350,256,242,1,-1,-1,-1
468,258,1524,350,256,242,1,-1,-1,-1
469,258,1524,350,256,242,1,-1,-1,-1
470,258,1524,350,256,242,1,-1,-1,-1
471,258,1524,350,256,243,1,-1,-1,-1
472,258,1524,350,256,243,1,-1,-1,-1
473,258,1524,350,256,243,1,-1,-1,-1
474,258,1524,350,256,243,1,-1,-1,-1
475,258,1524,350,256,243,1,-1,-1,-1
476,258,1524,350,256,243,1,-1,-1,-1
477,258,1524,350,256,243,1,-1,-1,-1
478,258,1524,350,256,243,1,-1,-1,-1
479,258,1524,350,256,243,1,-1,-1,-1
480,258,1524,350,256,243,1,-1,-1,-1
481,258,1524,350,256,243,1,-1,-1,-1
482,258,1524,350,256,243,1,-1,-1,-1
483,258,1524,350,256,243,1,-1,-1,-1
484,258,1524,350,256,243,1,-1,-1,-1
485,258,1524,350,256,243,1,-1,-1,-1
486,258,1524,350,256,243,1,-1,-1,-1
487,258,1524,350,256,243,1,-1,-1,-1
488,258,1524,350,256,243,1,-1,-1,-1
489,258,1524,350,256,243,1,-1,-1,-1
490,258,1524,350,256,243,1,-1,-1,-1
491,258,1524,350,256,243,1,-1,-1,-1
492,258,1524,350,256,243,1,-1,-1,-1
493,258,1524,350,256,243,1,-1,-1,-1
494,258,1524,350,256,243,1,-1,-1,-1
495,258,1524,350,256,243,1,-1,-1,-1
496,258,1524,350,256,243,1,-1,-1,-1
497,258,1524,350,256,243,1,-1,-1,-1
498,258,1524,350,256,243,1,-1,-1,-1
499,258,1524,350,256,243,1,-1,-1,-1
500,258,1524,350,256,243,1,-1,-1,-1
501,258,1524,350,256,243,1,-1,-1,-1
502,258,1524,350,256,243,1,-1,-1,-1
503,258,1524,350,256,243,1,-1,-1,-1
504,258,1524,350,256,243,1,-1,-1,-1
505,258,1524,350,256,243,1,-1,-1,-1
506,258,1524,350,256,243,1,-1,-1,-1
507,258,1524,350,256,243,1,-1,-1,-1
508,258,1524,350,256,243,1,-1,-1,-1
509,258,1524,350,256,243,1,-1,-1,-1
510,258,1524,350,256,243,1,-1,-1,-1
511,258,1524,350,256,243,1,-1,-1,-1
512,258,1524,350,256,243,1,-1,-1,-1
513,258,1524,350,256,243,1,-1,-1,-1
514,258,1524,350,256,243,1,-1,-1,-1
515,258,1524,350,256,243,1,-1,-1,-1
516,258,1524,350,256,243,1,-1,-1,-1
517,258,1524,350,256,243,1,-1,-1,-1
518,258,1524,350,256,243,1,-1,-1,-1
519,258,1524,350,256,243,1,-1,-1,-1
520,258,1524,350,256,243,1,-1,-1,-1
521,258,1524,350,256,243,1,-1,-1,-1
522,258,1524,350,256,243,1,-1,-1,-1
523,258,1524,350,256,243,1,-1,-1,-1
524,258,1524,350,256,243,1,-1,-1,-1
525,258,1524,350,256,243,1,-1,-1,-1
526,258,1524,350,256,243,1,-1,-1,-1
527,258,1524,350,256,243,1,-1,-1,-1
528,258,1524,350,256,243,1,-1,-1,-1
529,258,1524,350,256,243,1,-1,-1,-1
530,258,1524,350,256,243,1,-1,-1,-1
531,258,1524,350,256,243,1,-1,-1,-1
532,258,1524,350,256,243,1,-1,-1,-1
533,258,1524,350,256,243,1,-1,-1,-1
534,258,1524,350,256,243,1,-1,-1,-1
535,258,1524,350,256,243,1,-1,-1,-1
536,258,1524,350,256,243,1,-1,-1,-1
537,258,1524,350,256,243,1,-1,-1,-1
538,258,1524,350,256,243,1,-1,-1,-1
539,258,1524,350,256,243,1,-1,-1,-1
540,258,1524,350,256,243,1,-1,-1,-1
541,258,1524,350,256,243,1,-1,-1,-1
542,258,1524,350,256,243,1,-1,-1,-1
543,258,1524,350,256,243,1,-1,-1,-1
544,258,1524,350,256,243,1,-1,-1,-1
545,258,1524,350,256,243,1,-1,-1,-1
546,258,1524,350,256,243,1,-1,-1,-1
547,258,1524,350,256,243,1,-1,-1,-1
548,258,1524,350,256,243,1,-1,-1,-1
549,258,1524,350,256,243,1,-1,-1,-1
550,258,1524,350,256,243,1,-1,-1,-1
551,258,1524,350,256,243,1,-1,-1,-1
552,258,1524,350,256,243,1,-1,-1,-1
553,258,1524,350,256,243,1,-1,-1,-1
554,258,1524,350,256,243,1,-1,-1,-1
555,258,1524,350,256,243,1,-1,-1,-1
556,258,1524,350,256,243,1,-1,-1,-1
557,258,1524,350,256,243,1,-1,-1,-1
558,258,1524,350,256,243,1,-1,-1,-1
559,258,1524,350,256,243,1,-1,-1,-1
560,258,1524,350,256,243,1,-1,-1,-1
561,258,1524,350,256,243,1,-1,-1,-1
562,258,1524,350,256,243,1,-1,-1,-1
563,258,1524,350,256,243,1,-1,-1,-1
564,258,1524,350,256,243,1,-1,-1,-1
565,258,1524,350,256,243,1,-1,-1,-1
566,258,1524,350,256,243,1,-1,-1,-1
567,258,1524,350,256,243,1,-1,-1,-1
568,258,1524,350,256,243,1,-1,-1,-1
569,258,1524,350,256,243,1,-1,-1,-1
570,258,1524,350,256,243,1,-1,-1,-1
571,258,1524,350,256,243,1,-1,-1,-1
572,258,1524,350,256,243,1,-1,-1,-1
573,258,1524,350,256,243,1,-1,-1,-1
574,258,1524,350,256,243,1,-1,-1,-1
575,258,1524,350,256,243,1,-1,-1,-1
576,258,1524,350,256,243,1,-1,-1,-1
577,258,1524,350,256,243,1,-1,-1,-1
578,258,1524,350,256,243,1,-1,-1,-1
579,258,1524,350,256,243,1,-1,-1,-1
580,258,1524,350,256,243,1,-1,-1,-1
581,258,1524,350,256,243,1,-1,-1,-1
582,258,1524,350,256,243,1,-1,-1,-1
583,258,1524,350,256,243,1,-1,-1,-1
584,258,1524,350,256,243,1,-1,-1,-1
585,258,1524,350,256,243,1,-1,-1,-1
586,258,1524,350,256,243,1,-1,-1,-1
587,258,1524,350,256,243,1,-1,-1,-1
588,258,1524,350,256,243,1,-1,-1,-1
589,258,1524,350,256,243,1,-1,-1,-1
590,258,1524,350,256,243,1,-1,-1,-1
591,258,1524,350,256,243,1,-1,-1,-1
592,258,1524,350,256,243,1,-1,-1,-1
593,258,1524,350,256,243,1,-1,-1,-1
594,258,1524,350,256,243,1,-1,-1,-1
595,258,1524,350,256,243,1,-1,-1,-1
596,258,1524,350,256,243,1,-1,-1,-1
597,258,1524,350,256,243,1,-1,-1,-1
598,258,1524,350,256,243,1,-1,-1,-1
599,258,1524,350,256,243,1,-1,-1,-1
600,258,1524,350,256,243,1,-1,-1,-1
601,258,1524,350,256,243,1,-1,-1,-1
602,258,1524,350,256,243,1,-1,-1,-1
603,258,1524,350,256,243,1,-1,-1,-1
604,258,1524,350,256,243,1,-1,-1,-1
605,258,1524,350,256,243,1,-1,-1,-1
606,258,1524,350,256,243,1,-1,-1,-1
607,258,1524,350,256,243,1,-1,-1,-1
608,258,1524,350,256,243,1,-1,-1,-1
609,258,1524,350,256,243,1,-1,-1,-1
610,258,1524,350,256,243,1,-1,-1,-1
611,258,1524,350,256,243,1,-1,-1,-1
612,258,1524,350,256,243,1,-1,-1,-1
613,258,1524,350,256,243,1,-1,-1,-1
614,258,1524,350,256,243,1,-1,-1,-1
615,258,1524,350,256,243,1,-1,-1,-1
616,258,1524,350,256,243,1,-1,-1,-1
617,258,1524,350,256,243,1,-1,-1,-1
618,258,1524,350,256,243,1,-1,-1,-1
619,258,1524,350,256,243,1,-1,-1,-1
620,258,1524,350,256,243,1,-1,-1,-1
621,258,1524,350,256,243,1,-1,-1,-1
622,258,1524,350,256,243,1,-1,-1,-1
623,258,1524,350,256,243,1,-1,-1,-1
624,258,1524,350,256,243,1,-1,-1,-1
625,258,1524,350,256,243,1,-1,-1,-1
626,258,1524,350,256,243,1,-1,-1,-1
627,258,1524,350,256,243,1,-1,-1,-1
628,258,1524,350,256,243,1,-1,-1,-1
629,258,1524,350,256,243,1,-1,-1,-1
630,258,1524,350,256,243,1,-1,-1,-1
631,258,1524,350,256,243,1,-1,-1,-1
632,258,1524,350,256,243,1,-1,-1,-1
633,258,1524,350,256,243,1,-1,-1,-1
634,258,1524,350,256,243,1,-1,-1,-1
635,258,1524,350,256,243,1,-1,-1,-1
636,258,1524,350,256,243,1,-1,-1,-1
637,258,1524,350,256,243,1,-1,-1,-1
638,258,1524,350,256,243,1,-1,-1,-1
639,258,1524,350,256,243,1,-1,-1,-1
640,258,1524,350,256,243,1,-1,-1,-1
641,258,1524,350,256,243,1,-1,-1,-1
642,258,1524,350,256,243,1,-1,-1,-1
643,258,1524,350,256,243,1,-1,-1,-1
644,258,1524,350,256,243,1,-1,-1,-1
645,258,1524,350,256,243,1,-1,-1,-1
646,258,1524,350,256,243,1,-1,-1,-1
647,258,1524,350,256,243,1,-1,-1,-1
648,258,1524,350,256,243,1,-1,-1,-1
649,258,1524,350,256,243,1,-1,-1,-1
650,258,1524,350,256,243,1,-1,-1,-1
651,258,1524,350,256,243,1,-1,-1,-1
652,258,1524,350,256,243,1,-1,-1,-1
653,258,1524,350,256,243,1,-1,-1,-1
654,258,1524,350,256,243,1,-1,-1,-1
655,258,1524,350,256,243,1,-1,-1,-1
656,258,1524,350,256,243,1,-1,-1,-1
657,258,1524,350,256,243,1,-1,-1,-1
658,258,1524,350,256,243,1,-1,-1,-1
659,258,1524,350,256,243,1,-1,-1,-1
660,258,1524,350,256,243,1,-1,-1,-1
661,243,1829,807,731,417,1,-1,-1,-1
661,258,1524,350,256,243,1,-1,-1,-1
662,243,1591,796,870,406,1,-1,-1,-1
662,258,1524,350,256,243,1,-1,-1,-1
663,243,1342,776,864,409,1,-1,-1,-1
663,258,1524,350,256,243,1,-1,-1,-1
664,243,1092,755,858,411,1,-1,-1,-1
664,258,1524,350,256,243,1,-1,-1,-1
665,243,854,736,846,409,1,-1,-1,-1
665,258,1524,350,256,243,1,-1,-1,-1
666,243,615,717,834,406,1,-1,-1,-1
666,258,1524,350,256,243,1,-1,-1,-1
667,243,392,698,822,401,1,-1,-1,-1
667,258,1524,350,256,243,1,-1,-1,-1
668,243,168,678,810,395,1,-1,-1,-1
668,258,1524,350,256,243,1,-1,-1,-1
669,243,0,663,757,388,1,-1,-1,-1
669,258,1524,350,256,243,1,-1,-1,-1
670,258,1524,350,256,243,1,-1,-1,-1
671,258,1524,350,256,243,1,-1,-1,-1
672,258,1524,350,256,243,1,-1,-1,-1
673,258,1524,350,256,243,1,-1,-1,-1
674,258,1524,350,256,243,1,-1,-1,-1
675,258,1524,350,256,243,1,-1,-1,-1
676,258,1524,350,256,243,1,-1,-1,-1
677,258,1524,350,256,243,1,-1,-1,-1
678,258,1524,350,256,243,1,-1,-1,-1
679,258,1524,350,256,243,1,-1,-1,-1
680,258,1524,350,256,243,1,-1,-1,-1
681,258,1524,350,256,243,1,-1,-1,-1
682,258,1524,350,256,243,1,-1,-1,-1
683,258,1524,350,256,243,1,-1,-1,-1
684,258,1524,350,256,243,1,-1,-1,-1
685,258,1524,350,256,243,1,-1,-1,-1
686,258,1524,350,256,243,1,-1,-1,-1
687,258,1524,350,256,243,1,-1,-1,-1
688,258,1524,350,256,243,1,-1,-1,-1
689,258,1524,350,256,243,1,-1,-1,-1
690,258,1524,350,256,243,1,-1,-1,-1
691,258,1524,350,256,243,1,-1,-1,-1
692,258,1524,350,256,243,1,-1,-1,-1
693,258,1524,350,256,243,1,-1,-1,-1
694,258,1524,350,256,243,1,-1,-1,-1
695,258,1524,350,256,243,1,-1,-1,-1
696,258,1524,350,256,243,1,-1,-1,-1
697,258,1524,350,256,243,1,-1,-1,-1
698,244,1734,792,826,413,1,-1,-1,-1
698,258,1524,350,256,243,1,-1,-1,-1
699,244,1485,768,1028,419,1,-1,-1,-1
699,258,1524,350,256,243,1,-1,-1,-1
700,244,1232,745,1047,428,1,-1,-1,-1
700,258,1524,350,256,243,1,-1,-1,-1
701,244,978,722,1066,436,1,-1,-1,-1
701,258,1524,350,256,243,1,-1,-1,-1
702,244,754,702,1034,432,1,-1,-1,-1
702,258,1524,350,256,243,1,-1,-1,-1
703,244,553,683,1007,429,1,-1,-1,-1
703,258,1524,350,256,243,1,-1,-1,-1
704,244,351,673,962,410,1,-1,-1,-1
704,258,1524,350,256,243,1,-1,-1,-1
705,244,149,663,917,390,1,-1,-1,-1
705,258,1524,350,256,243,1,-1,-1,-1
706,244,0,652,855,376,1,-1,-1,-1
706,258,1524,350,257,243,1,-1,-1,-1
707,258,1524,350,257,243,1,-1,-1,-1
708,258,1524,350,257,243,1,-1,-1,-1
709,258,1524,350,257,243,1,-1,-1,-1
710,258,1524,350,257,243,1,-1,-1,-1
711,258,1524,350,257,243,1,-1,-1,-1
712,258,1524,350,257,243,1,-1,-1,-1
713,258,1524,350,257,243,1,-1,-1,-1
714,258,1524,350,257,243,1,-1,-1,-1
715,258,1524,350,257,243,1,-1,-1,-1
716,258,1524,350,257,243,1,-1,-1,-1
717,258,1524,350,257,243,1,-1,-1,-1
718,258,1524,350,257,243,1,-1,-1,-1
719,258,1524,350,257,243,1,-1,-1,-1
720,258,1524,350,257,243,1,-1,-1,-1
721,258,1524,350,257,243,1,-1,-1,-1
722,258,1524,350,257,243,1,-1,-1,-1
723,258,1524,350,257,243,1,-1,-1,-1
724,258,1524,350,257,243,1,-1,-1,-1
725,258,1524,350,257,243,1,-1,-1,-1
726,258,1524,350,257,243,1,-1,-1,-1
727,258,1524,350,257,243,1,-1,-1,-1
728,258,1524,350,257,243,1,-1,-1,-1
729,258,1524,350,257,243,1,-1,-1,-1
730,258,1524,350,257,243,1,-1,-1,-1
731,258,1524,350,257,243,1,-1,-1,-1
732,258,1524,350,257,243,1,-1,-1,-1
733,258,1524,350,257,243,1,-1,-1,-1
734,258,1524,350,257,243,1,-1,-1,-1
735,258,1524,350,257,243,1,-1,-1,-1
736,258,1524,350,257,243,1,-1,-1,-1
737,258,1524,350,257,243,1,-1,-1,-1
738,246,1623,759,937,452,1,-1,-1,-1
738,258,1524,350,257,243,1,-1,-1,-1
739,246,1371,740,1038,458,1,-1,-1,-1
739,258,1524,350,257,243,1,-1,-1,-1
740,246,1144,733,1018,440,1,-1,-1,-1
740,258,1524,350,257,243,1,-1,-1,-1
741,246,917,725,998,421,1,-1,-1,-1
741,258,1524,350,257,243,1,-1,-1,-1
742,246,686,710,991,415,1,-1,-1,-1
742,258,1524,350,257,243,1,-1,-1,-1
743,246,455,695,983,408,1,-1,-1,-1
743,258,1524,350,257,243,1,-1,-1,-1
744,246,244,677,965,405,1,-1,-1,-1
744,258,1524,350,257,243,1,-1,-1,-1
745,246,32,658,946,402,1,-1,-1,-1
745,258,1524,350,257,243,1,-1,-1,-1
746,258,1524,350,257,243,1,-1,-1,-1
747,258,1524,350,257,243,1,-1,-1,-1
748,258,1524,350,257,243,1,-1,-1,-1
749,258,1524,350,257,243,1,-1,-1,-1
750,258,1524,350,257,243,1,-1,-1,-1
751,258,1524,350,257,243,1,-1,-1,-1
752,258,1524,350,257,243,1,-1,-1,-1
753,258,1524,350,257,243,1,-1,-1,-1
754,258,1524,350,257,243,1,-1,-1,-1
755,258,1524,350,257,243,1,-1,-1,-1
756,258,1524,350,257,243,1,-1,-1,-1
757,245,0,831,1453,847,1,-1,-1,-1
757,258,1524,350,257,243,1,-1,-1,-1
758,245,0,846,1736,849,1,-1,-1,-1
758,258,1524,350,257,243,1,-1,-1,-1
759,245,100,815,1977,926,1,-1,-1,-1
759,258,1524,350,257,243,1,-1,-1,-1
760,245,360,874,1935,849,1,-1,-1,-1
760,258,1524,350,257,243,1,-1,-1,-1
761,245,647,894,1907,840,1,-1,-1,-1
761,258,1524,350,257,243,1,-1,-1,-1
762,245,932,915,1628,838,1,-1,-1,-1
762,258,1524,350,257,243,1,-1,-1,-1
763,258,1524,350,257,243,1,-1,-1,-1
764,258,1524,350,257,243,1,-1,-1,-1
765,258,1524,350,257,243,1,-1,-1,-1
766,258,1524,350,257,243,1,-1,-1,-1
767,258,1524,350,257,243,1,-1,-1,-1
768,258,1524,350,257,243,1,-1,-1,-1
769,258,1524,350,257,243,1,-1,-1,-1
770,258,1524,350,257,243,1,-1,-1,-1
771,258,1524,350,257,243,1,-1,-1,-1
772,258,1524,350,257,243,1,-1,-1,-1
773,258,1524,350,257,243,1,-1,-1,-1
774,258,1524,350,257,243,1,-1,-1,-1
775,258,1524,350,257,243,1,-1,-1,-1
776,258,1524,350,257,243,1,-1,-1,-1
777,258,1524,350,257,243,1,-1,-1,-1
778,258,1524,350,257,243,1,-1,-1,-1
779,258,1524,350,257,243,1,-1,-1,-1
780,258,1524,350,257,243,1,-1,-1,-1
781,258,1524,350,257,243,1,-1,-1,-1
782,258,1524,350,257,243,1,-1,-1,-1
783,258,1524,350,257,243,1,-1,-1,-1
784,258,1524,350,257,243,1,-1,-1,-1
785,258,1524,350,257,243,1,-1,-1,-1
786,258,1524,350,257,243,1,-1,-1,-1
787,258,1524,350,257,243,1,-1,-1,-1
788,258,1524,350,257,243,1,-1,-1,-1
789,258,1524,350,257,243,1,-1,-1,-1
790,258,1524,350,257,243,1,-1,-1,-1
791,258,1524,350,257,243,1,-1,-1,-1
792,258,1524,350,257,243,1,-1,-1,-1
793,258,1524,350,257,243,1,-1,-1,-1
794,258,1524,350,257,243,1,-1,-1,-1
795,258,1524,350,257,243,1,-1,-1,-1
796,258,1524,350,257,243,1,-1,-1,-1
797,258,1524,350,257,243,1,-1,-1,-1
798,258,1524,350,257,243,1,-1,-1,-1
799,258,1524,350,257,243,1,-1,-1,-1
800,258,1524,350,257,243,1,-1,-1,-1
801,258,1524,350,257,243,1,-1,-1,-1
802,258,1524,350,257,243,1,-1,-1,-1
803,258,1524,350,257,243,1,-1,-1,-1
804,258,1524,350,257,243,1,-1,-1,-1
805,258,1524,350,257,243,1,-1,-1,-1
806,258,1524,350,257,243,1,-1,-1,-1
807,258,1524,350,257,243,1,-1,-1,-1
808,258,1524,350,257,243,1,-1,-1,-1
809,258,1524,350,257,243,1,-1,-1,-1
810,258,1524,350,257,243,1,-1,-1,-1
811,258,1524,350,257,243,1,-1,-1,-1
812,258,1524,350,257,243,1,-1,-1,-1
813,258,1524,350,257,243,1,-1,-1,-1
814,258,1524,350,257,243,1,-1,-1,-1
815,258,1524,350,257,243,1,-1,-1,-1
816,258,1524,350,257,243,1,-1,-1,-1
817,258,1524,350,257,243,1,-1,-1,-1
818,258,1524,350,257,243,1,-1,-1,-1
819,258,1524,350,257,243,1,-1,-1,-1
820,258,1524,350,257,243,1,-1,-1,-1
821,258,1524,350,257,243,1,-1,-1,-1
822,258,1524,350,257,243,1,-1,-1,-1
823,258,1524,350,257,243,1,-1,-1,-1
824,258,1524,350,257,243,1,-1,-1,-1
825,258,1524,350,257,243,1,-1,-1,-1
826,258,1524,350,257,243,1,-1,-1,-1
827,258,1524,350,257,243,1,-1,-1,-1
828,258,1524,350,257,243,1,-1,-1,-1
829,258,1524,350,257,243,1,-1,-1,-1
830,258,1524,350,257,243,1,-1,-1,-1
831,258,1524,350,257,243,1,-1,-1,-1
832,258,1524,350,257,243,1,-1,-1,-1
833,258,1524,350,257,243,1,-1,-1,-1
834,258,1524,350,257,243,1,-1,-1,-1
835,258,1524,350,257,243,1,-1,-1,-1
836,258,1524,350,257,243,1,-1,-1,-1
837,258,1524,350,257,243,1,-1,-1,-1
838,258,1524,350,257,243,1,-1,-1,-1
839,258,1524,350,257,243,1,-1,-1,-1
840,258,1524,350,257,243,1,-1,-1,-1
841,258,1524,350,257,243,1,-1,-1,-1
842,258,1524,350,257,243,1,-1,-1,-1
843,258,1524,350,257,243,1,-1,-1,-1
844,258,1524,350,257,243,1,-1,-1,-1
845,258,1524,350,257,243,1,-1,-1,-1
846,258,1524,350,257,243,1,-1,-1,-1
847,258,1524,350,257,243,1,-1,-1,-1
848,258,1524,350,257,243,1,-1,-1,-1
849,258,1524,350,257,243,1,-1,-1,-1
850,258,1524,350,257,243,1,-1,-1,-1
851,258,1524,350,257,243,1,-1,-1,-1
852,258,1524,350,257,243,1,-1,-1,-1
853,258,1524,350,257,243,1,-1,-1,-1
854,258,1524,350,257,243,1,-1,-1,-1
855,258,1524,350,257,243,1,-1,-1,-1
856,258,1524,350,257,243,1,-1,-1,-1
857,258,1524,350,257,243,1,-1,-1,-1
858,258,1524,350,257,243,1,-1,-1,-1
859,258,1524,350,257,243,1,-1,-1,-1
860,258,1524,350,257,243,1,-1,-1,-1
861,258,1524,350,257,243,1,-1,-1,-1
862,258,1524,350,257,243,1,-1,-1,-1
863,258,1524,350,257,243,1,-1,-1,-1
864,258,1524,350,257,243,1,-1,-1,-1
865,258,1524,350,257,243,1,-1,-1,-1
866,258,1524,350,257,243,1,-1,-1,-1
867,258,1524,350,257,243,1,-1,-1,-1
868,258,1524,350,257,243,1,-1,-1,-1
869,258,1524,350,257,243,1,-1,-1,-1
870,258,1524,350,257,243,1,-1,-1,-1
871,258,1524,350,257,243,1,-1,-1,-1
872,258,1524,350,257,243,1,-1,-1,-1
873,258,1524,350,257,243,1,-1,-1,-1
874,258,1524,350,257,243,1,-1,-1,-1
875,258,1524,350,257,243,1,-1,-1,-1
876,258,1524,350,257,243,1,-1,-1,-1
877,258,1524,350,257,243,1,-1,-1,-1
878,258,1524,350,257,243,1,-1,-1,-1
879,258,1524,350,257,243,1,-1,-1,-1
880,258,1524,350,257,243,1,-1,-1,-1
881,258,1524,350,257,243,1,-1,-1,-1
882,258,1524,350,257,243,1,-1,-1,-1
883,258,1524,350,257,243,1,-1,-1,-1
884,258,1524,350,257,243,1,-1,-1,-1
885,258,1524,350,257,243,1,-1,-1,-1
886,258,1524,350,257,243,1,-1,-1,-1
887,258,1524,350,257,243,1,-1,-1,-1
888,258,1524,350,257,243,1,-1,-1,-1
889,258,1524,350,257,243,1,-1,-1,-1
890,258,1524,350,257,243,1,-1,-1,-1
891,258,1524,350,257,243,1,-1,-1,-1
892,258,1524,350,257,243,1,-1,-1,-1
893,258,1524,350,257,243,1,-1,-1,-1
894,258,1524,350,257,243,1,-1,-1,-1
895,258,1524,350,257,243,1,-1,-1,-1
896,258,1524,350,257,243,1,-1,-1,-1
897,258,1524,350,257,243,1,-1,-1,-1
898,258,1524,350,257,243,1,-1,-1,-1
899,258,1524,350,257,243,1,-1,-1,-1
900,258,1524,350,257,243,1,-1,-1,-1
901,258,1524,350,257,243,1,-1,-1,-1
902,258,1524,350,257,243,1,-1,-1,-1
903,258,1524,350,257,243,1,-1,-1,-1
904,258,1524,350,257,243,1,-1,-1,-1
905,258,1524,350,257,243,1,-1,-1,-1
906,258,1524,350,257,243,1,-1,-1,-1
907,258,1524,350,257,243,1,-1,-1,-1
908,258,1524,350,257,243,1,-1,-1,-1
909,258,1524,350,257,243,1,-1,-1,-1
910,258,1524,350,257,243,1,-1,-1,-1
911,258,1524,350,257,243,1,-1,-1,-1
912,258,1524,350,257,243,1,-1,-1,-1
913,258,1524,350,257,243,1,-1,-1,-1
914,258,1524,350,257,243,1,-1,-1,-1
915,258,1524,350,257,243,1,-1,-1,-1
916,258,1524,350,257,243,1,-1,-1,-1
917,258,1524,350,257,243,1,-1,-1,-1
918,258,1524,350,257,243,1,-1,-1,-1
919,258,1524,350,257,243,1,-1,-1,-1
920,258,1524,350,257,243,1,-1,-1,-1
921,258,1524,350,257,243,1,-1,-1,-1
922,258,1524,350,257,243,1,-1,-1,-1
923,258,1524,350,257,243,1,-1,-1,-1
924,258,1524,350,257,243,1,-1,-1,-1
925,258,1524,350,257,243,1,-1,-1,-1
926,258,1524,350,257,243,1,-1,-1,-1
927,258,1524,350,257,243,1,-1,-1,-1
928,258,1524,350,257,243,1,-1,-1,-1
929,258,1524,350,257,243,1,-1,-1,-1
930,258,1524,350,257,243,1,-1,-1,-1
931,258,1524,350,257,243,1,-1,-1,-1
932,258,1524,350,257,243,1,-1,-1,-1
933,258,1524,350,257,243,1,-1,-1,-1
934,258,1524,350,257,243,1,-1,-1,-1
935,258,1524,350,257,243,1,-1,-1,-1
936,258,1524,350,257,243,1,-1,-1,-1
937,258,1524,350,257,243,1,-1,-1,-1
938,258,1524,350,257,243,1,-1,-1,-1
939,258,1524,350,257,243,1,-1,-1,-1
940,258,1524,350,257,243,1,-1,-1,-1
941,258,1524,351,257,243,1,-1,-1,-1
942,258,1524,351,257,243,1,-1,-1,-1
943,258,1524,351,257,243,1,-1,-1,-1
944,258,1524,351,257,243,1,-1,-1,-1
945,258,1524,351,257,243,1,-1,-1,-1
946,258,1524,351,257,243,1,-1,-1,-1
947,258,1524,351,257,243,1,-1,-1,-1
948,258,1524,351,257,243,1,-1,-1,-1
949,258,1524,351,257,243,1,-1,-1,-1
950,258,1524,351,257,243,1,-1,-1,-1
951,258,1524,351,257,243,1,-1,-1,-1
952,258,1524,351,257,243,1,-1,-1,-1
953,258,1524,351,257,243,1,-1,-1,-1
954,258,1524,351,257,243,1,-1,-1,-1
955,247,0,1028,1384,790,1,-1,-1,-1
955,258,1524,351,257,243,1,-1,-1,-1
956,247,0,1038,1569,808,1,-1,-1,-1
956,258,1524,351,257,243,1,-1,-1,-1
957,247,47,1053,1725,813,1,-1,-1,-1
957,258,1524,351,257,243,1,-1,-1,-1
958,247,624,1112,1777,808,1,-1,-1,-1
958,258,1524,351,257,243,1,-1,-1,-1
959,247,829,1125,1731,795,1,-1,-1,-1
959,258,1524,351,257,243,1,-1,-1,-1
960,247,1032,1146,1528,774,1,-1,-1,-1
960,258,1524,351,257,243,1,-1,-1,-1
961,258,1524,351,257,243,1,-1,-1,-1
962,258,1524,351,257,243,1,-1,-1,-1
963,258,1524,351,257,243,1,-1,-1,-1
964,258,1524,351,257,243,1,-1,-1,-1
965,258,1524,351,257,243,1,-1,-1,-1
966,258,1524,351,257,243,1,-1,-1,-1
967,258,1524,351,257,243,1,-1,-1,-1
968,258,1524,351,257,243,1,-1,-1,-1
969,258,1524,351,257,243,1,-1,-1,-1
970,258,1524,351,257,243,1,-1,-1,-1
971,258,1524,351,257,243,1,-1,-1,-1
972,258,1524,351,257,243,1,-1,-1,-1
973,258,1524,351,257,243,1,-1,-1,-1
974,258,1524,351,257,243,1,-1,-1,-1
975,258,1524,351,257,243,1,-1,-1,-1
976,258,1524,351,257,243,1,-1,-1,-1
977,258,1524,351,257,243,1,-1,-1,-1
978,258,1524,351,257,243,1,-1,-1,-1
979,258,1524,351,257,243,1,-1,-1,-1
980,258,1524,351,257,243,1,-1,-1,-1
981,258,1524,351,257,243,1,-1,-1,-1
982,258,1524,351,257,243,1,-1,-1,-1
983,258,1524,351,257,243,1,-1,-1,-1
984,258,1524,351,257,243,1,-1,-1,-1
985,258,1524,351,257,243,1,-1,-1,-1
986,258,1524,351,257,243,1,-1,-1,-1
987,258,1524,351,257,243,1,-1,-1,-1
988,258,1524,351,257,243,1,-1,-1,-1
989,258,1524,351,257,243,1,-1,-1,-1
990,258,1524,351,257,243,1,-1,-1,-1
991,258,1524,351,257,243,1,-1,-1,-1
992,258,1524,351,257,243,1,-1,-1,-1
993,258,1524,351,257,243,1,-1,-1,-1
994,258,1524,351,257,243,1,-1,-1,-1
995,258,1524,351,257,243,1,-1,-1,-1
996,258,1524,351,257,243,1,-1,-1,-1
997,258,1524,351,257,243,1,-1,-1,-1
998,258,1524,351,257,243,1,-1,-1,-1
999,258,1524,351,257,243,1,-1,-1,-1
1000,258,1524,351,257,243,1,-1,-1,-1
1001,258,1524,351,257,243,1,-1,-1,-1
1002,258,1524,351,257,243,1,-1,-1,-1
1003,258,1524,351,257,243,1,-1,-1,-1
1004,258,1524,351,257,243,1,-1,-1,-1
1005,258,1524,351,257,243,1,-1,-1,-1
1006,258,1524,351,257,243,1,-1,-1,-1
1007,258,1524,351,257,243,1,-1,-1,-1
1008,258,1524,351,257,243,1,-1,-1,-1
1009,258,1524,351,257,243,1,-1,-1,-1
1010,258,1524,351,257,243,1,-1,-1,-1
1011,258,1524,351,257,243,1,-1,-1,-1
1012,258,1524,351,257,243,1,-1,-1,-1
1013,258,1524,351,257,243,1,-1,-1,-1
1014,258,1524,351,257,243,1,-1,-1,-1
1015,258,1524,351,257,243,1,-1,-1,-1
1016,258,1524,351,257,243,1,-1,-1,-1
1017,258,1524,351,257,243,1,-1,-1,-1
1018,258,1524,351,257,243,1,-1,-1,-1
1019,258,1524,351,257,243,1,-1,-1,-1
1020,258,1524,351,257,243,1,-1,-1,-1
1021,258,1524,351,257,243,1,-1,-1,-1
1022,258,1524,351,257,243,1,-1,-1,-1
1023,258,1524,351,257,243,1,-1,-1,-1
1024,258,1524,351,257,243,1,-1,-1,-1
1025,258,1524,351,257,243,1,-1,-1,-1
1026,258,1524,351,257,243,1,-1,-1,-1
1027,258,1524,351,257,243,1,-1,-1,-1
1028,258,1524,351,257,243,1,-1,-1,-1
1029,258,1524,351,257,243,1,-1,-1,-1
1030,258,1524,351,257,243,1,-1,-1,-1
1031,258,1524,351,257,243,1,-1,-1,-1
1032,258,1524,351,257,243,1,-1,-1,-1
1033,258,1524,351,257,243,1,-1,-1,-1
1034,258,1524,351,257,243,1,-1,-1,-1
1035,258,1524,351,257,243,1,-1,-1,-1
1036,258,1524,351,257,243,1,-1,-1,-1
1037,258,1524,351,257,243,1,-1,-1,-1
1038,258,1524,351,257,243,1,-1,-1,-1
1039,258,1524,351,257,243,1,-1,-1,-1
1040,258,1524,351,257,243,1,-1,-1,-1
1041,258,1524,351,257,243,1,-1,-1,-1
1042,258,1524,351,257,243,1,-1,-1,-1
1043,258,1524,351,257,243,1,-1,-1,-1
1044,258,1524,351,257,243,1,-1,-1,-1
1045,258,1524,351,257,243,1,-1,-1,-1
1046,258,1524,351,257,243,1,-1,-1,-1
1047,258,1524,351,257,243,1,-1,-1,-1
1048,258,1524,351,257,243,1,-1,-1,-1
1049,258,1524,351,257,243,1,-1,-1,-1
1050,258,1524,351,257,243,1,-1,-1,-1
1051,258,1524,351,257,243,1,-1,-1,-1
1052,258,1524,351,257,243,1,-1,-1,-1
1053,258,1524,351,257,243,1,-1,-1,-1
1054,258,1524,351,257,243,1,-1,-1,-1
1055,258,1524,351,257,243,1,-1,-1,-1
1056,258,1524,351,257,243,1,-1,-1,-1
1057,258,1524,351,257,243,1,-1,-1,-1
1058,258,1524,351,257,243,1,-1,-1,-1
1059,258,1524,351,257,243,1,-1,-1,-1
1060,258,1524,351,257,243,1,-1,-1,-1
1061,258,1524,351,257,243,1,-1,-1,-1
1062,258,1524,351,257,243,1,-1,-1,-1
1063,258,1524,351,257,243,1,-1,-1,-1
1064,258,1524,351,257,243,1,-1,-1,-1
1065,258,1524,351,257,243,1,-1,-1,-1
1066,258,1524,351,257,243,1,-1,-1,-1
1067,258,1524,351,257,243,1,-1,-1,-1
1068,258,1524,351,257,243,1,-1,-1,-1
1069,258,1524,351,257,243,1,-1,-1,-1
1070,258,1524,351,257,243,1,-1,-1,-1
1071,258,1524,351,257,243,1,-1,-1,-1
1072,258,1524,351,257,243,1,-1,-1,-1
1073,258,1524,351,257,243,1,-1,-1,-1
1074,258,1524,351,257,243,1,-1,-1,-1
1075,258,1524,351,257,243,1,-1,-1,-1
1076,258,1524,351,257,243,1,-1,-1,-1
1077,258,1524,351,257,243,1,-1,-1,-1
1078,258,1524,351,257,243,1,-1,-1,-1
1079,258,1524,351,257,243,1,-1,-1,-1
1080,258,1524,351,257,243,1,-1,-1,-1
1081,258,1524,351,257,243,1,-1,-1,-1
1082,258,1524,351,257,243,1,-1,-1,-1
1083,258,1524,351,257,243,1,-1,-1,-1
1084,258,1524,351,257,243,1,-1,-1,-1
1085,258,1524,351,257,243,1,-1,-1,-1
1086,258,1524,351,257,243,1,-1,-1,-1
1087,258,1524,351,257,243,1,-1,-1,-1
1088,258,1524,351,257,243,1,-1,-1,-1
1089,258,1524,351,257,243,1,-1,-1,-1
1090,248,1436,704,1124,552,1,-1,-1,-1
1090,258,1524,351,257,243,1,-1,-1,-1
1091,248,1235,691,1315,555,1,-1,-1,-1
1091,258,1524,351,257,243,1,-1,-1,-1
1092,248,1053,679,1299,550,1,-1,-1,-1
1092,258,1524,351,257,243,1,-1,-1,-1
1093,248,870,667,1283,544,1,-1,-1,-1
1093,258,1524,351,257,243,1,-1,-1,-1
1094,248,692,650,1265,546,1,-1,-1,-1
1094,258,1524,351,257,243,1,-1,-1,-1
1095,248,513,632,1246,547,1,-1,-1,-1
1095,258,1524,351,257,243,1,-1,-1,-1
1096,248,343,617,1231,529,1,-1,-1,-1
1096,258,1524,351,257,243,1,-1,-1,-1
1097,248,177,609,1192,520,1,-1,-1,-1
1097,258,1524,351,257,243,1,-1,-1,-1
1098,248,17,587,1185,525,1,-1,-1,-1
1098,258,1524,351,257,243,1,-1,-1,-1
1099,248,0,583,1040,509,1,-1,-1,-1
1099,258,1524,351,257,243,1,-1,-1,-1
1100,258,1524,351,257,243,1,-1,-1,-1
1101,258,1524,351,257,243,1,-1,-1,-1
1102,258,1524,351,257,243,1,-1,-1,-1
1103,258,1524,351,257,243,1,-1,-1,-1
1104,258,1524,351,257,243,1,-1,-1,-1
1105,258,1524,351,257,243,1,-1,-1,-1
1106,258,1524,351,257,243,1,-1,-1,-1
1107,258,1524,351,257,243,1,-1,-1,-1
1108,258,1524,351,257,243,1,-1,-1,-1
1109,258,1524,351,257,243,1,-1,-1,-1
1110,258,1524,351,257,243,1,-1,-1,-1
1111,258,1524,351,257,243,1,-1,-1,-1
1112,258,1524,351,257,243,1,-1,-1,-1
1113,258,1524,351,257,243,1,-1,-1,-1
1114,258,1524,351,257,243,1,-1,-1,-1
1115,258,1524,351,257,243,1,-1,-1,-1
1116,258,1524,351,257,243,1,-1,-1,-1
1117,258,1524,351,257,243,1,-1,-1,-1
1118,258,1524,351,257,243,1,-1,-1,-1
1119,258,1524,351,257,243,1,-1,-1,-1
1120,258,1524,351,257,243,1,-1,-1,-1
1121,258,1524,351,257,243,1,-1,-1,-1
1122,258,1524,351,257,243,1,-1,-1,-1
1123,258,1524,351,257,243,1,-1,-1,-1
1124,258,1524,351,257,243,1,-1,-1,-1
1125,258,1524,351,257,243,1,-1,-1,-1
1126,258,1524,351,257,243,1,-1,-1,-1
1127,258,1524,351,257,243,1,-1,-1,-1
1128,258,1524,351,257,243,1,-1,-1,-1
1129,258,1524,351,257,243,1,-1,-1,-1
1130,258,1524,351,257,243,1,-1,-1,-1
1131,258,1524,351,257,243,1,-1,-1,-1
1132,258,1524,351,257,243,1,-1,-1,-1
1133,258,1524,351,257,243,1,-1,-1,-1
1134,258,1524,351,257,243,1,-1,-1,-1
1135,258,1524,351,257,243,1,-1,-1,-1
1136,258,1524,351,257,243,1,-1,-1,-1
1137,258,1524,351,257,243,1,-1,-1,-1
1138,258,1524,351,257,243,1,-1,-1,-1
1139,258,1524,351,257,243,1,-1,-1,-1
1140,241,1636,857,924,456,1,-1,-1,-1
1140,258,1524,351,257,243,1,-1,-1,-1
1141,241,1470,835,1090,450,1,-1,-1,-1
1141,258,1524,351,257,243,1,-1,-1,-1
1142,241,1297,816,1082,447,1,-1,-1,-1
1142,258,1524,351,257,243,1,-1,-1,-1
1143,241,1132,798,1060,442,1,-1,-1,-1
1143,258,1524,351,257,243,1,-1,-1,-1
1144,241,967,779,1037,436,1,-1,-1,-1
1144,258,1524,351,257,243,1,-1,-1,-1
1145,241,799,764,1018,430,1,-1,-1,-1
1145,258,1524,351,257,243,1,-1,-1,-1
1146,241,630,749,998,423,1,-1,-1,-1
1146,258,1524,351,257,243,1,-1,-1,-1
1147,241,464,734,989,412,1,-1,-1,-1
1147,258,1524,351,257,243,1,-1,-1,-1
1148,241,303,718,981,407,1,-1,-1,-1
1148,258,1524,351,257,243,1,-1,-1,-1
1149,241,142,701,972,402,1,-1,-1,-1
1149,258,1524,351,257,243,1,-1,-1,-1
1150,241,0,686,948,402,1,-1,-1,-1
1150,258,1524,351,257,243,1,-1,-1,-1
1151,258,1524,351,257,243,1,-1,-1,-1
1152,258,1524,351,257,243,1,-1,-1,-1
1153,258,1524,351,257,243,1,-1,-1,-1
1154,258,1524,351,257,243,1,-1,-1,-1
1155,258,1524,351,257,243,1,-1,-1,-1
1156,258,1524,351,257,243,1,-1,-1,-1
1157,258,1524,351,257,243,1,-1,-1,-1
1158,258,1524,351,257,243,1,-1,-1,-1
1159,258,1524,351,257,243,1,-1,-1,-1
1160,258,1524,351,257,243,1,-1,-1,-1
1161,258,1524,351,257,243,1,-1,-1,-1
1162,258,1524,351,257,243,1,-1,-1,-1
1163,258,1524,351,257,243,1,-1,-1,-1
1164,258,1524,351,257,243,1,-1,-1,-1
1165,258,1524,351,257,243,1,-1,-1,-1
1166,258,1524,351,257,243,1,-1,-1,-1
1167,258,1524,351,257,243,1,-1,-1,-1
1168,258,1524,351,257,243,1,-1,-1,-1
1169,258,1524,351,257,243,1,-1,-1,-1
1170,258,1524,351,257,243,1,-1,-1,-1
1171,258,1524,351,257,243,1,-1,-1,-1
1172,258,1524,351,257,243,1,-1,-1,-1
1173,258,1524,351,257,243,1,-1,-1,-1
1174,258,1524,351,257,243,1,-1,-1,-1
1175,258,1524,351,257,243,1,-1,-1,-1
1176,258,1524,351,258,243,1,-1,-1,-1
1177,258,1524,351,258,243,1,-1,-1,-1
1178,258,1524,351,258,243,1,-1,-1,-1
1179,258,1524,351,258,243,1,-1,-1,-1
1180,258,1524,351,258,243,1,-1,-1,-1
1181,258,1524,351,258,243,1,-1,-1,-1
1182,258,1524,351,258,243,1,-1,-1,-1
1183,258,1524,351,258,243,1,-1,-1,-1
1184,258,1524,351,258,243,1,-1,-1,-1
1185,258,1524,351,258,243,1,-1,-1,-1
1186,258,1524,351,258,243,1,-1,-1,-1
1187,258,1524,351,258,243,1,-1,-1,-1
1188,258,1524,351,258,243,1,-1,-1,-1
1189,258,1524,351,258,243,1,-1,-1,-1
1190,258,1524,351,258,243,1,-1,-1,-1
1191,258,1524,351,258,243,1,-1,-1,-1
1192,258,1524,351,258,243,1,-1,-1,-1
1193,258,1524,351,258,243,1,-1,-1,-1
1194,258,1524,351,258,243,1,-1,-1,-1
1195,258,1524,351,258,243,1,-1,-1,-1
1196,258,1524,351,258,243,1,-1,-1,-1
1197,258,1524,351,258,243,1,-1,-1,-1
1198,258,1524,351,258,243,1,-1,-1,-1
1199,258,1524,351,258,243,1,-1,-1,-1
1200,258,1524,351,258,243,1,-1,-1,-1
1201,258,1524,351,258,243,1,-1,-1,-1
1202,258,1524,351,258,243,1,-1,-1,-1
1203,258,1524,351,258,243,1,-1,-1,-1
1204,258,1524,351,258,243,1,-1,-1,-1
1205,258,1524,351,258,243,1,-1,-1,-1
1206,258,1524,351,258,243,1,-1,-1,-1
1207,258,1524,351,258,243,1,-1,-1,-1
1208,258,1524,351,258,243,1,-1,-1,-1
1209,249,1634,742,926,463,1,-1,-1,-1
1209,258,1524,351,258,243,1,-1,-1,-1
1210,249,1520,737,1030,464,1,-1,-1,-1
1210,258,1524,351,258,243,1,-1,-1,-1
1211,249,1383,723,991,472,1,-1,-1,-1
1211,258,1524,351,258,243,1,-1,-1,-1
1212,249,1242,718,997,463,1,-1,-1,-1
1212,258,1524,351,258,243,1,-1,-1,-1
1213,249,1101,714,1001,453,1,-1,-1,-1
1213,258,1524,351,258,243,1,-1,-1,-1
1214,249,960,710,1007,444,1,-1,-1,-1
1214,258,1524,351,258,243,1,-1,-1,-1
1215,249,806,702,975,441,1,-1,-1,-1
1215,258,1524,351,258,243,1,-1,-1,-1
1216,249,665,690,977,448,1,-1,-1,-1
1216,258,1524,351,258,243,1,-1,-1,-1
1217,249,525,677,979,454,1,-1,-1,-1
1217,258,1524,351,258,243,1,-1,-1,-1
1218,249,384,665,981,461,1,-1,-1,-1
1218,258,1524,351,258,243,1,-1,-1,-1
1219,249,215,658,970,450,1,-1,-1,-1
1219,258,1524,351,258,243,1,-1,-1,-1
1220,249,80,618,971,482,1,-1,-1,-1
1220,258,1524,351,258,243,1,-1,-1,-1
1221,249,0,626,889,443,1,-1,-1,-1
1221,258,1524,351,258,243,1,-1,-1,-1
1222,258,1524,351,258,243,1,-1,-1,-1
1223,258,1524,351,258,243,1,-1,-1,-1
1224,258,1524,351,258,243,1,-1,-1,-1
1225,258,1524,351,258,243,1,-1,-1,-1
1226,258,1524,351,258,243,1,-1,-1,-1
1227,258,1524,351,258,243,1,-1,-1,-1
1228,258,1524,351,258,243,1,-1,-1,-1
1229,258,1524,351,258,243,1,-1,-1,-1
1230,258,1524,351,258,243,1,-1,-1,-1
1231,258,1524,351,258,243,1,-1,-1,-1
1232,258,1524,351,258,243,1,-1,-1,-1
1233,258,1524,351,258,243,1,-1,-1,-1
1234,258,1524,351,258,243,1,-1,-1,-1
1235,258,1524,351,258,243,1,-1,-1,-1
1236,258,1524,351,258,243,1,-1,-1,-1
1237,258,1524,351,258,243,1,-1,-1,-1
1238,258,1524,351,258,243,1,-1,-1,-1
1239,258,1524,351,258,243,1,-1,-1,-1
1240,258,1524,351,258,243,1,-1,-1,-1
1241,258,1524,351,258,243,1,-1,-1,-1
1242,258,1524,351,258,243,1,-1,-1,-1
1243,258,1524,351,258,243,1,-1,-1,-1
1244,258,1524,351,258,243,1,-1,-1,-1
1245,258,1524,351,258,243,1,-1,-1,-1
1246,258,1524,351,258,243,1,-1,-1,-1
1247,258,1524,351,258,243,1,-1,-1,-1
1248,258,1524,351,258,243,1,-1,-1,-1
1249,258,1524,351,258,243,1,-1,-1,-1
1250,258,1524,351,258,243,1,-1,-1,-1
1251,258,1524,351,258,243,1,-1,-1,-1
1252,258,1524,351,258,243,1,-1,-1,-1
1253,258,1524,351,258,243,1,-1,-1,-1
1254,258,1524,351,258,243,1,-1,-1,-1
1255,258,1524,351,258,243,1,-1,-1,-1
1256,258,1524,351,258,243,1,-1,-1,-1
1257,258,1524,351,258,243,1,-1,-1,-1
1258,258,1524,351,258,243,1,-1,-1,-1
1259,258,1524,351,258,243,1,-1,-1,-1
1260,258,1524,351,258,243,1,-1,-1,-1
1261,258,1524,351,258,243,1,-1,-1,-1
1262,258,1524,351,258,243,1,-1,-1,-1
1263,258,1524,351,258,243,1,-1,-1,-1
1264,258,1524,351,258,243,1,-1,-1,-1
1265,258,1524,351,258,243,1,-1,-1,-1
1266,258,1524,351,258,243,1,-1,-1,-1
1267,258,1524,351,258,243,1,-1,-1,-1
1268,258,1524,351,258,243,1,-1,-1,-1
1269,258,1524,351,258,243,1,-1,-1,-1
1270,258,1524,351,258,243,1,-1,-1,-1
1271,258,1524,351,258,243,1,-1,-1,-1
1272,258,1524,351,258,243,1,-1,-1,-1
1273,258,1524,351,258,243,1,-1,-1,-1
1274,258,1524,351,258,243,1,-1,-1,-1
1275,258,1524,351,258,243,1,-1,-1,-1
1276,258,1524,351,258,243,1,-1,-1,-1
1277,258,1524,351,258,243,1,-1,-1,-1
1278,258,1524,351,258,243,1,-1,-1,-1
1279,258,1524,351,258,243,1,-1,-1,-1
1280,258,1524,351,258,243,1,-1,-1,-1
1281,258,1524,351,258,243,1,-1,-1,-1
1282,258,1524,351,258,243,1,-1,-1,-1
1283,258,1524,351,258,243,1,-1,-1,-1
1284,258,1524,351,258,243,1,-1,-1,-1
1285,258,1524,351,258,243,1,-1,-1,-1
1286,258,1524,351,258,243,1,-1,-1,-1
1287,258,1524,351,258,243,1,-1,-1,-1
1288,258,1524,351,258,243,1,-1,-1,-1
1289,258,1524,351,258,243,1,-1,-1,-1
1290,258,1524,351,258,243,1,-1,-1,-1
1291,258,1524,351,258,243,1,-1,-1,-1
1292,258,1524,351,258,243,1,-1,-1,-1
1293,258,1524,351,258,243,1,-1,-1,-1
1294,258,1524,351,258,243,1,-1,-1,-1
1295,258,1524,351,258,243,1,-1,-1,-1
1296,258,1524,351,258,243,1,-1,-1,-1
1297,258,1524,351,258,243,1,-1,-1,-1
1298,258,1524,351,258,243,1,-1,-1,-1
1299,258,1524,351,258,243,1,-1,-1,-1
1300,258,1524,351,258,243,1,-1,-1,-1
1301,258,1524,351,258,243,1,-1,-1,-1
1302,258,1524,351,258,243,1,-1,-1,-1
1303,258,1524,351,258,243,1,-1,-1,-1
1304,258,1524,351,258,243,1,-1,-1,-1
1305,258,1524,351,258,243,1,-1,-1,-1
1306,258,1524,351,258,243,1,-1,-1,-1
1307,258,1524,351,258,243,1,-1,-1,-1
1308,258,1524,351,258,243,1,-1,-1,-1
1309,258,1524,351,258,243,1,-1,-1,-1
1310,258,1524,351,258,243,1,-1,-1,-1
1311,258,1524,351,258,243,1,-1,-1,-1
1312,258,1524,351,258,243,1,-1,-1,-1
1313,258,1524,351,258,243,1,-1,-1,-1
1314,258,1524,351,258,243,1,-1,-1,-1
1315,258,1524,351,258,243,1,-1,-1,-1
1316,258,1524,351,258,243,1,-1,-1,-1
1317,250,0,889,1552,910,1,-1,-1,-1
1317,258,1524,351,258,243,1,-1,-1,-1
1318,250,136,909,1760,920,1,-1,-1,-1
1318,258,1524,351,258,243,1,-1,-1,-1
1319,250,479,948,1797,920,1,-1,-1,-1
1319,258,1524,351,258,243,1,-1,-1,-1
1320,250,835,976,1725,915,1,-1,-1,-1
1320,258,1524,351,258,243,1,-1,-1,-1
1321,258,1524,351,258,243,1,-1,-1,-1
1322,258,1524,351,258,243,1,-1,-1,-1
1323,258,1524,351,258,243,1,-1,-1,-1
1324,258,1524,351,258,243,1,-1,-1,-1
1325,258,1524,351,258,243,1,-1,-1,-1
1326,258,1524,351,258,243,1,-1,-1,-1
1327,258,1524,351,258,243,1,-1,-1,-1
1328,258,1524,351,258,243,1,-1,-1,-1
1329,258,1524,351,258,243,1,-1,-1,-1
1330,258,1524,351,258,243,1,-1,-1,-1
1331,258,1524,351,258,243,1,-1,-1,-1
1332,258,1524,351,258,243,1,-1,-1,-1
1333,258,1524,351,258,243,1,-1,-1,-1
1334,258,1524,351,258,243,1,-1,-1,-1
1335,258,1524,351,258,243,1,-1,-1,-1
1336,258,1524,351,258,243,1,-1,-1,-1
1337,258,1524,351,258,243,1,-1,-1,-1
1338,258,1524,351,258,243,1,-1,-1,-1
1339,258,1524,351,258,243,1,-1,-1,-1
1340,258,1524,351,258,243,1,-1,-1,-1
1341,258,1524,351,258,243,1,-1,-1,-1
1342,258,1524,351,258,243,1,-1,-1,-1
1343,258,1524,351,258,243,1,-1,-1,-1
1344,258,1524,351,258,243,1,-1,-1,-1
1345,258,1524,351,258,243,1,-1,-1,-1
1346,258,1524,351,258,243,1,-1,-1,-1
1347,258,1524,351,258,243,1,-1,-1,-1
1348,258,1524,351,258,243,1,-1,-1,-1
1349,258,1524,351,258,243,1,-1,-1,-1
1350,258,1524,351,258,243,1,-1,-1,-1
1351,258,1524,351,258,243,1,-1,-1,-1
1352,258,1524,351,258,243,1,-1,-1,-1
1353,258,1524,351,258,243,1,-1,-1,-1
1354,258,1524,351,258,243,1,-1,-1,-1
1355,258,1524,351,258,243,1,-1,-1,-1
1356,258,1524,351,258,243,1,-1,-1,-1
1357,258,1524,351,258,243,1,-1,-1,-1
1358,258,1524,351,258,243,1,-1,-1,-1
1359,258,1524,351,258,243,1,-1,-1,-1
1360,258,1524,351,258,243,1,-1,-1,-1
1361,258,1524,351,258,243,1,-1,-1,-1
1362,258,1524,351,258,243,1,-1,-1,-1
1363,258,1524,351,258,243,1,-1,-1,-1
1364,258,1524,351,258,243,1,-1,-1,-1
1365,258,1524,351,258,243,1,-1,-1,-1
1366,258,1524,351,258,243,1,-1,-1,-1
1367,258,1524,351,258,243,1,-1,-1,-1
1368,258,1524,351,258,243,1,-1,-1,-1
1369,258,1524,351,258,243,1,-1,-1,-1
1370,258,1524,351,258,243,1,-1,-1,-1
1371,258,1524,351,258,243,1,-1,-1,-1
1372,258,1524,351,258,243,1,-1,-1,-1
1373,258,1524,351,258,243,1,-1,-1,-1
1374,258,1524,351,258,243,1,-1,-1,-1
1375,258,1524,351,258,243,1,-1,-1,-1
1376,258,1524,351,258,243,1,-1,-1,-1
1377,258,1524,351,258,243,1,-1,-1,-1
1378,258,1524,351,258,243,1,-1,-1,-1
1379,258,1524,351,258,243,1,-1,-1,-1
1380,258,1524,351,258,243,1,-1,-1,-1
1381,258,1524,351,258,243,1,-1,-1,-1
1382,258,1524,351,258,243,1,-1,-1,-1
1383,258,1524,351,258,243,1,-1,-1,-1
1384,258,1524,351,258,243,1,-1,-1,-1
1385,258,1524,351,258,243,1,-1,-1,-1
1386,258,1524,351,258,243,1,-1,-1,-1
1387,258,1524,351,258,243,1,-1,-1,-1
1388,258,1524,351,258,243,1,-1,-1,-1
1389,258,1524,351,258,243,1,-1,-1,-1
1390,258,1524,351,258,243,1,-1,-1,-1
1391,258,1524,351,258,243,1,-1,-1,-1
1392,258,1524,351,258,243,1,-1,-1,-1
1393,258,1524,351,258,243,1,-1,-1,-1
1394,258,1524,351,258,243,1,-1,-1,-1
1395,258,1524,351,258,243,1,-1,-1,-1
1396,258,1524,351,258,243,1,-1,-1,-1
1397,258,1524,351,258,243,1,-1,-1,-1
1398,258,1524,351,258,243,1,-1,-1,-1
1399,258,1524,351,258,243,1,-1,-1,-1
1400,258,1524,351,258,243,1,-1,-1,-1
1401,258,1524,351,258,243,1,-1,-1,-1
1402,258,1524,351,258,243,1,-1,-1,-1
1403,258,1524,351,258,243,1,-1,-1,-1
1404,258,1524,351,258,243,1,-1,-1,-1
1405,258,1524,351,258,243,1,-1,-1,-1
1406,258,1524,351,258,243,1,-1,-1,-1
1407,258,1524,351,258,243,1,-1,-1,-1
1408,258,1524,351,258,243,1,-1,-1,-1
1409,258,1524,351,258,243,1,-1,-1,-1
1410,258,1524,351,258,243,1,-1,-1,-1
1411,258,1524,351,258,244,1,-1,-1,-1
1412,258,1524,351,258,244,1,-1,-1,-1
1413,258,1524,351,258,244,1,-1,-1,-1
1414,258,1524,351,258,244,1,-1,-1,-1
1415,258,1524,351,258,244,1,-1,-1,-1
1416,258,1524,351,258,244,1,-1,-1,-1
1417,258,1524,351,258,244,1,-1,-1,-1
1418,258,1524,351,258,244,1,-1,-1,-1
1419,258,1524,351,258,244,1,-1,-1,-1
1420,258,1524,351,258,244,1,-1,-1,-1
1421,258,1524,351,258,244,1,-1,-1,-1
1422,258,1524,351,258,244,1,-1,-1,-1
1423,258,1524,351,258,244,1,-1,-1,-1
1424,258,1524,351,258,244,1,-1,-1,-1
1425,258,1524,351,258,244,1,-1,-1,-1
1426,258,1524,351,258,244,1,-1,-1,-1
1427,258,1524,351,258,244,1,-1,-1,-1
1428,258,1524,351,258,244,1,-1,-1,-1
1429,258,1524,351,258,244,1,-1,-1,-1
1430,258,1524,351,258,244,1,-1,-1,-1
1431,258,1524,351,258,244,1,-1,-1,-1
1432,258,1524,351,258,244,1,-1,-1,-1
1433,258,1524,351,258,244,1,-1,-1,-1
1434,258,1524,351,258,244,1,-1,-1,-1
1435,258,1524,351,258,244,1,-1,-1,-1
1436,258,1524,351,258,244,1,-1,-1,-1
1437,258,1524,351,258,244,1,-1,-1,-1
1438,258,1524,351,258,244,1,-1,-1,-1
1439,258,1524,351,258,244,1,-1,-1,-1
1440,258,1524,351,258,244,1,-1,-1,-1
1441,258,1524,351,258,244,1,-1,-1,-1
1442,258,1524,351,258,244,1,-1,-1,-1
1443,258,1524,351,258,244,1,-1,-1,-1
1444,258,1524,351,258,244,1,-1,-1,-1
1445,258,1524,351,258,244,1,-1,-1,-1
1446,258,1524,351,258,244,1,-1,-1,-1
1447,258,1524,351,258,244,1,-1,-1,-1
1448,258,1524,351,258,244,1,-1,-1,-1
1449,258,1524,351,258,244,1,-1,-1,-1
1450,258,1524,351,258,244,1,-1,-1,-1
1451,258,1524,351,258,244,1,-1,-1,-1
1452,258,1524,351,258,244,1,-1,-1,-1
1453,258,1524,351,258,244,1,-1,-1,-1
1454,258,1524,351,258,244,1,-1,-1,-1
1455,258,1524,351,258,244,1,-1,-1,-1
1456,258,1524,351,258,244,1,-1,-1,-1
1457,258,1524,351,258,244,1,-1,-1,-1
1458,258,1524,351,258,244,1,-1,-1,-1
1459,258,1524,351,258,244,1,-1,-1,-1
1460,258,1524,351,258,244,1,-1,-1,-1
1461,258,1524,351,258,244,1,-1,-1,-1
1462,258,1524,351,258,244,1,-1,-1,-1
1463,258,1524,351,258,244,1,-1,-1,-1
1464,251,1490,787,1070,466,1,-1,-1,-1
1464,258,1524,351,258,244,1,-1,-1,-1
1465,251,1280,781,1125,458,1,-1,-1,-1
1465,258,1524,351,258,244,1,-1,-1,-1
1466,251,1071,776,1118,450,1,-1,-1,-1
1466,258,1524,351,258,244,1,-1,-1,-1
1467,251,864,771,1110,442,1,-1,-1,-1
1467,258,1524,351,258,244,1,-1,-1,-1
1468,251,663,755,1115,444,1,-1,-1,-1
1468,258,1524,351,258,244,1,-1,-1,-1
1469,251,464,740,1121,447,1,-1,-1,-1
1469,258,1524,351,258,244,1,-1,-1,-1
1470,251,265,725,1126,450,1,-1,-1,-1
1470,258,1524,351,258,244,1,-1,-1,-1
1471,258,1524,351,258,244,1,-1,-1,-1
1472,258,1524,351,258,244,1,-1,-1,-1
1473,258,1524,351,258,244,1,-1,-1,-1
1474,258,1524,351,258,244,1,-1,-1,-1
1475,258,1524,351,258,244,1,-1,-1,-1
1476,258,1524,351,258,244,1,-1,-1,-1
1477,258,1524,351,258,244,1,-1,-1,-1
1478,258,1524,351,258,244,1,-1,-1,-1
1479,258,1524,351,258,244,1,-1,-1,-1
1480,258,1524,351,258,244,1,-1,-1,-1
1481,258,1524,351,258,244,1,-1,-1,-1
1482,258,1524,351,258,244,1,-1,-1,-1
1483,258,1524,351,258,244,1,-1,-1,-1
1484,258,1524,351,258,244,1,-1,-1,-1
1485,258,1524,351,258,244,1,-1,-1,-1
1486,258,1524,351,258,244,1,-1,-1,-1
1487,258,1524,351,258,244,1,-1,-1,-1
1488,258,1524,351,258,244,1,-1,-1,-1
1489,258,1524,351,258,244,1,-1,-1,-1
1490,258,1524,351,258,244,1,-1,-1,-1
1491,258,1524,351,258,244,1,-1,-1,-1
1492,258,1524,351,258,244,1,-1,-1,-1
1493,258,1524,351,258,244,1,-1,-1,-1
1494,258,1524,351,258,244,1,-1,-1,-1
1495,258,1524,351,258,244,1,-1,-1,-1
1496,258,1524,351,258,244,1,-1,-1,-1
1497,258,1524,351,258,244,1,-1,-1,-1
1498,258,1524,351,258,244,1,-1,-1,-1
1499,258,1524,351,258,244,1,-1,-1,-1
1500,258,1524,351,258,244,1,-1,-1,-1
1501,258,1524,351,258,244,1,-1,-1,-1
1502,258,1524,351,258,244,1,-1,-1,-1
1503,258,1524,351,258,244,1,-1,-1,-1
1504,258,1524,351,258,244,1,-1,-1,-1
1505,258,1524,351,258,244,1,-1,-1,-1
1506,258,1524,351,258,244,1,-1,-1,-1
1507,258,1524,351,258,244,1,-1,-1,-1
1508,258,1524,351,258,244,1,-1,-1,-1
1509,258,1524,351,258,244,1,-1,-1,-1
1510,258,1524,351,258,244,1,-1,-1,-1
1511,258,1524,351,258,244,1,-1,-1,-1
1512,258,1524,351,258,244,1,-1,-1,-1
1513,258,1524,351,258,244,1,-1,-1,-1
1514,258,1524,351,258,244,1,-1,-1,-1
1515,258,1524,351,258,244,1,-1,-1,-1
1516,258,1524,351,258,244,1,-1,-1,-1
1517,258,1524,351,258,244,1,-1,-1,-1
1518,258,1524,351,258,244,1,-1,-1,-1
1519,258,1524,351,258,244,1,-1,-1,-1
1520,258,1524,351,258,244,1,-1,-1,-1
1521,258,1524,351,258,244,1,-1,-1,-1
1522,258,1524,351,258,244,1,-1,-1,-1
1523,258,1524,351,258,244,1,-1,-1,-1
1524,258,1524,351,258,244,1,-1,-1,-1
1525,258,1524,351,258,244,1,-1,-1,-1
1526,258,1524,351,258,244,1,-1,-1,-1
1527,258,1524,351,258,244,1,-1,-1,-1
1528,258,1524,351,258,244,1,-1,-1,-1
1529,258,1524,351,258,244,1,-1,-1,-1
1530,258,1524,351,258,244,1,-1,-1,-1
1531,258,1524,351,258,244,1,-1,-1,-1
1532,258,1524,351,258,244,1,-1,-1,-1
1533,258,1524,351,258,244,1,-1,-1,-1
1534,258,1524,351,258,244,1,-1,-1,-1
1535,258,1524,351,258,244,1,-1,-1,-1
1536,258,1524,351,258,244,1,-1,-1,-1
1537,258,1524,351,258,244,1,-1,-1,-1
1538,258,1524,351,258,244,1,-1,-1,-1
1539,258,1524,351,258,244,1,-1,-1,-1
1540,258,1524,351,258,244,1,-1,-1,-1
1541,258,1524,351,258,244,1,-1,-1,-1
1542,258,1524,351,258,244,1,-1,-1,-1
1543,258,1524,351,258,244,1,-1,-1,-1
1544,258,1524,351,258,244,1,-1,-1,-1
1545,258,1524,351,258,244,1,-1,-1,-1
1546,258,1524,351,258,244,1,-1,-1,-1
1547,258,1524,351,258,244,1,-1,-1,-1
1548,258,1524,351,258,244,1,-1,-1,-1
1549,258,1524,351,258,244,1,-1,-1,-1
1550,258,1524,351,258,244,1,-1,-1,-1
1551,258,1524,351,258,244,1,-1,-1,-1
1552,258,1524,351,258,244,1,-1,-1,-1
1553,258,1524,351,258,244,1,-1,-1,-1
1554,258,1524,351,258,244,1,-1,-1,-1
1555,258,1524,351,258,244,1,-1,-1,-1
1556,258,1524,351,258,244,1,-1,-1,-1
1557,258,1524,351,258,244,1,-1,-1,-1
1558,258,1524,351,258,244,1,-1,-1,-1
1559,258,1524,351,258,244,1,-1,-1,-1
1560,258,1524,351,258,244,1,-1,-1,-1
1561,258,1524,351,258,244,1,-1,-1,-1
1562,258,1524,351,258,244,1,-1,-1,-1
1563,258,1524,351,258,244,1,-1,-1,-1
1564,258,1524,351,258,244,1,-1,-1,-1
1565,258,1524,351,258,244,1,-1,-1,-1
1566,258,1524,351,258,244,1,-1,-1,-1
1567,258,1524,352,258,244,1,-1,-1,-1
1568,258,1524,352,258,244,1,-1,-1,-1
1569,258,1524,352,258,244,1,-1,-1,-1
1570,258,1524,352,258,244,1,-1,-1,-1
1571,258,1524,352,258,244,1,-1,-1,-1
1572,258,1524,352,258,244,1,-1,-1,-1
1573,258,1524,352,258,244,1,-1,-1,-1
1574,258,1524,352,258,244,1,-1,-1,-1
1575,258,1524,352,258,244,1,-1,-1,-1
1576,258,1524,352,258,244,1,-1,-1,-1
1577,258,1524,352,258,244,1,-1,-1,-1
1578,258,1524,352,258,244,1,-1,-1,-1
1579,258,1524,352,258,244,1,-1,-1,-1
1580,258,1524,352,258,244,1,-1,-1,-1
1581,258,1524,352,258,244,1,-1,-1,-1
1582,258,1524,352,258,244,1,-1,-1,-1
1583,258,1524,352,258,244,1,-1,-1,-1
1584,258,1524,352,258,244,1,-1,-1,-1
1585,258,1524,352,258,244,1,-1,-1,-1
1586,258,1524,352,258,244,1,-1,-1,-1
1587,258,1524,352,258,244,1,-1,-1,-1
1588,258,1524,352,258,244,1,-1,-1,-1
1589,258,1524,352,258,244,1,-1,-1,-1
1590,258,1524,352,258,244,1,-1,-1,-1
1591,258,1524,352,258,244,1,-1,-1,-1
1592,258,1524,352,258,244,1,-1,-1,-1
1593,258,1524,352,258,244,1,-1,-1,-1
1594,258,1524,352,258,244,1,-1,-1,-1
1595,258,1524,352,258,244,1,-1,-1,-1
1596,258,1524,352,258,244,1,-1,-1,-1
1597,258,1524,352,258,244,1,-1,-1,-1
1598,258,1524,352,258,244,1,-1,-1,-1
1599,258,1524,352,258,244,1,-1,-1,-1
1600,258,1524,352,258,244,1,-1,-1,-1
1601,258,1524,352,258,244,1,-1,-1,-1
1602,258,1524,352,258,244,1,-1,-1,-1
1603,258,1524,352,258,244,1,-1,-1,-1
1604,258,1524,352,258,244,1,-1,-1,-1
1605,258,1524,352,258,244,1,-1,-1,-1
1606,258,1524,352,258,244,1,-1,-1,-1
1607,258,1524,352,258,244,1,-1,-1,-1
1608,258,1524,352,258,244,1,-1,-1,-1
1609,258,1524,352,258,244,1,-1,-1,-1
1610,258,1524,352,258,244,1,-1,-1,-1
1611,258,1524,352,258,244,1,-1,-1,-1
1612,258,1524,352,258,244,1,-1,-1,-1
1613,258,1524,352,258,244,1,-1,-1,-1
1614,258,1524,352,258,244,1,-1,-1,-1
1615,258,1524,352,258,244,1,-1,-1,-1
1616,258,1524,352,258,244,1,-1,-1,-1
1617,258,1524,352,258,244,1,-1,-1,-1
1618,258,1524,352,258,244,1,-1,-1,-1
1619,258,1524,352,258,244,1,-1,-1,-1
1620,258,1524,352,258,244,1,-1,-1,-1
1621,258,1524,352,258,244,1,-1,-1,-1
1622,258,1524,352,258,244,1,-1,-1,-1
1623,258,1524,352,258,244,1,-1,-1,-1
1624,258,1524,352,258,244,1,-1,-1,-1
1625,258,1524,352,258,244,1,-1,-1,-1
1626,258,1524,352,258,244,1,-1,-1,-1
1627,258,1524,352,258,244,1,-1,-1,-1
1628,258,1524,352,258,244,1,-1,-1,-1
1629,258,1524,352,258,244,1,-1,-1,-1
1630,258,1524,352,258,244,1,-1,-1,-1
1631,258,1524,352,258,244,1,-1,-1,-1
1632,258,1524,352,258,244,1,-1,-1,-1
1633,258,1524,352,258,244,1,-1,-1,-1
1634,258,1524,352,258,244,1,-1,-1,-1
1635,258,1524,352,258,244,1,-1,-1,-1
1636,258,1524,352,258,244,1,-1,-1,-1
1637,258,1524,352,258,244,1,-1,-1,-1
1638,258,1524,352,258,244,1,-1,-1,-1
1639,258,1524,352,258,244,1,-1,-1,-1
1640,258,1524,352,258,244,1,-1,-1,-1
1641,258,1524,352,258,244,1,-1,-1,-1
1642,258,1524,352,258,244,1,-1,-1,-1
1643,258,1524,352,258,244,1,-1,-1,-1
1644,258,1524,352,258,244,1,-1,-1,-1
1645,258,1524,352,258,244,1,-1,-1,-1
1646,258,1524,352,259,244,1,-1,-1,-1
1647,258,1524,352,259,244,1,-1,-1,-1
1648,258,1524,352,259,244,1,-1,-1,-1
1649,258,1524,352,259,244,1,-1,-1,-1
1650,258,1524,352,259,244,1,-1,-1,-1
1651,258,1524,352,259,244,1,-1,-1,-1
1652,258,1524,352,259,244,1,-1,-1,-1
1653,258,1524,352,259,244,1,-1,-1,-1
1654,258,1524,352,259,244,1,-1,-1,-1
1655,258,1524,352,259,244,1,-1,-1,-1
1656,258,1524,352,259,244,1,-1,-1,-1
1657,258,1524,352,259,244,1,-1,-1,-1
1658,258,1524,352,259,244,1,-1,-1,-1
1659,258,1524,352,259,244,1,-1,-1,-1
1660,258,1524,352,259,244,1,-1,-1,-1
1661,258,1524,352,259,244,1,-1,-1,-1
1662,258,1524,352,259,244,1,-1,-1,-1
1663,258,1524,352,259,244,1,-1,-1,-1
1664,258,1524,352,259,244,1,-1,-1,-1
1665,258,1524,352,259,244,1,-1,-1,-1
1666,258,1524,352,259,244,1,-1,-1,-1
1667,258,1524,352,259,244,1,-1,-1,-1
1668,258,1524,352,259,244,1,-1,-1,-1
1669,258,1524,352,259,244,1,-1,-1,-1
1670,258,1524,352,259,244,1,-1,-1,-1
1671,258,1524,352,259,244,1,-1,-1,-1
1672,258,1524,352,259,244,1,-1,-1,-1
1673,258,1524,352,259,244,1,-1,-1,-1
1674,258,1524,352,259,244,1,-1,-1,-1
1675,258,1524,352,259,244,1,-1,-1,-1
1676,258,1524,352,259,244,1,-1,-1,-1
1677,258,1524,352,259,244,1,-1,-1,-1
1678,258,1524,352,259,244,1,-1,-1,-1
1679,258,1524,352,259,244,1,-1,-1,-1
1680,258,1524,352,259,244,1,-1,-1,-1
1681,258,1524,352,259,244,1,-1,-1,-1
1682,258,1524,352,259,244,1,-1,-1,-1
1683,258,1524,352,259,244,1,-1,-1,-1
1684,258,1524,352,259,244,1,-1,-1,-1
1685,258,1524,352,259,244,1,-1,-1,-1
1686,258,1524,352,259,244,1,-1,-1,-1
1687,258,1524,352,259,244,1,-1,-1,-1
1688,252,0,870,1351,754,1,-1,-1,-1
1688,258,1524,352,259,244,1,-1,-1,-1
1689,252,267,896,1510,773,1,-1,-1,-1
1689,258,1524,352,259,244,1,-1,-1,-1
1690,252,701,939,1503,765,1,-1,-1,-1
1690,258,1524,352,259,244,1,-1,-1,-1
1691,252,1127,974,1433,762,1,-1,-1,-1
1691,258,1524,352,259,244,1,-1,-1,-1
1692,258,1524,352,259,244,1,-1,-1,-1
1693,258,1524,352,259,244,1,-1,-1,-1
1694,258,1524,352,259,244,1,-1,-1,-1
1695,258,1524,352,259,244,1,-1,-1,-1
1696,258,1524,352,259,244,1,-1,-1,-1
1697,258,1524,352,259,244,1,-1,-1,-1
1698,258,1524,352,259,244,1,-1,-1,-1
1699,258,1524,352,259,244,1,-1,-1,-1
1700,258,1524,352,259,244,1,-1,-1,-1
1701,258,1524,352,259,244,1,-1,-1,-1
1702,258,1524,352,259,244,1,-1,-1,-1
1703,258,1524,352,259,244,1,-1,-1,-1
1704,258,1524,352,259,244,1,-1,-1,-1
1705,258,1524,352,259,244,1,-1,-1,-1
1706,258,1524,352,259,244,1,-1,-1,-1
1707,258,1524,352,259,244,1,-1,-1,-1
1708,258,1524,352,259,244,1,-1,-1,-1
1709,258,1524,352,259,244,1,-1,-1,-1
1710,258,1524,352,259,244,1,-1,-1,-1
1711,258,1524,352,259,244,1,-1,-1,-1
1712,258,1524,352,259,244,1,-1,-1,-1
1713,258,1524,352,259,244,1,-1,-1,-1
1714,258,1524,352,259,244,1,-1,-1,-1
1715,258,1524,352,259,244,1,-1,-1,-1
1716,258,1524,352,259,244,1,-1,-1,-1
1717,258,1524,352,259,244,1,-1,-1,-1
1718,258,1524,352,259,244,1,-1,-1,-1
1719,258,1524,352,259,244,1,-1,-1,-1
1720,258,1524,352,259,244,1,-1,-1,-1
1721,258,1524,352,259,244,1,-1,-1,-1
1722,258,1524,352,259,244,1,-1,-1,-1
1723,258,1524,352,259,244,1,-1,-1,-1
1724,258,1524,352,259,244,1,-1,-1,-1
1725,258,1524,352,259,244,1,-1,-1,-1
1726,258,1524,352,259,244,1,-1,-1,-1
1727,258,1524,352,259,244,1,-1,-1,-1
1728,258,1524,352,259,244,1,-1,-1,-1
1729,258,1524,352,259,244,1,-1,-1,-1
1730,258,1524,352,259,244,1,-1,-1,-1
1731,258,1524,352,259,244,1,-1,-1,-1
1732,258,1524,352,259,244,1,-1,-1,-1
1733,258,1524,352,259,244,1,-1,-1,-1
1734,258,1524,352,259,244,1,-1,-1,-1
1735,258,1524,352,259,244,1,-1,-1,-1
1736,258,1524,352,259,244,1,-1,-1,-1
1737,258,1524,352,259,244,1,-1,-1,-1
1738,258,1524,352,259,244,1,-1,-1,-1
1739,258,1524,352,259,244,1,-1,-1,-1
1740,258,1524,352,259,244,1,-1,-1,-1
1741,258,1524,352,259,244,1,-1,-1,-1
1742,258,1524,352,259,244,1,-1,-1,-1
1743,258,1524,352,259,244,1,-1,-1,-1
1744,258,1524,352,259,244,1,-1,-1,-1
1745,258,1524,352,259,244,1,-1,-1,-1
1746,258,1524,352,259,244,1,-1,-1,-1
1747,258,1524,352,259,244,1,-1,-1,-1
1748,258,1524,352,259,244,1,-1,-1,-1
1749,258,1524,352,259,244,1,-1,-1,-1
1750,258,1524,352,259,244,1,-1,-1,-1
1751,258,1524,352,259,244,1,-1,-1,-1
1752,258,1524,352,259,244,1,-1,-1,-1
1753,258,1524,352,259,244,1,-1,-1,-1
1754,258,1524,352,259,244,1,-1,-1,-1
1755,258,1524,352,259,244,1,-1,-1,-1
1756,258,1524,352,259,244,1,-1,-1,-1
1757,258,1524,352,259,244,1,-1,-1,-1
1758,258,1524,352,259,244,1,-1,-1,-1
1759,258,1524,352,259,244,1,-1,-1,-1
1760,258,1524,352,259,244,1,-1,-1,-1
1761,258,1524,352,259,244,1,-1,-1,-1
1762,258,1524,352,259,244,1,-1,-1,-1
1763,258,1524,352,259,244,1,-1,-1,-1
1764,258,1524,352,259,244,1,-1,-1,-1
1765,258,1524,352,259,244,1,-1,-1,-1
1766,258,1524,352,259,244,1,-1,-1,-1
1767,258,1524,352,259,244,1,-1,-1,-1
1768,258,1524,352,259,244,1,-1,-1,-1
1769,258,1524,352,259,244,1,-1,-1,-1
1770,258,1524,352,259,244,1,-1,-1,-1
1771,258,1524,352,259,244,1,-1,-1,-1
1772,258,1524,352,259,244,1,-1,-1,-1
1773,258,1524,352,259,244,1,-1,-1,-1
1774,258,1524,352,259,244,1,-1,-1,-1
1775,258,1524,352,259,244,1,-1,-1,-1
1776,258,1524,352,259,244,1,-1,-1,-1
1777,258,1524,352,259,244,1,-1,-1,-1
1778,258,1524,352,259,244,1,-1,-1,-1
1779,258,1524,352,259,244,1,-1,-1,-1
1780,258,1524,352,259,244,1,-1,-1,-1
1781,258,1524,352,259,244,1,-1,-1,-1
1782,258,1524,352,259,244,1,-1,-1,-1
1783,258,1524,352,259,244,1,-1,-1,-1
1784,258,1524,352,259,244,1,-1,-1,-1
1785,258,1524,352,259,244,1,-1,-1,-1
1786,258,1524,352,259,244,1,-1,-1,-1
1787,258,1524,352,259,244,1,-1,-1,-1
1788,258,1524,352,259,244,1,-1,-1,-1
1789,258,1524,352,259,244,1,-1,-1,-1
1790,258,1524,352,259,244,1,-1,-1,-1
1791,258,1524,352,259,244,1,-1,-1,-1
1792,258,1524,352,259,244,1,-1,-1,-1
1793,258,1524,352,259,244,1,-1,-1,-1
1794,258,1524,352,259,244,1,-1,-1,-1
1795,258,1524,352,259,244,1,-1,-1,-1
1796,258,1524,352,259,244,1,-1,-1,-1
1797,258,1524,352,259,244,1,-1,-1,-1
1798,258,1524,352,259,244,1,-1,-1,-1
1799,258,1524,352,259,244,1,-1,-1,-1
1800,258,1524,352,259,244,1,-1,-1,-1
1801,258,1524,352,259,244,1,-1,-1,-1
1802,258,1524,352,259,244,1,-1,-1,-1
1803,258,1524,352,259,244,1,-1,-1,-1
1804,258,1524,352,259,244,1,-1,-1,-1
1805,258,1524,352,259,244,1,-1,-1,-1
1806,258,1524,352,259,244,1,-1,-1,-1
1807,258,1524,352,259,244,1,-1,-1,-1
1808,258,1524,352,259,244,1,-1,-1,-1
1809,258,1524,352,259,244,1,-1,-1,-1
1810,258,1524,352,259,244,1,-1,-1,-1
1811,258,1524,352,259,244,1,-1,-1,-1
1812,258,1524,352,259,244,1,-1,-1,-1
1813,258,1524,352,259,244,1,-1,-1,-1
1814,258,1524,352,259,244,1,-1,-1,-1
1815,258,1524,352,259,244,1,-1,-1,-1
1816,258,1524,352,259,244,1,-1,-1,-1
1817,258,1524,352,259,244,1,-1,-1,-1
1818,258,1524,352,259,244,1,-1,-1,-1
1819,258,1524,352,259,244,1,-1,-1,-1
1820,258,1524,352,259,244,1,-1,-1,-1
1821,258,1524,352,259,244,1,-1,-1,-1
1822,258,1524,352,259,244,1,-1,-1,-1
1823,258,1524,352,259,244,1,-1,-1,-1
1824,258,1524,352,259,244,1,-1,-1,-1
1825,258,1524,352,259,244,1,-1,-1,-1
1826,258,1524,352,259,244,1,-1,-1,-1
1827,258,1524,352,259,244,1,-1,-1,-1
1828,258,1524,352,259,244,1,-1,-1,-1
1829,258,1524,352,259,244,1,-1,-1,-1
1830,258,1524,352,259,244,1,-1,-1,-1
1831,258,1524,352,259,244,1,-1,-1,-1
1832,258,1524,352,259,244,1,-1,-1,-1
1833,258,1524,352,259,244,1,-1,-1,-1
1834,258,1524,352,259,244,1,-1,-1,-1
1835,258,1524,352,259,244,1,-1,-1,-1
1836,258,1524,352,259,244,1,-1,-1,-1
1837,258,1524,352,259,244,1,-1,-1,-1
1838,258,1524,352,259,244,1,-1,-1,-1
1839,258,1524,352,259,244,1,-1,-1,-1
1840,258,1524,352,259,244,1,-1,-1,-1
1841,253,38,909,1605,877,1,-1,-1,-1
1841,258,1524,352,259,244,1,-1,-1,-1
1842,253,503,945,1611,882,1,-1,-1,-1
1842,258,1524,352,259,244,1,-1,-1,-1
1843,253,984,989,1576,874,1,-1,-1,-1
1843,258,1524,352,259,244,1,-1,-1,-1
1844,258,1524,352,259,244,1,-1,-1,-1
1845,258,1524,352,259,244,1,-1,-1,-1
1846,258,1524,352,259,244,1,-1,-1,-1
1847,258,1524,352,259,244,1,-1,-1,-1
1848,258,1524,352,259,244,1,-1,-1,-1
1849,258,1524,352,259,244,1,-1,-1,-1
1850,258,1524,352,259,244,1,-1,-1,-1
1851,258,1524,352,259,244,1,-1,-1,-1
1852,258,1524,352,259,244,1,-1,-1,-1
1853,258,1524,352,259,244,1,-1,-1,-1
1854,258,1524,352,259,244,1,-1,-1,-1
1855,258,1524,352,259,244,1,-1,-1,-1
1856,258,1524,352,259,244,1,-1,-1,-1
1857,258,1524,352,259,244,1,-1,-1,-1
1858,258,1524,352,259,244,1,-1,-1,-1
1859,258,1524,352,259,244,1,-1,-1,-1
1860,258,1524,352,259,244,1,-1,-1,-1
1861,258,1524,352,259,244,1,-1,-1,-1
1862,258,1524,352,259,244,1,-1,-1,-1
1863,258,1524,352,259,244,1,-1,-1,-1
1864,258,1524,352,259,244,1,-1,-1,-1
1865,258,1524,352,259,244,1,-1,-1,-1
1866,258,1524,352,259,244,1,-1,-1,-1
1867,258,1524,352,259,244,1,-1,-1,-1
1868,258,1524,352,259,244,1,-1,-1,-1
1869,258,1524,352,259,244,1,-1,-1,-1
1870,258,1524,352,259,244,1,-1,-1,-1
1871,258,1524,352,259,244,1,-1,-1,-1
1872,258,1524,352,259,244,1,-1,-1,-1
1873,258,1524,352,259,244,1,-1,-1,-1
1874,258,1524,352,259,244,1,-1,-1,-1
1875,258,1524,352,259,244,1,-1,-1,-1
1876,258,1524,352,259,244,1,-1,-1,-1
1877,258,1524,352,259,244,1,-1,-1,-1
1878,258,1524,352,259,244,1,-1,-1,-1
1879,258,1524,352,259,244,1,-1,-1,-1
1880,258,1524,352,259,244,1,-1,-1,-1
1881,258,1524,352,259,244,1,-1,-1,-1
1882,258,1525,353,258,243,1,-1,-1,-1
1883,258,1525,353,258,243,1,-1,-1,-1
1884,258,1525,353,258,243,1,-1,-1,-1
1885,258,1526,354,257,242,1,-1,-1,-1
1886,258,1526,354,257,242,1,-1,-1,-1
1887,258,1526,355,258,242,1,-1,-1,-1
1888,258,1527,356,258,242,1,-1,-1,-1
1889,258,1527,356,259,242,1,-1,-1,-1
1890,258,1528,357,259,242,1,-1,-1,-1
1891,258,1528,358,260,242,1,-1,-1,-1
1892,258,1512,358,275,245,1,-1,-1,-1
1893,258,1514,360,275,245,1,-1,-1,-1
1894,258,1517,362,274,246,1,-1,-1,-1
1895,258,1515,362,281,249,1,-1,-1,-1
1896,258,1512,362,286,250,1,-1,-1,-1
1897,258,1515,362,287,252,1,-1,-1,-1
1898,258,1515,362,289,252,1,-1,-1,-1
1899,258,1519,360,289,259,1,-1,-1,-1
1900,258,1523,360,290,259,1,-1,-1,-1
1901,258,1527,361,291,258,1,-1,-1,-1
1902,258,1530,361,292,258,1,-1,-1,-1
1903,258,1534,361,293,257,1,-1,-1,-1
1904,258,1532,365,298,259,1,-1,-1,-1
1905,258,1530,368,308,259,1,-1,-1,-1
1906,258,1530,370,317,260,1,-1,-1,-1
1907,258,1531,368,326,263,1,-1,-1,-1
1908,258,1536,368,331,264,1,-1,-1,-1
1909,258,1538,370,347,265,1,-1,-1,-1
1910,258,1543,374,363,264,1,-1,-1,-1
1911,258,1544,378,385,263,1,-1,-1,-1
1912,258,1547,380,398,265,1,-1,-1,-1
1913,258,1547,381,413,267,1,-1,-1,-1
1914,258,1544,382,431,270,1,-1,-1,-1
1915,258,1556,382,441,272,1,-1,-1,-1
1916,258,1567,381,451,274,1,-1,-1,-1
1917,258,1576,383,451,278,1,-1,-1,-1
1918,258,1583,384,457,282,1,-1,-1,-1
1919,258,1588,386,466,287,1,-1,-1,-1
1920,258,1595,386,476,292,1,-1,-1,-1
1921,258,1601,392,486,292,1,-1,-1,-1
1922,258,1605,396,501,289,1,-1,-1,-1
1923,258,1630,397,512,287,1,-1,-1,-1
1924,258,1644,397,508,294,1,-1,-1,-1
1925,258,1659,400,509,292,1,-1,-1,-1
1926,258,1674,405,514,286,1,-1,-1,-1
1927,258,1686,407,519,284,1,-1,-1,-1
1928,258,1694,406,526,287,1,-1,-1,-1
1929,258,1710,407,564,285,1,-1,-1,-1
1930,258,1728,410,553,287,1,-1,-1,-1
1931,258,1754,409,541,286,1,-1,-1,-1
1932,258,1773,408,535,281,1,-1,-1,-1
1933,258,1802,410,528,283,1,-1,-1,-1
1934,258,1831,412,521,285,1,-1,-1,-1
1935,258,1859,414,515,288,1,-1,-1,-1
1936,258,1888,416,508,290,1,-1,-1,-1
1937,258,1917,418,501,292,1,-1,-1,-1
1938,258,1943,421,502,292,1,-1,-1,-1
1939,258,1969,423,503,291,1,-1,-1,-1
1940,258,1995,426,503,291,1,-1,-1,-1
1941,258,2021,428,504,290,1,-1,-1,-1
1942,258,2047,431,505,290,1,-1,-1,-1
1943,258,2068,436,492,289,1,-1,-1,-1
1944,258,2096,438,464,289,1,-1,-1,-1
1945,258,2122,442,438,287,1,-1,-1,-1
1946,258,2150,440,410,292,1,-1,-1,-1
2124,254,1669,753,891,493,1,-1,-1,-1
2125,254,1494,738,1062,490,1,-1,-1,-1
2126,254,1319,724,1047,487,1,-1,-1,-1
2127,254,1144,710,1032,484,1,-1,-1,-1
2128,254,967,693,1021,485,1,-1,-1,-1
2129,254,790,684,1013,480,1,-1,-1,-1
2130,254,623,668,1007,481,1,-1,-1,-1
2131,254,455,652,1000,481,1,-1,-1,-1
2132,254,299,642,986,471,1,-1,-1,-1
2133,254,142,632,972,460,1,-1,-1,-1
2134,254,0,617,960,452,1,-1,-1,-1
2314,255,138,1058,1462,803,1,-1,-1,-1
2315,255,598,1097,1466,797,1,-1,-1,-1
2316,255,1068,1133,1475,782,1,-1,-1,-1
2364,256,1537,773,1006,412,1,-1,-1,-1
2365,256,1217,737,1080,440,1,-1,-1,-1
2366,256,945,719,1076,440,1,-1,-1,-1
2367,256,684,698,1056,440,1,-1,-1,-1
2368,256,424,678,1036,440,1,-1,-1,-1
2369,256,200,675,966,404,1,-1,-1,-1
2370,256,0,663,898,382,1,-1,-1,-1
