1,299,405,104,204,181,1,-1,-1,-1
1,306,1068,269,602,490,1,-1,-1,-1
2,299,383,94,244,196,1,-1,-1,-1
2,306,1097,265,576,504,1,-1,-1,-1
3,299,379,96,246,198,1,-1,-1,-1
3,305,1612,143,308,324,1,-1,-1,-1
3,306,1112,264,592,527,1,-1,-1,-1
4,299,376,97,246,199,1,-1,-1,-1
4,305,1594,140,326,318,1,-1,-1,-1
4,306,1121,266,617,545,1,-1,-1,-1
5,299,371,99,250,199,1,-1,-1,-1
5,305,1583,137,337,318,1,-1,-1,-1
5,306,1130,269,634,551,1,-1,-1,-1
6,299,368,100,251,200,1,-1,-1,-1
6,305,1583,137,337,318,1,-1,-1,-1
6,306,1138,278,640,549,1,-1,-1,-1
7,299,364,102,253,200,1,-1,-1,-1
7,305,1563,141,357,306,1,-1,-1,-1
7,306,1159,285,664,548,1,-1,-1,-1
8,299,355,104,256,200,1,-1,-1,-1
8,305,1552,134,360,307,1,-1,-1,-1
8,306,1165,293,674,562,1,-1,-1,-1
9,299,347,107,261,198,1,-1,-1,-1
9,305,1534,133,362,303,1,-1,-1,-1
9,306,1182,299,679,580,1,-1,-1,-1
10,299,341,107,259,204,1,-1,-1,-1
10,305,1516,132,364,299,1,-1,-1,-1
10,306,1191,306,702,593,1,-1,-1,-1
11,299,337,106,255,208,1,-1,-1,-1
11,305,1497,131,366,295,1,-1,-1,-1
11,306,1208,303,712,608,1,-1,-1,-1
12,299,331,104,255,212,1,-1,-1,-1
12,305,1479,130,368,291,1,-1,-1,-1
12,306,1234,324,686,623,1,-1,-1,-1
13,299,325,109,259,208,1,-1,-1,-1
13,305,1461,129,370,287,1,-1,-1,-1
13,306,1252,338,668,627,1,-1,-1,-1
14,299,320,110,260,208,1,-1,-1,-1
14,305,1450,124,371,293,1,-1,-1,-1
14,306,1302,344,618,631,1,-1,-1,-1
15,299,309,115,263,206,1,-1,-1,-1
15,305,1434,124,355,289,1,-1,-1,-1
16,299,306,113,266,212,1,-1,-1,-1
16,305,1423,125,354,286,1,-1,-1,-1
17,299,302,111,273,217,1,-1,-1,-1
17,305,1410,125,349,285,1,-1,-1,-1
18,299,297,111,276,219,1,-1,-1,-1
18,305,1397,122,347,285,1,-1,-1,-1
19,299,295,112,275,219,1,-1,-1,-1
19,305,1385,120,352,285,1,-1,-1,-1
20,299,293,111,271,222,1,-1,-1,-1
20,305,1371,118,344,281,1,-1,-1,-1
21,299,292,111,266,226,1,-1,-1,-1
21,305,1368,118,343,279,1,-1,-1,-1
22,299,292,111,264,228,1,-1,-1,-1
22,305,1368,118,340,281,1,-1,-1,-1
23,299,292,111,264,228,1,-1,-1,-1
23,305,1368,118,340,281,1,-1,-1,-1
24,299,292,111,264,228,1,-1,-1,-1
24,305,1368,118,340,281,1,-1,-1,-1
25,299,292,111,264,228,1,-1,-1,-1
25,305,1368,118,340,281,1,-1,-1,-1
26,299,292,111,264,228,1,-1,-1,-1
26,305,1368,118,340,281,1,-1,-1,-1
27,299,292,111,264,228,1,-1,-1,-1
27,305,1368,118,340,281,1,-1,-1,-1
28,299,292,111,264,228,1,-1,-1,-1
28,305,1368,118,340,281,1,-1,-1,-1
29,299,292,111,264,228,1,-1,-1,-1
29,305,1368,118,340,281,1,-1,-1,-1
30,299,292,111,264,228,1,-1,-1,-1
30,305,1368,118,340,281,1,-1,-1,-1
31,299,302,115,238,210,1,-1,-1,-1
31,305,1380,116,311,268,1,-1,-1,-1
32,299,270,128,253,226,1,-1,-1,-1
32,305,1281,107,276,245,1,-1,-1,-1
33,299,251,115,292,252,1,-1,-1,-1
33,305,1271,107,277,243,1,-1,-1,-1
33,327,1610,176,310,300,1,-1,-1,-1
34,299,249,114,297,256,1,-1,-1,-1
34,305,1260,108,278,242,1,-1,-1,-1
34,327,1593,170,327,301,1,-1,-1,-1
35,299,252,126,296,253,1,-1,-1,-1
35,305,1250,108,279,240,1,-1,-1,-1
35,327,1584,167,336,298,1,-1,-1,-1
36,299,250,125,299,257,1,-1,-1,-1
36,305,1239,109,280,238,1,-1,-1,-1
36,327,1565,166,355,295,1,-1,-1,-1
37,299,251,128,297,256,1,-1,-1,-1
37,305,1229,109,281,236,1,-1,-1,-1
37,327,1532,148,388,319,1,-1,-1,-1
38,299,248,128,305,259,1,-1,-1,-1
38,305,1218,110,282,235,1,-1,-1,-1
38,327,1519,147,396,317,1,-1,-1,-1
39,299,246,128,309,261,1,-1,-1,-1
39,305,1208,110,283,233,1,-1,-1,-1
39,327,1491,142,403,308,1,-1,-1,-1
40,299,245,128,314,262,1,-1,-1,-1
40,305,1204,108,283,234,1,-1,-1,-1
40,327,1492,141,398,310,1,-1,-1,-1
41,299,249,134,310,262,1,-1,-1,-1
41,305,1202,105,278,237,1,-1,-1,-1
41,327,1517,150,369,295,1,-1,-1,-1
42,299,254,141,309,261,1,-1,-1,-1
42,305,1176,103,284,237,1,-1,-1,-1
42,327,1471,134,383,304,1,-1,-1,-1
43,299,259,146,311,264,1,-1,-1,-1
43,305,1176,99,270,238,1,-1,-1,-1
43,327,1450,133,385,296,1,-1,-1,-1
44,299,262,150,316,262,1,-1,-1,-1
44,305,1169,97,266,235,1,-1,-1,-1
44,327,1421,127,389,296,1,-1,-1,-1
45,299,263,151,320,265,1,-1,-1,-1
45,305,1161,102,270,230,1,-1,-1,-1
45,327,1416,126,381,294,1,-1,-1,-1
46,299,266,154,323,265,1,-1,-1,-1
46,305,1151,101,274,230,1,-1,-1,-1
46,327,1407,125,371,292,1,-1,-1,-1
47,299,267,152,326,271,1,-1,-1,-1
47,305,1142,101,276,228,1,-1,-1,-1
47,327,1399,125,361,286,1,-1,-1,-1
48,299,270,155,326,272,1,-1,-1,-1
48,305,1136,98,275,230,1,-1,-1,-1
48,327,1389,124,360,283,1,-1,-1,-1
49,299,272,156,327,277,1,-1,-1,-1
49,305,1132,95,270,231,1,-1,-1,-1
49,327,1381,121,360,284,1,-1,-1,-1
50,299,272,160,331,283,1,-1,-1,-1
50,305,1123,95,254,220,1,-1,-1,-1
50,327,1351,119,370,279,1,-1,-1,-1
51,299,271,160,336,292,1,-1,-1,-1
51,305,1127,91,244,224,1,-1,-1,-1
51,327,1347,119,364,277,1,-1,-1,-1
52,299,270,160,339,294,1,-1,-1,-1
52,305,1127,90,241,223,1,-1,-1,-1
52,327,1345,120,361,275,1,-1,-1,-1
53,299,270,160,339,294,1,-1,-1,-1
53,305,1127,90,241,223,1,-1,-1,-1
53,327,1345,120,361,275,1,-1,-1,-1
54,299,270,160,339,294,1,-1,-1,-1
54,305,1127,90,241,223,1,-1,-1,-1
54,327,1345,120,361,275,1,-1,-1,-1
55,299,270,160,339,294,1,-1,-1,-1
55,305,1127,90,241,223,1,-1,-1,-1
55,327,1345,120,361,275,1,-1,-1,-1
56,299,270,160,339,294,1,-1,-1,-1
56,305,1127,90,241,223,1,-1,-1,-1
56,327,1345,120,361,275,1,-1,-1,-1
57,299,270,160,339,294,1,-1,-1,-1
57,305,1127,90,241,223,1,-1,-1,-1
57,327,1345,120,361,275,1,-1,-1,-1
58,299,270,160,339,294,1,-1,-1,-1
58,305,1127,90,241,223,1,-1,-1,-1
58,327,1345,120,361,275,1,-1,-1,-1
59,299,270,160,339,294,1,-1,-1,-1
59,305,1127,90,241,223,1,-1,-1,-1
59,327,1345,120,361,275,1,-1,-1,-1
60,299,270,160,339,294,1,-1,-1,-1
60,305,1127,90,241,223,1,-1,-1,-1
60,327,1345,120,361,275,1,-1,-1,-1
61,299,292,166,314,280,1,-1,-1,-1
61,305,1135,94,238,219,1,-1,-1,-1
61,327,1345,120,361,275,1,-1,-1,-1
62,299,326,203,354,320,1,-1,-1,-1
62,305,1065,96,216,203,1,-1,-1,-1
62,309,354,115,195,151,1,-1,-1,-1
62,327,1243,116,321,255,1,-1,-1,-1
63,299,309,205,397,322,1,-1,-1,-1
63,305,1054,91,227,205,1,-1,-1,-1
63,309,346,111,198,156,1,-1,-1,-1
63,327,1225,115,328,244,1,-1,-1,-1
64,299,304,203,410,334,1,-1,-1,-1
64,305,1050,91,224,206,1,-1,-1,-1
64,309,337,106,201,161,1,-1,-1,-1
64,327,1221,116,316,239,1,-1,-1,-1
65,299,308,208,416,344,1,-1,-1,-1
65,305,1043,91,224,206,1,-1,-1,-1
65,309,329,102,203,166,1,-1,-1,-1
65,327,1213,115,309,235,1,-1,-1,-1
66,299,311,214,423,354,1,-1,-1,-1
66,305,1034,92,227,206,1,-1,-1,-1
66,309,320,97,206,171,1,-1,-1,-1
66,327,1206,116,304,231,1,-1,-1,-1
67,299,315,219,429,364,1,-1,-1,-1
67,305,1027,92,227,206,1,-1,-1,-1
67,309,314,94,209,176,1,-1,-1,-1
67,327,1198,114,303,233,1,-1,-1,-1
68,299,316,218,431,366,1,-1,-1,-1
68,305,1019,92,227,207,1,-1,-1,-1
68,309,310,91,209,180,1,-1,-1,-1
68,327,1193,112,300,234,1,-1,-1,-1
69,299,322,225,429,361,1,-1,-1,-1
69,305,1012,92,226,207,1,-1,-1,-1
69,309,307,89,209,185,1,-1,-1,-1
69,327,1188,109,299,235,1,-1,-1,-1
70,299,327,231,428,363,1,-1,-1,-1
70,305,1004,92,226,207,1,-1,-1,-1
70,309,303,87,207,186,1,-1,-1,-1
70,327,1170,109,301,235,1,-1,-1,-1
71,299,333,237,427,365,1,-1,-1,-1
71,305,1001,92,226,202,1,-1,-1,-1
71,309,299,85,204,187,1,-1,-1,-1
71,327,1169,108,296,235,1,-1,-1,-1
72,299,338,242,426,368,1,-1,-1,-1
72,305,1001,92,223,202,1,-1,-1,-1
72,309,295,86,207,188,1,-1,-1,-1
72,327,1168,106,284,238,1,-1,-1,-1
73,299,344,248,425,370,1,-1,-1,-1
73,305,995,94,221,194,1,-1,-1,-1
73,309,292,87,207,187,1,-1,-1,-1
73,327,1163,105,277,235,1,-1,-1,-1
74,299,349,254,424,372,1,-1,-1,-1
74,305,989,95,218,186,1,-1,-1,-1
74,309,289,89,208,186,1,-1,-1,-1
74,327,1161,104,271,233,1,-1,-1,-1
75,299,349,254,424,372,1,-1,-1,-1
75,305,989,95,218,186,1,-1,-1,-1
75,309,288,89,207,186,1,-1,-1,-1
75,327,1158,104,271,232,1,-1,-1,-1
76,299,349,254,424,372,1,-1,-1,-1
76,305,989,95,218,186,1,-1,-1,-1
76,309,288,89,207,186,1,-1,-1,-1
76,327,1158,104,271,232,1,-1,-1,-1
77,299,349,254,424,372,1,-1,-1,-1
77,305,989,95,218,186,1,-1,-1,-1
77,309,288,89,207,186,1,-1,-1,-1
77,327,1158,104,271,232,1,-1,-1,-1
78,299,349,254,424,372,1,-1,-1,-1
78,305,989,95,218,186,1,-1,-1,-1
78,309,288,89,207,186,1,-1,-1,-1
78,327,1158,104,271,232,1,-1,-1,-1
79,299,349,254,424,372,1,-1,-1,-1
79,305,989,95,218,186,1,-1,-1,-1
79,309,288,89,207,186,1,-1,-1,-1
79,327,1158,104,271,232,1,-1,-1,-1
80,299,349,254,424,372,1,-1,-1,-1
80,305,989,95,218,186,1,-1,-1,-1
80,309,288,88,207,187,1,-1,-1,-1
80,327,1158,104,271,232,1,-1,-1,-1
81,299,349,254,424,372,1,-1,-1,-1
81,305,989,95,218,186,1,-1,-1,-1
81,309,288,88,206,187,1,-1,-1,-1
81,327,1158,104,270,232,1,-1,-1,-1
82,299,349,254,424,372,1,-1,-1,-1
82,305,989,95,218,186,1,-1,-1,-1
82,309,288,87,206,187,1,-1,-1,-1
82,327,1158,105,270,232,1,-1,-1,-1
83,299,349,254,424,372,1,-1,-1,-1
83,305,989,95,218,186,1,-1,-1,-1
83,309,288,87,206,187,1,-1,-1,-1
83,327,1158,105,270,232,1,-1,-1,-1
84,299,349,254,424,372,1,-1,-1,-1
84,305,989,95,218,186,1,-1,-1,-1
84,309,288,87,206,187,1,-1,-1,-1
84,327,1158,105,270,232,1,-1,-1,-1
85,299,349,254,424,372,1,-1,-1,-1
85,305,989,95,218,186,1,-1,-1,-1
85,309,288,87,206,187,1,-1,-1,-1
85,327,1158,105,270,232,1,-1,-1,-1
86,299,349,254,424,372,1,-1,-1,-1
86,305,989,95,218,186,1,-1,-1,-1
86,309,288,87,206,187,1,-1,-1,-1
86,327,1158,105,270,232,1,-1,-1,-1
87,299,349,254,424,372,1,-1,-1,-1
87,305,989,95,218,186,1,-1,-1,-1
87,309,288,87,206,187,1,-1,-1,-1
87,327,1158,105,270,232,1,-1,-1,-1
88,299,349,254,424,372,1,-1,-1,-1
88,305,989,95,218,186,1,-1,-1,-1
88,309,288,87,206,187,1,-1,-1,-1
88,327,1158,105,270,232,1,-1,-1,-1
89,299,349,254,424,372,1,-1,-1,-1
89,305,989,95,218,186,1,-1,-1,-1
89,309,288,87,206,187,1,-1,-1,-1
89,327,1158,105,270,232,1,-1,-1,-1
90,299,349,254,424,372,1,-1,-1,-1
90,305,989,95,218,186,1,-1,-1,-1
90,309,288,87,206,187,1,-1,-1,-1
90,327,1158,105,270,232,1,-1,-1,-1
91,299,349,254,424,372,1,-1,-1,-1
91,305,989,95,218,186,1,-1,-1,-1
91,309,292,95,196,175,1,-1,-1,-1
91,327,1158,105,270,232,1,-1,-1,-1
92,299,405,381,659,564,1,-1,-1,-1
92,305,923,119,188,158,1,-1,-1,-1
92,309,245,111,226,203,1,-1,-1,-1
92,327,1052,110,230,194,1,-1,-1,-1
92,328,1391,139,345,281,1,-1,-1,-1
93,299,419,388,667,560,1,-1,-1,-1
93,305,922,121,186,156,1,-1,-1,-1
93,309,238,102,246,223,1,-1,-1,-1
93,327,1049,99,239,211,1,-1,-1,-1
93,328,1386,143,352,261,1,-1,-1,-1
94,299,424,396,678,576,1,-1,-1,-1
94,305,922,122,185,155,1,-1,-1,-1
94,309,235,101,250,224,1,-1,-1,-1
94,327,1044,99,239,211,1,-1,-1,-1
94,328,1360,146,351,252,1,-1,-1,-1
95,299,433,405,685,595,1,-1,-1,-1
95,305,921,124,183,153,1,-1,-1,-1
95,309,233,100,253,227,1,-1,-1,-1
95,327,1033,102,245,206,1,-1,-1,-1
95,328,1354,142,345,252,1,-1,-1,-1
96,299,437,415,706,615,1,-1,-1,-1
96,305,921,125,181,152,1,-1,-1,-1
96,309,232,100,253,230,1,-1,-1,-1
96,327,1023,102,248,205,1,-1,-1,-1
96,328,1347,136,338,256,1,-1,-1,-1
97,299,445,422,723,634,1,-1,-1,-1
97,305,920,127,179,150,1,-1,-1,-1
97,309,231,99,255,233,1,-1,-1,-1
97,327,1013,102,251,202,1,-1,-1,-1
97,328,1338,134,330,256,1,-1,-1,-1
98,299,457,454,736,618,1,-1,-1,-1
98,309,232,100,257,235,1,-1,-1,-1
98,327,1007,101,252,205,1,-1,-1,-1
98,328,1329,133,327,255,1,-1,-1,-1
99,299,469,485,748,601,1,-1,-1,-1
99,309,231,101,261,239,1,-1,-1,-1
99,327,1003,101,252,205,1,-1,-1,-1
99,328,1305,135,331,243,1,-1,-1,-1
100,299,524,491,707,597,1,-1,-1,-1
100,309,230,100,264,242,1,-1,-1,-1
100,327,1000,101,252,202,1,-1,-1,-1
100,328,1299,137,332,238,1,-1,-1,-1
101,299,540,509,720,579,1,-1,-1,-1
101,309,231,101,266,245,1,-1,-1,-1
101,327,999,101,248,201,1,-1,-1,-1
101,328,1295,142,326,230,1,-1,-1,-1
102,299,543,521,749,567,1,-1,-1,-1
102,309,229,102,270,246,1,-1,-1,-1
102,327,997,101,245,199,1,-1,-1,-1
102,328,1290,143,316,226,1,-1,-1,-1
103,309,226,104,277,249,1,-1,-1,-1
103,327,996,101,241,198,1,-1,-1,-1
103,328,1285,143,306,223,1,-1,-1,-1
104,309,222,107,286,251,1,-1,-1,-1
104,327,994,101,237,197,1,-1,-1,-1
104,328,1278,142,301,222,1,-1,-1,-1
105,309,231,105,289,255,1,-1,-1,-1
105,327,993,100,233,195,1,-1,-1,-1
105,328,1269,143,303,220,1,-1,-1,-1
106,309,230,108,294,257,1,-1,-1,-1
106,327,991,100,230,194,1,-1,-1,-1
106,328,1260,130,306,226,1,-1,-1,-1
106,329,1648,210,272,259,1,-1,-1,-1
107,309,229,109,299,262,1,-1,-1,-1
107,327,990,100,226,192,1,-1,-1,-1
107,328,1229,128,330,228,1,-1,-1,-1
107,329,1620,196,300,276,1,-1,-1,-1
108,309,231,111,305,261,1,-1,-1,-1
108,327,988,100,222,191,1,-1,-1,-1
108,328,1227,127,321,230,1,-1,-1,-1
108,329,1592,182,328,292,1,-1,-1,-1
109,309,229,123,311,260,1,-1,-1,-1
109,327,981,99,224,193,1,-1,-1,-1
109,328,1223,126,309,229,1,-1,-1,-1
109,329,1585,183,335,288,1,-1,-1,-1
110,309,230,121,314,267,1,-1,-1,-1
110,327,979,101,226,188,1,-1,-1,-1
110,328,1218,127,299,227,1,-1,-1,-1
110,329,1594,188,319,263,1,-1,-1,-1
111,309,229,120,319,272,1,-1,-1,-1
111,327,977,102,227,186,1,-1,-1,-1
111,328,1216,127,294,226,1,-1,-1,-1
111,329,1575,179,337,272,1,-1,-1,-1
112,309,229,117,320,276,1,-1,-1,-1
112,327,975,103,229,186,1,-1,-1,-1
112,328,1215,127,290,226,1,-1,-1,-1
112,329,1571,180,339,271,1,-1,-1,-1
113,309,229,117,320,276,1,-1,-1,-1
113,327,975,103,229,186,1,-1,-1,-1
113,328,1215,127,290,226,1,-1,-1,-1
113,329,1571,180,339,271,1,-1,-1,-1
114,309,229,117,320,276,1,-1,-1,-1
114,327,975,103,229,186,1,-1,-1,-1
114,328,1215,127,290,226,1,-1,-1,-1
114,329,1571,180,339,271,1,-1,-1,-1
115,309,229,117,320,276,1,-1,-1,-1
115,327,975,103,229,186,1,-1,-1,-1
115,328,1215,127,290,226,1,-1,-1,-1
115,329,1571,180,339,271,1,-1,-1,-1
116,309,229,117,320,276,1,-1,-1,-1
116,327,975,103,229,186,1,-1,-1,-1
116,328,1215,127,290,226,1,-1,-1,-1
116,329,1571,180,339,271,1,-1,-1,-1
117,309,229,117,320,276,1,-1,-1,-1
117,327,975,103,229,186,1,-1,-1,-1
117,328,1215,127,290,226,1,-1,-1,-1
117,329,1571,180,339,271,1,-1,-1,-1
118,309,229,117,320,276,1,-1,-1,-1
118,327,975,103,229,186,1,-1,-1,-1
118,328,1215,127,290,226,1,-1,-1,-1
118,329,1571,180,339,271,1,-1,-1,-1
119,309,229,117,320,276,1,-1,-1,-1
119,327,975,103,229,186,1,-1,-1,-1
119,328,1215,127,290,226,1,-1,-1,-1
119,329,1571,180,339,271,1,-1,-1,-1
120,309,229,117,320,276,1,-1,-1,-1
120,327,975,103,229,186,1,-1,-1,-1
120,328,1215,127,290,226,1,-1,-1,-1
120,329,1571,180,339,271,1,-1,-1,-1
121,309,253,134,273,250,1,-1,-1,-1
121,327,971,106,228,184,1,-1,-1,-1
121,328,1232,137,267,213,1,-1,-1,-1
121,329,1585,197,310,247,1,-1,-1,-1
122,260,208,113,192,156,1,-1,-1,-1
122,309,269,161,314,289,1,-1,-1,-1
122,327,935,111,227,175,1,-1,-1,-1
122,328,1146,122,287,218,1,-1,-1,-1
122,329,1467,176,275,220,1,-1,-1,-1
123,309,260,141,343,342,1,-1,-1,-1
123,327,937,114,220,170,1,-1,-1,-1
123,328,1138,123,265,213,1,-1,-1,-1
123,329,1446,160,295,240,1,-1,-1,-1
124,309,259,140,353,351,1,-1,-1,-1
124,327,940,117,213,164,1,-1,-1,-1
124,328,1132,121,265,213,1,-1,-1,-1
124,329,1436,160,292,241,1,-1,-1,-1
125,309,253,156,369,341,1,-1,-1,-1
125,327,942,120,205,159,1,-1,-1,-1
125,328,1114,127,275,204,1,-1,-1,-1
125,329,1426,157,290,243,1,-1,-1,-1
126,309,253,153,373,347,1,-1,-1,-1
126,320,1632,178,288,283,1,-1,-1,-1
126,327,944,123,198,153,1,-1,-1,-1
126,328,1114,125,271,206,1,-1,-1,-1
126,329,1420,155,288,243,1,-1,-1,-1
127,309,252,151,376,351,1,-1,-1,-1
127,320,1632,178,288,283,1,-1,-1,-1
127,327,944,123,198,153,1,-1,-1,-1
127,328,1115,124,266,206,1,-1,-1,-1
127,329,1419,152,286,243,1,-1,-1,-1
128,309,252,151,376,351,1,-1,-1,-1
128,320,1632,178,288,283,1,-1,-1,-1
128,327,944,123,198,153,1,-1,-1,-1
128,328,1115,124,266,206,1,-1,-1,-1
128,329,1419,152,286,243,1,-1,-1,-1
129,309,252,151,376,351,1,-1,-1,-1
129,320,1632,178,288,283,1,-1,-1,-1
129,327,944,123,198,153,1,-1,-1,-1
129,328,1115,124,266,206,1,-1,-1,-1
129,329,1419,152,286,243,1,-1,-1,-1
130,309,253,151,374,352,1,-1,-1,-1
130,320,1632,178,288,283,1,-1,-1,-1
130,327,944,123,198,153,1,-1,-1,-1
130,328,1115,124,265,206,1,-1,-1,-1
130,329,1419,152,287,244,1,-1,-1,-1
131,260,208,102,199,162,1,-1,-1,-1
131,309,274,176,335,311,1,-1,-1,-1
131,320,1632,178,288,283,1,-1,-1,-1
131,327,944,123,198,153,1,-1,-1,-1
131,328,1122,116,258,214,1,-1,-1,-1
131,329,1429,168,264,215,1,-1,-1,-1
132,260,216,93,204,173,1,-1,-1,-1
132,309,298,203,366,336,1,-1,-1,-1
132,320,1566,156,332,293,1,-1,-1,-1
132,327,928,124,206,158,1,-1,-1,-1
132,328,1096,113,251,211,1,-1,-1,-1
132,329,1373,163,259,209,1,-1,-1,-1
133,260,212,91,214,181,1,-1,-1,-1
133,309,290,192,386,355,1,-1,-1,-1
133,320,1545,148,331,294,1,-1,-1,-1
133,327,924,123,204,164,1,-1,-1,-1
133,328,1082,107,244,215,1,-1,-1,-1
133,329,1364,145,248,231,1,-1,-1,-1
134,260,208,88,223,188,1,-1,-1,-1
134,309,295,195,389,360,1,-1,-1,-1
134,320,1543,147,323,290,1,-1,-1,-1
134,327,924,124,200,162,1,-1,-1,-1
134,328,1078,104,242,216,1,-1,-1,-1
134,329,1340,140,264,233,1,-1,-1,-1
135,260,207,88,225,191,1,-1,-1,-1
135,309,299,201,394,364,1,-1,-1,-1
135,320,1523,149,326,281,1,-1,-1,-1
135,327,923,125,200,160,1,-1,-1,-1
135,328,1076,104,235,215,1,-1,-1,-1
135,329,1338,140,257,231,1,-1,-1,-1
136,260,207,88,227,194,1,-1,-1,-1
136,309,303,208,399,368,1,-1,-1,-1
136,320,1513,146,325,278,1,-1,-1,-1
136,327,923,127,199,156,1,-1,-1,-1
136,328,1076,105,230,212,1,-1,-1,-1
136,329,1331,140,254,230,1,-1,-1,-1
137,260,206,88,229,196,1,-1,-1,-1
137,309,308,214,405,372,1,-1,-1,-1
137,320,1499,143,325,278,1,-1,-1,-1
137,327,921,128,198,153,1,-1,-1,-1
137,328,1069,106,233,210,1,-1,-1,-1
137,329,1323,140,251,230,1,-1,-1,-1
138,260,205,88,232,199,1,-1,-1,-1
138,309,312,221,410,376,1,-1,-1,-1
138,320,1487,139,325,281,1,-1,-1,-1
138,327,920,130,196,150,1,-1,-1,-1
138,328,1061,106,237,207,1,-1,-1,-1
138,329,1316,139,247,229,1,-1,-1,-1
139,260,204,88,234,202,1,-1,-1,-1
139,272,431,162,161,108,1,-1,-1,-1
139,309,316,227,415,380,1,-1,-1,-1
139,320,1479,136,322,283,1,-1,-1,-1
139,327,920,133,194,147,1,-1,-1,-1
139,328,1054,107,240,205,1,-1,-1,-1
139,329,1308,139,244,229,1,-1,-1,-1
140,260,204,88,236,205,1,-1,-1,-1
140,272,432,159,161,110,1,-1,-1,-1
140,309,318,233,422,388,1,-1,-1,-1
140,320,1474,134,321,283,1,-1,-1,-1
140,327,919,135,192,144,1,-1,-1,-1
140,328,1048,106,242,207,1,-1,-1,-1
140,329,1301,139,241,228,1,-1,-1,-1
141,260,203,88,238,207,1,-1,-1,-1
141,272,433,155,160,113,1,-1,-1,-1
141,309,320,239,430,397,1,-1,-1,-1
141,320,1447,135,330,278,1,-1,-1,-1
141,327,919,138,190,141,1,-1,-1,-1
141,328,1042,106,242,206,1,-1,-1,-1
141,329,1294,142,241,219,1,-1,-1,-1
142,260,202,88,240,210,1,-1,-1,-1
142,272,434,152,160,115,1,-1,-1,-1
142,309,323,246,437,405,1,-1,-1,-1
142,320,1439,133,330,277,1,-1,-1,-1
142,327,918,140,188,138,1,-1,-1,-1
142,328,1043,119,241,174,1,-1,-1,-1
142,329,1287,146,242,211,1,-1,-1,-1
143,260,201,90,242,208,1,-1,-1,-1
143,272,435,148,159,118,1,-1,-1,-1
143,309,325,252,445,414,1,-1,-1,-1
143,320,1431,132,323,275,1,-1,-1,-1
143,327,918,143,186,135,1,-1,-1,-1
143,328,1041,119,237,174,1,-1,-1,-1
143,329,1279,149,242,202,1,-1,-1,-1
144,260,201,91,244,206,1,-1,-1,-1
144,272,436,145,159,120,1,-1,-1,-1
144,309,327,258,452,422,1,-1,-1,-1
144,320,1425,130,320,275,1,-1,-1,-1
144,327,917,145,184,132,1,-1,-1,-1
144,328,1036,119,219,182,1,-1,-1,-1
144,329,1272,152,242,193,1,-1,-1,-1
145,260,201,90,245,204,1,-1,-1,-1
145,272,436,145,159,120,1,-1,-1,-1
145,309,327,258,452,422,1,-1,-1,-1
145,320,1423,129,317,274,1,-1,-1,-1
145,327,917,145,184,132,1,-1,-1,-1
145,328,1040,115,235,196,1,-1,-1,-1
145,329,1272,152,242,193,1,-1,-1,-1
146,260,201,90,245,204,1,-1,-1,-1
146,272,437,145,160,119,1,-1,-1,-1
146,309,327,258,452,422,1,-1,-1,-1
146,320,1423,129,317,274,1,-1,-1,-1
146,327,917,145,184,132,1,-1,-1,-1
146,328,1040,115,235,196,1,-1,-1,-1
146,329,1272,152,242,193,1,-1,-1,-1
147,260,201,90,245,204,1,-1,-1,-1
147,272,437,145,160,119,1,-1,-1,-1
147,309,327,258,452,422,1,-1,-1,-1
147,320,1423,129,317,274,1,-1,-1,-1
147,327,917,145,184,132,1,-1,-1,-1
147,328,1040,115,235,196,1,-1,-1,-1
147,329,1272,152,242,193,1,-1,-1,-1
148,260,201,90,245,204,1,-1,-1,-1
148,272,437,146,160,119,1,-1,-1,-1
148,309,327,258,452,422,1,-1,-1,-1
148,320,1423,129,317,274,1,-1,-1,-1
148,327,917,145,184,132,1,-1,-1,-1
148,328,1040,115,235,196,1,-1,-1,-1
148,329,1272,152,242,193,1,-1,-1,-1
149,260,201,90,245,204,1,-1,-1,-1
149,272,437,146,160,119,1,-1,-1,-1
149,309,327,258,452,422,1,-1,-1,-1
149,320,1423,129,317,274,1,-1,-1,-1
149,327,917,145,184,132,1,-1,-1,-1
149,328,1040,115,235,196,1,-1,-1,-1
149,329,1272,152,242,193,1,-1,-1,-1
150,260,201,90,243,205,1,-1,-1,-1
150,272,438,146,161,118,1,-1,-1,-1
150,309,327,258,452,422,1,-1,-1,-1
150,320,1424,129,317,274,1,-1,-1,-1
150,327,917,145,184,132,1,-1,-1,-1
150,328,1040,115,235,196,1,-1,-1,-1
150,329,1272,152,242,193,1,-1,-1,-1
151,260,207,92,249,209,1,-1,-1,-1
151,272,438,146,161,118,1,-1,-1,-1
151,309,327,258,452,422,1,-1,-1,-1
151,320,1437,141,294,250,1,-1,-1,-1
151,327,917,145,184,132,1,-1,-1,-1
151,328,1042,122,212,175,1,-1,-1,-1
151,329,1272,152,242,193,1,-1,-1,-1
152,260,211,95,256,216,1,-1,-1,-1
152,272,451,133,166,131,1,-1,-1,-1
152,309,370,330,535,493,1,-1,-1,-1
152,320,1352,125,315,263,1,-1,-1,-1
152,328,1012,117,201,169,1,-1,-1,-1
152,329,1213,146,219,181,1,-1,-1,-1
153,260,217,98,264,222,1,-1,-1,-1
153,272,453,132,169,133,1,-1,-1,-1
153,309,371,335,561,515,1,-1,-1,-1
153,320,1342,121,297,266,1,-1,-1,-1
153,328,1009,117,200,168,1,-1,-1,-1
153,329,1206,146,219,180,1,-1,-1,-1
154,260,221,98,263,226,1,-1,-1,-1
154,272,455,132,173,135,1,-1,-1,-1
154,309,372,341,587,536,1,-1,-1,-1
154,320,1341,121,287,264,1,-1,-1,-1
154,328,1005,117,200,168,1,-1,-1,-1
154,329,1199,145,219,179,1,-1,-1,-1
155,260,225,98,261,228,1,-1,-1,-1
155,272,456,131,176,136,1,-1,-1,-1
155,309,373,346,612,558,1,-1,-1,-1
155,320,1320,124,296,256,1,-1,-1,-1
155,328,1002,118,199,167,1,-1,-1,-1
155,329,1193,145,219,178,1,-1,-1,-1
156,260,229,99,259,229,1,-1,-1,-1
156,272,458,130,180,138,1,-1,-1,-1
156,309,374,351,638,579,1,-1,-1,-1
156,320,1317,125,289,253,1,-1,-1,-1
156,328,999,118,198,166,1,-1,-1,-1
156,329,1186,145,219,177,1,-1,-1,-1
157,260,230,98,261,231,1,-1,-1,-1
157,272,460,130,183,140,1,-1,-1,-1
157,309,381,358,652,594,1,-1,-1,-1
157,320,1309,127,288,250,1,-1,-1,-1
157,328,995,118,198,166,1,-1,-1,-1
157,329,1179,144,219,176,1,-1,-1,-1
158,260,231,98,264,235,1,-1,-1,-1
158,272,462,129,187,142,1,-1,-1,-1
158,309,388,369,668,611,1,-1,-1,-1
158,320,1303,128,283,248,1,-1,-1,-1
158,328,992,118,197,165,1,-1,-1,-1
158,329,1172,144,219,175,1,-1,-1,-1
159,260,231,98,266,240,1,-1,-1,-1
159,272,463,128,190,143,1,-1,-1,-1
159,309,396,390,706,614,1,-1,-1,-1
159,320,1295,117,282,250,1,-1,-1,-1
159,328,989,119,196,164,1,-1,-1,-1
159,329,1166,144,219,174,1,-1,-1,-1
160,260,232,100,267,243,1,-1,-1,-1
160,272,465,128,194,145,1,-1,-1,-1
160,309,394,410,727,623,1,-1,-1,-1
160,320,1287,117,282,250,1,-1,-1,-1
160,328,985,119,196,164,1,-1,-1,-1
160,329,1159,143,219,173,1,-1,-1,-1
161,260,232,102,267,243,1,-1,-1,-1
161,272,467,127,197,147,1,-1,-1,-1
161,309,397,423,737,628,1,-1,-1,-1
161,320,1281,117,284,252,1,-1,-1,-1
161,328,982,119,195,163,1,-1,-1,-1
161,329,1152,143,219,172,1,-1,-1,-1
162,260,231,103,268,243,1,-1,-1,-1
162,272,468,127,196,147,1,-1,-1,-1
162,309,402,424,730,627,1,-1,-1,-1
162,320,1277,115,285,253,1,-1,-1,-1
162,328,982,119,195,163,1,-1,-1,-1
162,329,1152,143,219,172,1,-1,-1,-1
163,260,231,103,268,243,1,-1,-1,-1
163,272,469,127,195,147,1,-1,-1,-1
163,309,407,425,722,627,1,-1,-1,-1
163,320,1277,115,285,253,1,-1,-1,-1
163,328,982,119,195,163,1,-1,-1,-1
163,329,1152,143,219,172,1,-1,-1,-1
164,260,231,103,268,243,1,-1,-1,-1
164,272,470,128,195,147,1,-1,-1,-1
164,309,411,426,715,626,1,-1,-1,-1
164,320,1277,115,285,253,1,-1,-1,-1
164,328,982,119,195,163,1,-1,-1,-1
164,329,1152,143,219,172,1,-1,-1,-1
165,260,231,103,268,243,1,-1,-1,-1
165,272,471,128,194,147,1,-1,-1,-1
165,309,416,427,707,625,1,-1,-1,-1
165,320,1277,115,285,253,1,-1,-1,-1
165,328,982,119,195,163,1,-1,-1,-1
165,329,1152,143,219,172,1,-1,-1,-1
166,260,231,103,268,243,1,-1,-1,-1
166,272,472,128,193,147,1,-1,-1,-1
166,309,421,428,700,625,1,-1,-1,-1
166,320,1277,115,285,253,1,-1,-1,-1
166,328,982,119,195,163,1,-1,-1,-1
166,329,1152,143,219,172,1,-1,-1,-1
167,260,231,103,268,243,1,-1,-1,-1
167,272,472,128,192,146,1,-1,-1,-1
167,309,426,428,693,624,1,-1,-1,-1
167,320,1277,115,285,253,1,-1,-1,-1
167,328,982,119,195,163,1,-1,-1,-1
167,329,1152,143,219,172,1,-1,-1,-1
168,260,231,103,268,243,1,-1,-1,-1
168,272,473,128,191,146,1,-1,-1,-1
168,309,431,429,685,623,1,-1,-1,-1
168,320,1277,115,285,253,1,-1,-1,-1
168,328,982,119,195,163,1,-1,-1,-1
168,329,1152,143,219,172,1,-1,-1,-1
169,260,231,103,268,243,1,-1,-1,-1
169,272,474,129,191,146,1,-1,-1,-1
169,309,435,430,678,622,1,-1,-1,-1
169,320,1277,115,285,253,1,-1,-1,-1
169,328,982,119,195,163,1,-1,-1,-1
169,329,1152,143,219,172,1,-1,-1,-1
170,260,231,103,268,243,1,-1,-1,-1
170,272,475,129,190,146,1,-1,-1,-1
170,309,440,431,670,622,1,-1,-1,-1
170,320,1277,115,285,253,1,-1,-1,-1
170,328,982,119,195,163,1,-1,-1,-1
170,329,1152,143,219,172,1,-1,-1,-1
171,260,243,111,262,230,1,-1,-1,-1
171,272,476,129,189,146,1,-1,-1,-1
171,309,445,432,663,621,1,-1,-1,-1
171,320,1281,132,269,226,1,-1,-1,-1
171,328,982,119,195,163,1,-1,-1,-1
171,329,1152,143,219,172,1,-1,-1,-1
172,260,261,128,305,262,1,-1,-1,-1
172,272,522,141,202,158,1,-1,-1,-1
172,320,1207,130,245,209,1,-1,-1,-1
172,328,952,129,190,148,1,-1,-1,-1
172,329,1097,137,196,166,1,-1,-1,-1
173,260,251,116,338,284,1,-1,-1,-1
173,272,525,142,203,159,1,-1,-1,-1
173,320,1186,126,268,217,1,-1,-1,-1
173,328,951,130,188,147,1,-1,-1,-1
174,260,253,115,343,292,1,-1,-1,-1
174,272,528,143,205,161,1,-1,-1,-1
174,320,1180,126,266,216,1,-1,-1,-1
174,328,950,131,187,146,1,-1,-1,-1
175,260,257,113,347,300,1,-1,-1,-1
175,272,531,144,206,162,1,-1,-1,-1
175,320,1177,125,262,217,1,-1,-1,-1
175,328,948,131,185,145,1,-1,-1,-1
176,260,263,116,343,305,1,-1,-1,-1
176,272,534,145,208,163,1,-1,-1,-1
176,320,1172,120,260,221,1,-1,-1,-1
176,328,947,132,183,145,1,-1,-1,-1
177,260,265,120,343,308,1,-1,-1,-1
177,272,537,146,209,164,1,-1,-1,-1
177,320,1172,117,254,223,1,-1,-1,-1
177,328,946,133,181,144,1,-1,-1,-1
178,260,265,125,349,311,1,-1,-1,-1
178,272,540,147,211,166,1,-1,-1,-1
178,320,1167,114,254,222,1,-1,-1,-1
178,328,945,134,180,143,1,-1,-1,-1
179,260,273,127,352,316,1,-1,-1,-1
179,272,543,148,212,167,1,-1,-1,-1
179,320,1159,115,255,220,1,-1,-1,-1
179,328,943,134,178,142,1,-1,-1,-1
180,260,276,130,353,320,1,-1,-1,-1
180,272,546,149,214,168,1,-1,-1,-1
180,320,1155,114,253,220,1,-1,-1,-1
180,328,942,135,176,141,1,-1,-1,-1
181,260,280,134,354,325,1,-1,-1,-1
181,272,549,149,215,169,1,-1,-1,-1
181,320,1148,112,253,220,1,-1,-1,-1
181,328,941,136,176,141,1,-1,-1,-1
182,260,286,139,354,330,1,-1,-1,-1
182,272,552,150,216,171,1,-1,-1,-1
182,320,1147,113,246,219,1,-1,-1,-1
182,328,939,137,176,140,1,-1,-1,-1
183,260,289,142,361,336,1,-1,-1,-1
183,272,555,151,218,172,1,-1,-1,-1
183,320,1143,114,242,215,1,-1,-1,-1
183,328,938,137,176,140,1,-1,-1,-1
184,260,291,143,367,344,1,-1,-1,-1
184,272,558,152,219,173,1,-1,-1,-1
184,320,1143,115,237,210,1,-1,-1,-1
184,328,936,138,176,140,1,-1,-1,-1
184,329,1047,130,191,160,1,-1,-1,-1
185,260,292,147,381,359,1,-1,-1,-1
185,320,1136,115,240,208,1,-1,-1,-1
185,328,935,139,176,139,1,-1,-1,-1
186,260,293,147,388,363,1,-1,-1,-1
186,320,1129,116,243,205,1,-1,-1,-1
186,328,933,140,176,139,1,-1,-1,-1
187,260,295,150,399,367,1,-1,-1,-1
187,320,1121,116,245,203,1,-1,-1,-1
187,328,932,140,176,138,1,-1,-1,-1
188,260,296,154,406,369,1,-1,-1,-1
188,320,1114,116,248,200,1,-1,-1,-1
188,328,930,141,176,138,1,-1,-1,-1
189,260,294,156,410,369,1,-1,-1,-1
189,320,1113,116,248,200,1,-1,-1,-1
189,328,930,141,176,138,1,-1,-1,-1
190,260,294,155,410,369,1,-1,-1,-1
190,320,1114,116,246,199,1,-1,-1,-1
190,328,930,141,176,138,1,-1,-1,-1
191,260,310,178,381,338,1,-1,-1,-1
191,272,570,156,225,178,1,-1,-1,-1
191,320,1130,115,222,198,1,-1,-1,-1
191,328,930,141,176,138,1,-1,-1,-1
191,329,1034,129,184,158,1,-1,-1,-1
192,260,324,195,412,358,1,-1,-1,-1
192,320,1098,110,248,206,1,-1,-1,-1
193,260,304,175,463,405,1,-1,-1,-1
193,320,1097,111,243,204,1,-1,-1,-1
194,260,311,175,462,413,1,-1,-1,-1
194,320,1095,111,239,202,1,-1,-1,-1
195,260,320,179,460,419,1,-1,-1,-1
195,320,1094,112,234,200,1,-1,-1,-1
196,260,327,183,464,431,1,-1,-1,-1
196,320,1093,113,229,198,1,-1,-1,-1
197,260,333,187,473,446,1,-1,-1,-1
197,273,449,101,230,168,1,-1,-1,-1
197,320,1091,113,225,196,1,-1,-1,-1
198,260,335,189,485,458,1,-1,-1,-1
198,273,444,98,224,172,1,-1,-1,-1
198,320,1090,114,220,194,1,-1,-1,-1
199,260,336,197,495,458,1,-1,-1,-1
199,273,438,94,217,175,1,-1,-1,-1
199,320,1089,115,215,192,1,-1,-1,-1
200,260,356,208,486,457,1,-1,-1,-1
200,273,433,91,211,179,1,-1,-1,-1
200,320,1087,115,211,190,1,-1,-1,-1
201,260,357,216,484,457,1,-1,-1,-1
201,273,427,88,204,183,1,-1,-1,-1
201,320,1086,116,206,188,1,-1,-1,-1
201,329,998,129,174,146,1,-1,-1,-1
202,260,359,219,482,455,1,-1,-1,-1
202,273,427,88,204,183,1,-1,-1,-1
202,320,1084,112,222,204,1,-1,-1,-1
203,260,359,219,482,455,1,-1,-1,-1
203,273,427,88,203,182,1,-1,-1,-1
203,320,1084,112,222,204,1,-1,-1,-1
204,260,359,219,482,455,1,-1,-1,-1
204,273,427,88,203,182,1,-1,-1,-1
204,320,1084,112,222,204,1,-1,-1,-1
205,260,359,219,482,455,1,-1,-1,-1
205,273,427,88,202,181,1,-1,-1,-1
205,320,1084,112,222,204,1,-1,-1,-1
206,260,359,219,482,455,1,-1,-1,-1
206,273,428,89,202,181,1,-1,-1,-1
206,320,1084,112,222,204,1,-1,-1,-1
207,260,359,219,482,455,1,-1,-1,-1
207,273,428,89,202,181,1,-1,-1,-1
207,320,1084,112,222,204,1,-1,-1,-1
208,260,359,219,482,455,1,-1,-1,-1
208,273,428,89,201,180,1,-1,-1,-1
208,320,1084,112,222,204,1,-1,-1,-1
209,260,359,219,482,455,1,-1,-1,-1
209,273,428,89,201,180,1,-1,-1,-1
209,320,1084,112,222,204,1,-1,-1,-1
210,260,359,219,482,455,1,-1,-1,-1
210,273,428,89,200,179,1,-1,-1,-1
210,320,1084,112,222,204,1,-1,-1,-1
211,260,359,219,482,455,1,-1,-1,-1
211,273,428,89,200,179,1,-1,-1,-1
211,320,1086,116,206,188,1,-1,-1,-1
211,329,998,129,174,146,1,-1,-1,-1
212,260,432,331,680,575,1,-1,-1,-1
212,273,429,52,186,220,1,-1,-1,-1
212,313,1299,195,421,323,1,-1,-1,-1
212,320,1052,113,205,184,1,-1,-1,-1
213,260,451,348,679,581,1,-1,-1,-1
213,273,430,50,188,221,1,-1,-1,-1
213,313,1291,185,402,322,1,-1,-1,-1
213,320,1050,113,205,183,1,-1,-1,-1
214,260,471,366,677,586,1,-1,-1,-1
214,273,431,48,189,223,1,-1,-1,-1
214,313,1251,176,409,327,1,-1,-1,-1
214,320,1049,113,204,182,1,-1,-1,-1
215,260,490,383,676,592,1,-1,-1,-1
215,273,433,46,191,224,1,-1,-1,-1
215,313,1242,173,394,323,1,-1,-1,-1
215,320,1047,113,204,182,1,-1,-1,-1
216,260,480,380,731,635,1,-1,-1,-1
216,273,434,44,192,225,1,-1,-1,-1
216,313,1227,170,391,321,1,-1,-1,-1
216,320,1045,112,204,181,1,-1,-1,-1
217,260,470,377,785,677,1,-1,-1,-1
217,273,435,42,194,227,1,-1,-1,-1
217,313,1188,171,403,312,1,-1,-1,-1
217,320,1044,112,203,180,1,-1,-1,-1
218,260,523,430,736,649,1,-1,-1,-1
218,273,436,40,195,228,1,-1,-1,-1
218,313,1181,170,391,311,1,-1,-1,-1
218,320,1042,112,203,179,1,-1,-1,-1
219,260,538,439,761,649,1,-1,-1,-1
219,273,438,39,197,230,1,-1,-1,-1
219,313,1166,161,382,311,1,-1,-1,-1
219,320,1040,112,203,178,1,-1,-1,-1
220,260,499,442,858,646,1,-1,-1,-1
220,273,439,37,199,232,1,-1,-1,-1
220,313,1162,166,363,296,1,-1,-1,-1
220,320,1039,112,202,177,1,-1,-1,-1
221,260,562,484,813,604,1,-1,-1,-1
221,272,572,288,355,281,1,-1,-1,-1
221,273,441,36,201,234,1,-1,-1,-1
221,313,1131,166,367,277,1,-1,-1,-1
221,320,1037,112,202,177,1,-1,-1,-1
222,260,582,505,837,583,1,-1,-1,-1
222,272,562,279,389,295,1,-1,-1,-1
222,273,443,34,203,235,1,-1,-1,-1
222,313,1122,162,361,275,1,-1,-1,-1
222,315,1543,313,377,301,1,-1,-1,-1
222,320,1035,111,202,176,1,-1,-1,-1
223,272,568,284,389,300,1,-1,-1,-1
223,273,444,33,205,237,1,-1,-1,-1
223,313,1110,155,351,274,1,-1,-1,-1
223,315,1519,307,393,293,1,-1,-1,-1
223,320,1034,111,201,175,1,-1,-1,-1
224,272,577,301,375,303,1,-1,-1,-1
224,273,446,31,207,239,1,-1,-1,-1
224,313,1106,150,339,276,1,-1,-1,-1
224,315,1491,301,394,292,1,-1,-1,-1
224,320,1032,111,201,174,1,-1,-1,-1
225,272,577,301,375,303,1,-1,-1,-1
225,273,446,31,207,239,1,-1,-1,-1
225,313,1102,148,336,276,1,-1,-1,-1
225,315,1491,301,394,292,1,-1,-1,-1
226,272,577,301,375,303,1,-1,-1,-1
226,273,446,31,207,239,1,-1,-1,-1
226,313,1102,148,336,276,1,-1,-1,-1
226,315,1491,301,394,292,1,-1,-1,-1
227,272,577,301,375,303,1,-1,-1,-1
227,273,446,31,207,239,1,-1,-1,-1
227,313,1102,148,336,276,1,-1,-1,-1
227,315,1491,301,394,292,1,-1,-1,-1
228,272,577,301,375,303,1,-1,-1,-1
228,273,446,31,207,239,1,-1,-1,-1
228,313,1102,148,336,276,1,-1,-1,-1
228,315,1491,301,394,292,1,-1,-1,-1
229,272,577,301,375,303,1,-1,-1,-1
229,273,446,31,207,239,1,-1,-1,-1
229,313,1102,148,336,276,1,-1,-1,-1
229,315,1491,301,394,292,1,-1,-1,-1
230,272,577,301,375,303,1,-1,-1,-1
230,273,446,31,207,239,1,-1,-1,-1
230,313,1102,148,336,276,1,-1,-1,-1
230,315,1491,301,394,292,1,-1,-1,-1
231,272,577,301,375,303,1,-1,-1,-1
231,273,446,31,207,239,1,-1,-1,-1
231,313,1102,148,336,276,1,-1,-1,-1
231,315,1491,301,394,292,1,-1,-1,-1
232,272,600,373,431,368,1,-1,-1,-1
232,273,466,28,215,259,1,-1,-1,-1
232,313,1017,130,306,262,1,-1,-1,-1
232,315,1325,250,336,251,1,-1,-1,-1
233,272,603,387,448,376,1,-1,-1,-1
233,273,469,29,217,260,1,-1,-1,-1
233,313,1010,130,300,256,1,-1,-1,-1
233,315,1279,234,364,262,1,-1,-1,-1
234,272,606,401,465,384,1,-1,-1,-1
234,273,472,29,219,262,1,-1,-1,-1
234,313,1002,130,295,250,1,-1,-1,-1
234,315,1270,228,352,259,1,-1,-1,-1
234,316,1535,325,385,319,1,-1,-1,-1
235,272,608,415,481,392,1,-1,-1,-1
235,273,475,30,220,263,1,-1,-1,-1
235,313,995,131,289,244,1,-1,-1,-1
235,315,1250,226,353,253,1,-1,-1,-1
235,316,1507,319,413,311,1,-1,-1,-1
236,272,611,429,498,400,1,-1,-1,-1
236,273,478,30,222,265,1,-1,-1,-1
236,313,987,131,283,238,1,-1,-1,-1
236,315,1239,223,342,248,1,-1,-1,-1
236,316,1486,314,407,306,1,-1,-1,-1
237,272,609,429,520,421,1,-1,-1,-1
237,273,481,31,224,266,1,-1,-1,-1
237,313,980,131,278,233,1,-1,-1,-1
237,315,1228,219,332,242,1,-1,-1,-1
237,316,1465,308,400,301,1,-1,-1,-1
238,272,608,436,537,440,1,-1,-1,-1
238,273,484,31,226,268,1,-1,-1,-1
238,313,972,131,272,227,1,-1,-1,-1
238,315,1217,216,321,237,1,-1,-1,-1
238,316,1445,303,394,296,1,-1,-1,-1
239,272,615,448,563,452,1,-1,-1,-1
239,273,487,32,227,269,1,-1,-1,-1
239,313,965,132,266,221,1,-1,-1,-1
239,315,1205,212,310,231,1,-1,-1,-1
239,316,1424,297,388,291,1,-1,-1,-1
240,272,631,472,550,456,1,-1,-1,-1
240,273,490,32,229,271,1,-1,-1,-1
240,313,957,132,261,215,1,-1,-1,-1
240,315,1194,209,300,226,1,-1,-1,-1
240,316,1403,292,381,286,1,-1,-1,-1
241,272,646,496,536,459,1,-1,-1,-1
241,273,493,33,231,272,1,-1,-1,-1
241,313,950,132,255,209,1,-1,-1,-1
241,315,1183,205,289,220,1,-1,-1,-1
241,316,1382,286,375,281,1,-1,-1,-1
242,272,646,496,536,459,1,-1,-1,-1
242,273,493,33,231,272,1,-1,-1,-1
242,313,950,132,255,209,1,-1,-1,-1
242,315,1183,205,289,220,1,-1,-1,-1
242,316,1382,286,375,281,1,-1,-1,-1
243,272,646,496,536,459,1,-1,-1,-1
243,273,493,33,231,272,1,-1,-1,-1
243,313,950,132,255,209,1,-1,-1,-1
243,315,1183,205,289,220,1,-1,-1,-1
243,316,1382,286,375,281,1,-1,-1,-1
244,272,646,496,536,459,1,-1,-1,-1
244,273,493,33,231,272,1,-1,-1,-1
244,313,950,132,255,209,1,-1,-1,-1
244,315,1183,205,289,220,1,-1,-1,-1
244,316,1382,286,375,281,1,-1,-1,-1
245,272,646,496,536,459,1,-1,-1,-1
245,273,493,33,231,272,1,-1,-1,-1
245,313,950,132,255,209,1,-1,-1,-1
245,315,1183,205,289,220,1,-1,-1,-1
245,316,1382,286,375,281,1,-1,-1,-1
246,272,646,496,536,459,1,-1,-1,-1
246,273,493,33,231,272,1,-1,-1,-1
246,313,950,132,255,209,1,-1,-1,-1
246,315,1183,205,289,220,1,-1,-1,-1
246,316,1382,286,375,281,1,-1,-1,-1
247,272,646,496,536,459,1,-1,-1,-1
247,273,493,33,231,272,1,-1,-1,-1
247,313,950,132,255,209,1,-1,-1,-1
247,315,1183,205,289,220,1,-1,-1,-1
247,316,1382,286,375,281,1,-1,-1,-1
248,272,646,496,536,459,1,-1,-1,-1
248,273,493,33,231,272,1,-1,-1,-1
248,313,950,132,255,209,1,-1,-1,-1
248,315,1183,205,289,220,1,-1,-1,-1
248,316,1382,286,375,281,1,-1,-1,-1
249,272,646,496,536,459,1,-1,-1,-1
249,273,493,33,231,272,1,-1,-1,-1
249,313,950,132,255,209,1,-1,-1,-1
249,315,1183,205,289,220,1,-1,-1,-1
249,316,1382,286,375,281,1,-1,-1,-1
250,272,646,496,536,459,1,-1,-1,-1
250,273,493,33,231,272,1,-1,-1,-1
250,313,950,132,255,209,1,-1,-1,-1
250,315,1183,205,289,220,1,-1,-1,-1
250,316,1382,286,375,281,1,-1,-1,-1
251,272,646,496,536,459,1,-1,-1,-1
251,273,493,33,231,272,1,-1,-1,-1
251,313,950,132,255,209,1,-1,-1,-1
251,315,1183,205,289,220,1,-1,-1,-1
251,316,1382,286,375,281,1,-1,-1,-1
252,273,532,31,265,299,1,-1,-1,-1
252,313,865,129,233,184,1,-1,-1,-1
252,315,1048,175,258,193,1,-1,-1,-1
252,316,1211,233,318,239,1,-1,-1,-1
253,273,537,30,269,305,1,-1,-1,-1
253,313,859,128,231,182,1,-1,-1,-1
253,315,1039,173,255,191,1,-1,-1,-1
253,316,1201,230,315,237,1,-1,-1,-1
254,273,541,30,274,311,1,-1,-1,-1
254,313,852,128,229,181,1,-1,-1,-1
254,315,1031,172,252,188,1,-1,-1,-1
254,316,1190,226,312,235,1,-1,-1,-1
255,273,546,29,278,317,1,-1,-1,-1
255,313,846,127,227,179,1,-1,-1,-1
255,315,1022,170,248,186,1,-1,-1,-1
255,316,1180,223,308,233,1,-1,-1,-1
256,273,550,28,282,323,1,-1,-1,-1
256,313,840,126,226,178,1,-1,-1,-1
256,315,1013,168,245,184,1,-1,-1,-1
256,316,1169,219,305,231,1,-1,-1,-1
257,273,555,28,286,329,1,-1,-1,-1
257,313,833,125,224,176,1,-1,-1,-1
257,315,1004,166,242,181,1,-1,-1,-1
257,316,1159,216,302,229,1,-1,-1,-1
258,273,560,27,291,335,1,-1,-1,-1
258,313,827,125,222,174,1,-1,-1,-1
258,315,996,165,239,179,1,-1,-1,-1
258,316,1149,212,299,227,1,-1,-1,-1
259,273,564,26,295,340,1,-1,-1,-1
259,313,820,124,220,173,1,-1,-1,-1
259,315,987,163,235,176,1,-1,-1,-1
259,316,1138,209,296,225,1,-1,-1,-1
260,273,569,26,299,346,1,-1,-1,-1
260,313,814,123,218,171,1,-1,-1,-1
260,315,978,161,232,174,1,-1,-1,-1
260,316,1128,205,292,223,1,-1,-1,-1
261,273,573,25,303,352,1,-1,-1,-1
261,313,809,122,215,170,1,-1,-1,-1
261,315,971,160,230,173,1,-1,-1,-1
261,316,1117,202,289,221,1,-1,-1,-1
262,273,578,24,308,358,1,-1,-1,-1
262,313,805,122,213,170,1,-1,-1,-1
262,315,963,158,229,173,1,-1,-1,-1
262,316,1107,198,286,219,1,-1,-1,-1
262,317,1626,230,294,252,1,-1,-1,-1
263,273,582,24,312,364,1,-1,-1,-1
263,313,800,121,210,169,1,-1,-1,-1
263,315,956,157,227,172,1,-1,-1,-1
263,316,1096,196,287,217,1,-1,-1,-1
263,317,1578,218,342,267,1,-1,-1,-1
264,273,587,23,316,370,1,-1,-1,-1
264,315,949,155,226,172,1,-1,-1,-1
264,316,1084,194,287,215,1,-1,-1,-1
264,317,1557,211,363,268,1,-1,-1,-1
265,273,589,25,325,370,1,-1,-1,-1
265,315,941,154,224,171,1,-1,-1,-1
265,316,1073,193,288,213,1,-1,-1,-1
265,317,1538,203,376,270,1,-1,-1,-1
266,273,597,27,329,374,1,-1,-1,-1
266,315,934,152,222,170,1,-1,-1,-1
266,316,1061,191,289,211,1,-1,-1,-1
266,317,1496,200,388,260,1,-1,-1,-1
267,273,605,29,333,377,1,-1,-1,-1
267,315,926,151,221,170,1,-1,-1,-1
267,316,1050,189,289,209,1,-1,-1,-1
267,317,1492,200,374,255,1,-1,-1,-1
268,273,612,31,336,381,1,-1,-1,-1
268,315,919,149,219,169,1,-1,-1,-1
268,316,1038,187,290,207,1,-1,-1,-1
268,317,1485,192,353,250,1,-1,-1,-1
269,273,620,32,340,385,1,-1,-1,-1
269,315,911,149,220,169,1,-1,-1,-1
269,316,1015,184,297,206,1,-1,-1,-1
269,317,1470,191,348,245,1,-1,-1,-1
270,273,628,34,344,388,1,-1,-1,-1
270,315,903,149,221,170,1,-1,-1,-1
270,316,991,181,304,205,1,-1,-1,-1
270,317,1442,190,345,237,1,-1,-1,-1
271,273,636,36,348,392,1,-1,-1,-1
271,316,968,179,310,205,1,-1,-1,-1
271,317,1435,186,334,235,1,-1,-1,-1
272,273,643,38,351,396,1,-1,-1,-1
272,316,944,176,317,204,1,-1,-1,-1
272,317,1421,183,327,234,1,-1,-1,-1
273,273,651,40,355,399,1,-1,-1,-1
273,316,921,173,324,203,1,-1,-1,-1
273,317,1407,180,321,232,1,-1,-1,-1
274,273,659,42,359,403,1,-1,-1,-1
274,316,896,173,330,201,1,-1,-1,-1
274,317,1379,179,322,228,1,-1,-1,-1
275,273,667,43,363,407,1,-1,-1,-1
275,316,866,171,331,202,1,-1,-1,-1
275,317,1371,176,315,226,1,-1,-1,-1
276,273,674,45,366,410,1,-1,-1,-1
276,317,1357,173,311,223,1,-1,-1,-1
277,273,682,47,370,414,1,-1,-1,-1
277,317,1343,170,307,223,1,-1,-1,-1
278,273,698,49,370,418,1,-1,-1,-1
278,317,1336,169,300,222,1,-1,-1,-1
279,273,713,50,369,422,1,-1,-1,-1
279,317,1315,169,305,217,1,-1,-1,-1
280,273,713,50,369,422,1,-1,-1,-1
280,317,1312,169,305,216,1,-1,-1,-1
281,273,713,50,369,422,1,-1,-1,-1
281,317,1313,169,305,217,1,-1,-1,-1
282,273,713,50,369,422,1,-1,-1,-1
282,317,1313,169,304,217,1,-1,-1,-1
283,273,713,50,369,422,1,-1,-1,-1
283,317,1313,169,304,217,1,-1,-1,-1
284,273,713,50,369,422,1,-1,-1,-1
284,317,1313,169,304,217,1,-1,-1,-1
285,273,713,50,369,422,1,-1,-1,-1
285,317,1313,169,304,217,1,-1,-1,-1
286,273,713,50,369,422,1,-1,-1,-1
286,317,1313,169,304,217,1,-1,-1,-1
287,273,713,50,369,422,1,-1,-1,-1
287,317,1313,169,304,217,1,-1,-1,-1
288,273,713,50,369,422,1,-1,-1,-1
288,317,1313,169,304,217,1,-1,-1,-1
289,273,713,50,369,422,1,-1,-1,-1
289,317,1313,169,304,217,1,-1,-1,-1
290,273,713,50,369,422,1,-1,-1,-1
290,317,1313,169,304,217,1,-1,-1,-1
291,273,713,50,369,422,1,-1,-1,-1
291,317,1331,172,276,209,1,-1,-1,-1
292,273,856,81,461,517,1,-1,-1,-1
292,313,671,134,177,132,1,-1,-1,-1
292,316,233,163,427,190,1,-1,-1,-1
292,318,1413,265,424,292,1,-1,-1,-1
293,273,850,101,497,528,1,-1,-1,-1
293,313,671,135,175,131,1,-1,-1,-1
293,316,206,165,432,188,1,-1,-1,-1
293,318,1387,251,426,299,1,-1,-1,-1
294,273,866,103,510,541,1,-1,-1,-1
294,313,672,137,173,130,1,-1,-1,-1
294,315,775,135,177,142,1,-1,-1,-1
294,316,179,166,436,185,1,-1,-1,-1
294,318,1375,238,414,304,1,-1,-1,-1
295,273,884,95,518,562,1,-1,-1,-1
295,313,672,138,171,129,1,-1,-1,-1
295,315,770,135,174,140,1,-1,-1,-1
295,316,158,166,437,186,1,-1,-1,-1
295,318,1373,237,389,298,1,-1,-1,-1
296,273,900,87,526,585,1,-1,-1,-1
296,313,673,140,169,128,1,-1,-1,-1
296,315,767,135,176,140,1,-1,-1,-1
296,316,137,166,438,187,1,-1,-1,-1
296,318,1360,250,358,261,1,-1,-1,-1
297,273,927,92,542,584,1,-1,-1,-1
297,313,673,141,167,127,1,-1,-1,-1
297,315,764,135,177,139,1,-1,-1,-1
297,316,120,166,439,187,1,-1,-1,-1
297,318,1348,247,350,256,1,-1,-1,-1
298,273,940,95,552,596,1,-1,-1,-1
298,313,674,143,165,126,1,-1,-1,-1
298,315,760,134,179,139,1,-1,-1,-1
298,316,103,166,441,186,1,-1,-1,-1
299,273,972,105,530,597,1,-1,-1,-1
299,313,674,144,163,125,1,-1,-1,-1
299,315,757,134,180,138,1,-1,-1,-1
299,316,86,166,442,186,1,-1,-1,-1
