1,299,1397,199,338,266,1,-1,-1,-1
1,305,674,181,193,191,1,-1,-1,-1
1,306,1238,167,140,131,1,-1,-1,-1
1,327,824,191,156,144,1,-1,-1,-1
1,328,925,202,126,105,1,-1,-1,-1
2,299,1407,203,339,270,1,-1,-1,-1
2,305,668,181,196,194,1,-1,-1,-1
2,306,1232,167,154,142,1,-1,-1,-1
2,327,820,191,158,145,1,-1,-1,-1
2,328,924,202,126,106,1,-1,-1,-1
3,299,1412,201,339,265,1,-1,-1,-1
3,305,662,181,198,197,1,-1,-1,-1
3,306,1232,167,155,141,1,-1,-1,-1
3,327,816,192,160,145,1,-1,-1,-1
3,328,923,202,127,106,1,-1,-1,-1
4,299,1418,202,336,260,1,-1,-1,-1
4,305,656,180,201,200,1,-1,-1,-1
4,306,1232,167,154,141,1,-1,-1,-1
4,327,812,192,162,146,1,-1,-1,-1
4,328,921,202,127,107,1,-1,-1,-1
5,299,1422,201,334,256,1,-1,-1,-1
5,305,650,180,203,203,1,-1,-1,-1
5,306,1233,167,153,140,1,-1,-1,-1
5,327,809,192,165,146,1,-1,-1,-1
5,328,920,202,128,108,1,-1,-1,-1
6,299,1427,200,333,254,1,-1,-1,-1
6,305,644,180,206,206,1,-1,-1,-1
6,306,1234,167,152,141,1,-1,-1,-1
6,327,805,192,167,147,1,-1,-1,-1
6,328,919,202,128,108,1,-1,-1,-1
7,299,1437,197,325,249,1,-1,-1,-1
7,305,638,180,209,209,1,-1,-1,-1
7,306,1234,167,152,140,1,-1,-1,-1
7,327,801,193,169,147,1,-1,-1,-1
7,328,918,202,129,109,1,-1,-1,-1
8,299,1447,194,318,244,1,-1,-1,-1
8,305,631,179,211,212,1,-1,-1,-1
8,306,1235,167,152,141,1,-1,-1,-1
8,327,797,193,171,148,1,-1,-1,-1
8,328,917,202,129,110,1,-1,-1,-1
9,299,1457,191,310,239,1,-1,-1,-1
9,305,625,179,214,215,1,-1,-1,-1
9,306,1235,167,152,140,1,-1,-1,-1
9,327,792,192,173,150,1,-1,-1,-1
9,328,915,202,130,110,1,-1,-1,-1
10,299,1465,194,301,231,1,-1,-1,-1
10,305,619,179,216,218,1,-1,-1,-1
10,306,1235,167,152,140,1,-1,-1,-1
10,327,788,192,174,153,1,-1,-1,-1
10,328,914,202,130,111,1,-1,-1,-1
11,299,1472,194,294,226,1,-1,-1,-1
11,305,613,179,219,221,1,-1,-1,-1
11,306,1236,169,150,135,1,-1,-1,-1
11,327,783,191,176,155,1,-1,-1,-1
11,328,913,202,131,112,1,-1,-1,-1
12,299,1475,191,290,223,1,-1,-1,-1
12,305,607,178,221,224,1,-1,-1,-1
12,306,1237,171,147,130,1,-1,-1,-1
12,327,779,190,178,158,1,-1,-1,-1
12,328,912,202,131,112,1,-1,-1,-1
13,299,1496,180,271,239,1,-1,-1,-1
13,305,601,178,224,227,1,-1,-1,-1
13,306,1238,172,145,124,1,-1,-1,-1
13,327,774,190,180,160,1,-1,-1,-1
13,328,911,202,132,113,1,-1,-1,-1
14,299,1499,178,267,234,1,-1,-1,-1
14,305,592,178,228,230,1,-1,-1,-1
14,306,1238,172,145,123,1,-1,-1,-1
14,327,770,189,181,163,1,-1,-1,-1
14,328,909,202,132,114,1,-1,-1,-1
15,299,1502,181,264,229,1,-1,-1,-1
15,305,584,179,231,233,1,-1,-1,-1
15,306,1238,172,146,124,1,-1,-1,-1
15,327,765,189,183,165,1,-1,-1,-1
15,328,908,202,133,114,1,-1,-1,-1
16,299,1504,181,264,222,1,-1,-1,-1
16,305,575,179,235,235,1,-1,-1,-1
16,306,1237,171,147,125,1,-1,-1,-1
16,313,974,176,164,66,1,-1,-1,-1
16,327,761,188,185,168,1,-1,-1,-1
16,328,907,202,133,115,1,-1,-1,-1
17,299,1506,178,265,221,1,-1,-1,-1
17,305,566,180,238,238,1,-1,-1,-1
17,306,1237,170,150,127,1,-1,-1,-1
17,313,982,175,162,67,1,-1,-1,-1
17,327,756,187,187,170,1,-1,-1,-1
17,328,905,202,134,116,1,-1,-1,-1
18,299,1509,177,261,219,1,-1,-1,-1
18,305,558,180,242,241,1,-1,-1,-1
18,306,1238,170,150,125,1,-1,-1,-1
18,313,990,175,161,67,1,-1,-1,-1
18,327,752,187,188,173,1,-1,-1,-1
18,328,903,202,134,116,1,-1,-1,-1
19,299,1510,175,257,220,1,-1,-1,-1
19,305,549,180,246,244,1,-1,-1,-1
19,306,1238,170,150,127,1,-1,-1,-1
19,313,998,174,159,68,1,-1,-1,-1
19,327,747,186,190,175,1,-1,-1,-1
19,328,901,201,135,117,1,-1,-1,-1
20,299,1511,175,254,218,1,-1,-1,-1
20,305,540,181,249,247,1,-1,-1,-1
20,306,1238,169,150,128,1,-1,-1,-1
20,313,1006,173,157,68,1,-1,-1,-1
20,327,744,185,193,177,1,-1,-1,-1
20,328,899,201,136,118,1,-1,-1,-1
21,299,1512,174,251,218,1,-1,-1,-1
21,305,531,181,253,249,1,-1,-1,-1
21,306,1238,168,149,129,1,-1,-1,-1
21,313,1016,172,153,68,1,-1,-1,-1
21,327,741,186,194,177,1,-1,-1,-1
21,328,897,201,137,119,1,-1,-1,-1
22,299,1513,174,250,215,1,-1,-1,-1
22,305,523,182,256,252,1,-1,-1,-1
22,306,1239,168,149,129,1,-1,-1,-1
22,313,1025,172,149,69,1,-1,-1,-1
22,327,739,186,194,177,1,-1,-1,-1
22,328,895,201,137,119,1,-1,-1,-1
23,299,1513,173,249,211,1,-1,-1,-1
23,305,514,182,260,255,1,-1,-1,-1
23,306,1239,168,149,129,1,-1,-1,-1
23,313,1035,171,144,69,1,-1,-1,-1
23,327,736,187,191,174,1,-1,-1,-1
23,328,893,201,138,120,1,-1,-1,-1
24,299,1513,173,251,208,1,-1,-1,-1
24,305,504,183,263,258,1,-1,-1,-1
24,306,1238,168,151,130,1,-1,-1,-1
24,313,1044,171,140,70,1,-1,-1,-1
24,327,732,189,191,173,1,-1,-1,-1
24,328,891,201,139,121,1,-1,-1,-1
25,299,1514,170,248,207,1,-1,-1,-1
25,305,494,185,267,261,1,-1,-1,-1
25,306,1238,168,150,130,1,-1,-1,-1
25,313,1054,170,136,70,1,-1,-1,-1
25,327,725,190,196,169,1,-1,-1,-1
25,328,888,200,139,121,1,-1,-1,-1
26,299,1515,168,242,206,1,-1,-1,-1
26,305,484,186,270,264,1,-1,-1,-1
26,306,1238,168,150,130,1,-1,-1,-1
26,313,1059,167,135,73,1,-1,-1,-1
26,327,720,189,199,173,1,-1,-1,-1
26,328,886,200,140,122,1,-1,-1,-1
27,299,1516,165,237,206,1,-1,-1,-1
27,305,474,188,273,268,1,-1,-1,-1
27,306,1238,167,149,129,1,-1,-1,-1
27,313,1065,165,134,77,1,-1,-1,-1
27,327,699,184,215,184,1,-1,-1,-1
27,328,884,200,141,123,1,-1,-1,-1
28,299,1517,164,229,204,1,-1,-1,-1
28,305,464,189,276,271,1,-1,-1,-1
28,306,1238,168,149,127,1,-1,-1,-1
28,313,1070,162,133,80,1,-1,-1,-1
28,327,695,186,218,185,1,-1,-1,-1
28,328,882,200,141,123,1,-1,-1,-1
29,299,1517,163,226,201,1,-1,-1,-1
29,305,454,190,280,274,1,-1,-1,-1
29,306,1238,168,147,127,1,-1,-1,-1
29,313,1076,160,132,84,1,-1,-1,-1
29,327,691,187,221,186,1,-1,-1,-1
29,328,880,200,142,124,1,-1,-1,-1
30,299,1514,165,227,198,1,-1,-1,-1
30,305,444,192,283,277,1,-1,-1,-1
30,306,1238,167,149,127,1,-1,-1,-1
30,313,1081,157,131,87,1,-1,-1,-1
30,327,687,189,225,187,1,-1,-1,-1
30,328,878,200,143,125,1,-1,-1,-1
31,299,1512,167,228,194,1,-1,-1,-1
31,305,434,193,286,280,1,-1,-1,-1
31,306,1238,167,149,129,1,-1,-1,-1
31,313,1087,158,127,86,1,-1,-1,-1
31,327,683,190,228,188,1,-1,-1,-1
31,328,876,199,144,126,1,-1,-1,-1
32,299,1509,169,228,191,1,-1,-1,-1
32,305,422,195,290,283,1,-1,-1,-1
32,306,1238,167,150,129,1,-1,-1,-1
32,313,1095,158,121,85,1,-1,-1,-1
32,327,679,192,231,189,1,-1,-1,-1
32,328,874,199,144,126,1,-1,-1,-1
33,299,1506,171,229,187,1,-1,-1,-1
33,305,411,197,295,286,1,-1,-1,-1
33,306,1238,167,149,128,1,-1,-1,-1
33,313,1101,159,116,85,1,-1,-1,-1
33,327,672,190,235,194,1,-1,-1,-1
33,328,872,199,145,127,1,-1,-1,-1
34,299,1505,170,224,186,1,-1,-1,-1
34,305,399,198,299,289,1,-1,-1,-1
34,306,1238,168,147,125,1,-1,-1,-1
34,313,1108,159,111,84,1,-1,-1,-1
34,327,665,187,239,199,1,-1,-1,-1
34,328,869,199,146,128,1,-1,-1,-1
35,299,1505,170,220,182,1,-1,-1,-1
35,305,387,200,303,292,1,-1,-1,-1
35,306,1238,167,145,124,1,-1,-1,-1
35,313,1114,160,106,83,1,-1,-1,-1
35,327,659,178,234,222,1,-1,-1,-1
35,328,866,199,146,128,1,-1,-1,-1
36,299,1501,172,221,175,1,-1,-1,-1
36,305,375,202,307,294,1,-1,-1,-1
36,306,1239,167,144,124,1,-1,-1,-1
36,313,1121,160,101,81,1,-1,-1,-1
36,327,658,176,231,224,1,-1,-1,-1
36,328,863,199,147,129,1,-1,-1,-1
37,299,1497,172,220,173,1,-1,-1,-1
37,305,364,204,312,297,1,-1,-1,-1
37,306,1239,167,144,124,1,-1,-1,-1
37,313,1122,160,101,81,1,-1,-1,-1
37,327,657,176,231,226,1,-1,-1,-1
37,328,860,199,148,130,1,-1,-1,-1
38,299,1492,171,222,174,1,-1,-1,-1
38,305,352,205,316,300,1,-1,-1,-1
38,306,1239,167,144,125,1,-1,-1,-1
38,313,1124,159,100,83,1,-1,-1,-1
38,327,653,178,232,224,1,-1,-1,-1
38,328,856,200,149,131,1,-1,-1,-1
39,299,1487,169,223,177,1,-1,-1,-1
39,305,340,207,320,303,1,-1,-1,-1
39,306,1239,166,144,127,1,-1,-1,-1
39,313,1128,159,97,81,1,-1,-1,-1
39,327,649,180,233,223,1,-1,-1,-1
39,328,853,200,149,131,1,-1,-1,-1
40,299,1484,168,223,177,1,-1,-1,-1
40,305,326,208,329,311,1,-1,-1,-1
40,306,1240,166,143,127,1,-1,-1,-1
40,313,1129,158,95,80,1,-1,-1,-1
40,327,645,181,234,223,1,-1,-1,-1
40,328,850,200,150,132,1,-1,-1,-1
41,299,1482,168,221,176,1,-1,-1,-1
41,305,312,209,337,319,1,-1,-1,-1
41,306,1240,166,142,125,1,-1,-1,-1
41,313,1130,159,92,78,1,-1,-1,-1
41,327,640,181,238,224,1,-1,-1,-1
41,328,847,200,151,133,1,-1,-1,-1
42,299,1481,167,221,176,1,-1,-1,-1
42,305,299,210,346,327,1,-1,-1,-1
42,306,1240,167,140,124,1,-1,-1,-1
42,313,1130,160,92,78,1,-1,-1,-1
42,327,635,181,240,222,1,-1,-1,-1
42,328,844,200,151,133,1,-1,-1,-1
43,299,1479,170,208,167,1,-1,-1,-1
43,305,285,211,354,335,1,-1,-1,-1
43,306,1241,167,140,123,1,-1,-1,-1
43,313,1131,160,91,78,1,-1,-1,-1
43,327,629,183,240,221,1,-1,-1,-1
43,328,841,200,152,134,1,-1,-1,-1
44,299,1477,170,207,166,1,-1,-1,-1
44,305,271,212,363,343,1,-1,-1,-1
44,306,1241,166,140,123,1,-1,-1,-1
44,313,1131,161,91,77,1,-1,-1,-1
44,327,625,185,241,218,1,-1,-1,-1
44,328,838,200,153,135,1,-1,-1,-1
45,299,1474,171,205,164,1,-1,-1,-1
45,305,245,209,377,353,1,-1,-1,-1
45,306,1241,165,140,124,1,-1,-1,-1
45,313,1131,161,90,77,1,-1,-1,-1
45,327,603,187,261,226,1,-1,-1,-1
45,328,835,200,153,135,1,-1,-1,-1
46,299,1472,171,204,163,1,-1,-1,-1
46,305,247,217,351,338,1,-1,-1,-1
46,306,1241,164,139,125,1,-1,-1,-1
46,309,964,530,835,550,1,-1,-1,-1
46,313,1131,162,90,77,1,-1,-1,-1
46,327,600,189,263,227,1,-1,-1,-1
46,328,831,201,154,136,1,-1,-1,-1
47,299,1470,172,202,161,1,-1,-1,-1
47,305,228,221,369,344,1,-1,-1,-1
47,306,1241,163,139,127,1,-1,-1,-1
47,309,1040,504,789,576,1,-1,-1,-1
47,313,1132,162,89,77,1,-1,-1,-1
47,327,595,191,267,228,1,-1,-1,-1
47,328,828,201,155,137,1,-1,-1,-1
48,299,1467,172,201,160,1,-1,-1,-1
48,305,209,225,387,350,1,-1,-1,-1
48,306,1242,163,138,127,1,-1,-1,-1
48,309,1099,473,745,607,1,-1,-1,-1
48,313,1132,163,89,76,1,-1,-1,-1
48,327,589,193,273,228,1,-1,-1,-1
48,328,825,201,156,138,1,-1,-1,-1
49,299,1465,173,199,158,1,-1,-1,-1
49,305,193,226,395,356,1,-1,-1,-1
49,306,1243,162,136,127,1,-1,-1,-1
49,309,1157,445,715,607,1,-1,-1,-1
49,313,1132,163,88,76,1,-1,-1,-1
49,327,584,193,275,229,1,-1,-1,-1
49,328,822,201,156,138,1,-1,-1,-1
50,299,1463,173,198,157,1,-1,-1,-1
50,305,176,227,409,362,1,-1,-1,-1
50,306,1243,161,135,127,1,-1,-1,-1
50,309,1197,408,705,612,1,-1,-1,-1
50,313,1133,164,88,76,1,-1,-1,-1
50,327,581,193,274,231,1,-1,-1,-1
50,328,819,201,157,139,1,-1,-1,-1
51,299,1460,174,196,155,1,-1,-1,-1
51,305,163,229,403,365,1,-1,-1,-1
51,306,1243,161,134,128,1,-1,-1,-1
51,309,1242,385,672,597,1,-1,-1,-1
51,313,1133,164,88,76,1,-1,-1,-1
51,327,575,191,274,235,1,-1,-1,-1
51,328,815,201,158,140,1,-1,-1,-1
52,299,1458,174,195,154,1,-1,-1,-1
52,305,149,230,397,368,1,-1,-1,-1
52,306,1242,161,134,128,1,-1,-1,-1
52,309,1285,362,633,594,1,-1,-1,-1
52,313,1133,165,87,76,1,-1,-1,-1
52,327,565,191,276,239,1,-1,-1,-1
52,328,811,201,160,141,1,-1,-1,-1
53,299,1457,173,194,154,1,-1,-1,-1
53,305,136,232,391,371,1,-1,-1,-1
53,306,1242,161,134,128,1,-1,-1,-1
53,309,1340,362,580,526,1,-1,-1,-1
53,313,1133,165,87,75,1,-1,-1,-1
53,327,556,191,279,242,1,-1,-1,-1
53,328,807,201,161,142,1,-1,-1,-1
54,299,1456,173,193,153,1,-1,-1,-1
54,305,118,233,398,377,1,-1,-1,-1
54,306,1242,161,134,128,1,-1,-1,-1
54,309,1370,345,550,510,1,-1,-1,-1
54,313,1134,166,86,75,1,-1,-1,-1
54,327,549,190,277,246,1,-1,-1,-1
54,328,803,201,162,144,1,-1,-1,-1
55,299,1455,173,191,152,1,-1,-1,-1
55,305,100,235,405,383,1,-1,-1,-1
55,306,1242,162,134,127,1,-1,-1,-1
55,309,1394,306,526,530,1,-1,-1,-1
55,313,1134,166,86,75,1,-1,-1,-1
55,327,545,186,276,254,1,-1,-1,-1
55,328,799,201,163,145,1,-1,-1,-1
56,299,1454,173,190,151,1,-1,-1,-1
56,305,82,236,412,388,1,-1,-1,-1
56,306,1242,162,133,127,1,-1,-1,-1
56,309,1426,292,494,514,1,-1,-1,-1
56,313,1134,167,85,75,1,-1,-1,-1
56,327,544,195,274,255,1,-1,-1,-1
56,328,795,201,165,146,1,-1,-1,-1
57,299,1453,173,188,150,1,-1,-1,-1
57,305,64,238,419,394,1,-1,-1,-1
57,306,1242,162,133,125,1,-1,-1,-1
57,309,1448,275,472,506,1,-1,-1,-1
57,313,1134,167,85,74,1,-1,-1,-1
57,327,537,195,277,259,1,-1,-1,-1
57,328,791,201,166,147,1,-1,-1,-1
58,299,1453,174,187,149,1,-1,-1,-1
58,305,46,239,426,400,1,-1,-1,-1
58,306,1242,163,135,124,1,-1,-1,-1
58,309,1461,259,459,496,1,-1,-1,-1
58,313,1135,168,84,74,1,-1,-1,-1
58,327,533,198,276,254,1,-1,-1,-1
58,328,788,201,167,148,1,-1,-1,-1
59,299,1452,174,186,148,1,-1,-1,-1
59,305,31,241,428,409,1,-1,-1,-1
59,306,1241,163,136,122,1,-1,-1,-1
59,309,1472,247,448,492,1,-1,-1,-1
59,312,1347,178,184,79,1,-1,-1,-1
59,313,1135,168,84,74,1,-1,-1,-1
59,327,533,201,272,253,1,-1,-1,-1
59,328,784,200,168,149,1,-1,-1,-1
60,299,1451,174,184,147,1,-1,-1,-1
60,305,15,243,429,419,1,-1,-1,-1
60,306,1240,165,138,121,1,-1,-1,-1
60,309,1485,238,435,477,1,-1,-1,-1
60,312,1325,178,177,79,1,-1,-1,-1
60,313,1134,168,84,74,1,-1,-1,-1
60,327,519,206,278,245,1,-1,-1,-1
60,328,780,200,170,150,1,-1,-1,-1
61,299,1450,174,183,146,1,-1,-1,-1
61,305,0,245,431,428,1,-1,-1,-1
61,306,1240,165,136,122,1,-1,-1,-1
61,309,1498,230,422,462,1,-1,-1,-1
61,312,1304,179,170,80,1,-1,-1,-1
61,313,1133,169,85,74,1,-1,-1,-1
61,327,515,204,277,252,1,-1,-1,-1
61,328,776,200,171,151,1,-1,-1,-1
62,299,1449,175,182,145,1,-1,-1,-1
62,305,0,249,420,434,1,-1,-1,-1
62,306,1240,164,136,122,1,-1,-1,-1
62,309,1510,221,410,446,1,-1,-1,-1
62,313,1132,169,85,75,1,-1,-1,-1
62,327,505,208,286,254,1,-1,-1,-1
62,328,772,200,172,153,1,-1,-1,-1
63,299,1448,175,180,143,1,-1,-1,-1
63,305,0,252,408,440,1,-1,-1,-1
63,306,1235,165,147,121,1,-1,-1,-1
63,309,1523,213,397,431,1,-1,-1,-1
63,313,1131,169,85,75,1,-1,-1,-1
63,327,494,210,294,260,1,-1,-1,-1
63,328,768,200,173,154,1,-1,-1,-1
64,299,1447,175,179,142,1,-1,-1,-1
64,305,0,254,396,450,1,-1,-1,-1
64,306,1233,163,150,122,1,-1,-1,-1
64,309,1536,204,384,416,1,-1,-1,-1
64,313,1131,170,86,75,1,-1,-1,-1
64,327,481,215,301,257,1,-1,-1,-1
64,328,764,200,175,155,1,-1,-1,-1
65,299,1446,175,177,141,1,-1,-1,-1
65,305,0,255,383,460,1,-1,-1,-1
65,306,1233,163,150,122,1,-1,-1,-1
65,309,1555,217,365,378,1,-1,-1,-1
65,313,1130,170,86,75,1,-1,-1,-1
65,327,472,214,305,263,1,-1,-1,-1
65,328,760,200,176,156,1,-1,-1,-1
66,299,1445,175,176,140,1,-1,-1,-1
66,306,1237,163,140,123,1,-1,-1,-1
66,309,1571,215,349,362,1,-1,-1,-1
66,313,1129,170,86,76,1,-1,-1,-1
66,327,466,215,301,265,1,-1,-1,-1
66,328,756,200,177,157,1,-1,-1,-1
67,299,1444,175,175,138,1,-1,-1,-1
67,306,1239,163,136,122,1,-1,-1,-1
67,309,1563,201,357,361,1,-1,-1,-1
67,327,460,217,300,267,1,-1,-1,-1
67,328,750,199,182,159,1,-1,-1,-1
68,299,1443,176,174,136,1,-1,-1,-1
68,306,1239,163,135,123,1,-1,-1,-1
68,309,1570,199,350,361,1,-1,-1,-1
68,312,1148,178,171,97,1,-1,-1,-1
68,327,453,220,303,270,1,-1,-1,-1
68,328,743,199,187,162,1,-1,-1,-1
69,299,1442,176,172,135,1,-1,-1,-1
69,306,1239,163,135,123,1,-1,-1,-1
69,309,1576,196,344,356,1,-1,-1,-1
69,312,1129,177,168,100,1,-1,-1,-1
69,327,445,223,310,273,1,-1,-1,-1
69,328,737,198,192,164,1,-1,-1,-1
70,299,1441,176,171,134,1,-1,-1,-1
70,306,1239,162,135,124,1,-1,-1,-1
70,309,1578,191,342,350,1,-1,-1,-1
70,312,1111,176,165,102,1,-1,-1,-1
70,327,417,225,331,271,1,-1,-1,-1
70,328,730,198,196,167,1,-1,-1,-1
71,299,1440,176,169,133,1,-1,-1,-1
71,306,1238,161,136,124,1,-1,-1,-1
71,309,1579,185,341,347,1,-1,-1,-1
71,312,1092,175,162,105,1,-1,-1,-1
71,327,409,221,336,276,1,-1,-1,-1
71,328,724,197,201,169,1,-1,-1,-1
72,299,1439,176,168,132,1,-1,-1,-1
72,306,1239,160,135,125,1,-1,-1,-1
72,309,1578,181,342,344,1,-1,-1,-1
72,312,1085,176,161,106,1,-1,-1,-1
72,327,399,219,341,282,1,-1,-1,-1
72,328,717,197,206,171,1,-1,-1,-1
73,299,1438,176,166,131,1,-1,-1,-1
73,306,1240,160,133,125,1,-1,-1,-1
73,309,1577,181,343,338,1,-1,-1,-1
73,312,1069,181,163,103,1,-1,-1,-1
73,327,389,218,342,289,1,-1,-1,-1
73,328,711,196,211,174,1,-1,-1,-1
74,299,1438,176,165,130,1,-1,-1,-1
74,306,1241,161,131,125,1,-1,-1,-1
74,309,1577,183,343,327,1,-1,-1,-1
74,312,1053,186,164,100,1,-1,-1,-1
74,327,377,216,349,301,1,-1,-1,-1
74,328,704,196,216,176,1,-1,-1,-1
75,299,1437,176,164,129,1,-1,-1,-1
75,306,1242,161,130,125,1,-1,-1,-1
75,309,1578,184,342,317,1,-1,-1,-1
75,312,1042,189,165,99,1,-1,-1,-1
75,327,366,216,352,310,1,-1,-1,-1
75,328,698,195,221,178,1,-1,-1,-1
76,299,1436,176,163,128,1,-1,-1,-1
76,306,1242,161,130,125,1,-1,-1,-1
76,309,1578,183,342,308,1,-1,-1,-1
76,312,1029,187,162,103,1,-1,-1,-1
76,327,357,215,354,320,1,-1,-1,-1
76,328,691,195,225,181,1,-1,-1,-1
77,299,1435,176,162,127,1,-1,-1,-1
77,306,1242,161,130,125,1,-1,-1,-1
77,309,1578,181,342,301,1,-1,-1,-1
77,312,1015,185,158,107,1,-1,-1,-1
77,327,350,216,355,327,1,-1,-1,-1
77,328,685,194,230,183,1,-1,-1,-1
78,299,1434,177,160,125,1,-1,-1,-1
78,306,1242,161,131,125,1,-1,-1,-1
78,309,1576,182,344,293,1,-1,-1,-1
78,312,1005,188,153,107,1,-1,-1,-1
78,313,1119,174,90,78,1,-1,-1,-1
78,327,325,223,371,318,1,-1,-1,-1
78,328,678,194,235,186,1,-1,-1,-1
79,299,1433,177,158,124,1,-1,-1,-1
79,306,1242,161,131,124,1,-1,-1,-1
79,309,1576,181,340,289,1,-1,-1,-1
79,312,995,192,149,106,1,-1,-1,-1
79,313,1119,174,90,78,1,-1,-1,-1
79,327,321,222,371,321,1,-1,-1,-1
79,328,672,193,240,188,1,-1,-1,-1
80,299,1432,177,157,123,1,-1,-1,-1
80,306,1241,161,132,125,1,-1,-1,-1
80,309,1576,182,329,284,1,-1,-1,-1
80,312,985,195,144,106,1,-1,-1,-1
80,313,1118,175,90,78,1,-1,-1,-1
80,327,314,222,371,323,1,-1,-1,-1
80,328,666,193,241,189,1,-1,-1,-1
81,299,1431,177,156,122,1,-1,-1,-1
81,306,1241,161,131,124,1,-1,-1,-1
81,309,1577,182,319,283,1,-1,-1,-1
81,312,979,197,142,103,1,-1,-1,-1
81,313,1118,175,89,78,1,-1,-1,-1
81,327,303,238,370,321,1,-1,-1,-1
81,328,660,194,243,191,1,-1,-1,-1
82,299,1430,178,154,121,1,-1,-1,-1
82,306,1241,161,131,124,1,-1,-1,-1
82,309,1577,178,306,272,1,-1,-1,-1
82,312,973,199,140,101,1,-1,-1,-1
82,313,1118,175,89,78,1,-1,-1,-1
82,327,292,236,369,329,1,-1,-1,-1
82,328,654,195,245,193,1,-1,-1,-1
83,299,1429,178,153,119,1,-1,-1,-1
83,306,1240,162,131,123,1,-1,-1,-1
83,309,1576,179,299,270,1,-1,-1,-1
83,312,969,200,138,101,1,-1,-1,-1
83,313,1118,175,89,78,1,-1,-1,-1
83,327,277,236,376,333,1,-1,-1,-1
83,328,648,196,248,195,1,-1,-1,-1
84,299,1428,178,152,118,1,-1,-1,-1
84,306,1240,162,131,123,1,-1,-1,-1
84,309,1574,179,295,265,1,-1,-1,-1
84,312,964,201,137,101,1,-1,-1,-1
84,313,1117,176,89,78,1,-1,-1,-1
84,327,260,236,392,341,1,-1,-1,-1
84,328,642,197,250,196,1,-1,-1,-1
85,299,1425,178,153,119,1,-1,-1,-1
85,306,1240,161,132,124,1,-1,-1,-1
85,309,1571,175,287,266,1,-1,-1,-1
85,312,959,202,135,102,1,-1,-1,-1
85,313,1117,176,89,78,1,-1,-1,-1
85,327,234,238,398,347,1,-1,-1,-1
85,328,637,198,252,198,1,-1,-1,-1
86,299,1424,178,150,121,1,-1,-1,-1
86,306,1240,161,131,124,1,-1,-1,-1
86,309,1568,173,284,265,1,-1,-1,-1
86,312,955,203,134,102,1,-1,-1,-1
86,313,1117,176,89,78,1,-1,-1,-1
86,327,228,240,399,352,1,-1,-1,-1
86,328,630,199,254,199,1,-1,-1,-1
87,299,1421,178,153,120,1,-1,-1,-1
87,306,1240,161,131,124,1,-1,-1,-1
87,309,1568,170,278,262,1,-1,-1,-1
87,312,950,204,133,102,1,-1,-1,-1
87,313,1117,176,88,78,1,-1,-1,-1
87,327,219,246,402,348,1,-1,-1,-1
87,328,624,200,256,201,1,-1,-1,-1
88,299,1419,177,152,121,1,-1,-1,-1
88,306,1241,161,131,124,1,-1,-1,-1
88,309,1567,167,276,260,1,-1,-1,-1
88,312,945,205,131,103,1,-1,-1,-1
88,313,1116,177,88,78,1,-1,-1,-1
88,327,206,252,408,343,1,-1,-1,-1
88,328,618,201,259,202,1,-1,-1,-1
89,299,1417,177,154,119,1,-1,-1,-1
89,306,1241,161,131,124,1,-1,-1,-1
89,309,1570,165,268,256,1,-1,-1,-1
89,312,940,206,130,103,1,-1,-1,-1
89,313,1116,177,88,78,1,-1,-1,-1
89,327,189,258,421,341,1,-1,-1,-1
89,328,612,202,261,205,1,-1,-1,-1
90,299,1417,178,152,119,1,-1,-1,-1
90,306,1241,161,131,124,1,-1,-1,-1
90,309,1555,168,278,244,1,-1,-1,-1
90,312,938,206,130,103,1,-1,-1,-1
90,313,1116,177,88,78,1,-1,-1,-1
90,327,172,259,435,344,1,-1,-1,-1
90,328,606,203,263,206,1,-1,-1,-1
91,299,1415,180,152,116,1,-1,-1,-1
91,306,1241,161,131,125,1,-1,-1,-1
91,309,1557,165,272,242,1,-1,-1,-1
91,312,937,206,128,102,1,-1,-1,-1
91,313,1115,177,88,78,1,-1,-1,-1
91,327,152,253,437,367,1,-1,-1,-1
91,328,601,204,265,208,1,-1,-1,-1
92,299,1413,182,151,113,1,-1,-1,-1
92,306,1240,160,131,125,1,-1,-1,-1
92,309,1556,163,267,240,1,-1,-1,-1
92,312,937,205,125,103,1,-1,-1,-1
92,313,1115,178,89,78,1,-1,-1,-1
92,327,135,254,440,373,1,-1,-1,-1
92,328,595,205,267,209,1,-1,-1,-1
93,299,1412,181,149,113,1,-1,-1,-1
93,306,1240,160,132,125,1,-1,-1,-1
93,309,1552,162,266,238,1,-1,-1,-1
93,312,932,208,119,101,1,-1,-1,-1
93,313,1114,178,89,78,1,-1,-1,-1
93,327,123,255,432,380,1,-1,-1,-1
93,328,589,205,270,211,1,-1,-1,-1
94,299,1410,180,147,113,1,-1,-1,-1
94,306,1240,160,132,125,1,-1,-1,-1
94,309,1550,160,263,237,1,-1,-1,-1
94,312,930,209,121,102,1,-1,-1,-1
94,313,1114,178,89,79,1,-1,-1,-1
94,327,115,257,425,384,1,-1,-1,-1
94,328,583,206,271,212,1,-1,-1,-1
95,299,1409,180,146,113,1,-1,-1,-1
95,306,1240,160,133,127,1,-1,-1,-1
95,309,1547,158,259,234,1,-1,-1,-1
95,312,925,210,123,102,1,-1,-1,-1
95,313,1113,178,89,79,1,-1,-1,-1
95,327,104,260,425,384,1,-1,-1,-1
95,328,577,207,273,215,1,-1,-1,-1
96,299,1407,179,144,113,1,-1,-1,-1
96,306,1240,160,133,127,1,-1,-1,-1
96,309,1545,159,254,231,1,-1,-1,-1
96,312,922,209,125,103,1,-1,-1,-1
96,313,1112,179,90,79,1,-1,-1,-1
96,327,89,261,438,385,1,-1,-1,-1
96,328,572,208,275,216,1,-1,-1,-1
97,299,1406,178,142,113,1,-1,-1,-1
97,306,1239,160,133,127,1,-1,-1,-1
97,309,1543,159,252,228,1,-1,-1,-1
97,312,919,209,125,103,1,-1,-1,-1
97,313,1112,179,90,79,1,-1,-1,-1
97,327,78,259,452,387,1,-1,-1,-1
97,328,565,209,277,218,1,-1,-1,-1
98,299,1404,177,140,113,1,-1,-1,-1
98,306,1240,160,132,127,1,-1,-1,-1
98,309,1541,159,245,224,1,-1,-1,-1
98,312,919,209,124,102,1,-1,-1,-1
98,313,1111,179,90,79,1,-1,-1,-1
98,327,60,268,454,378,1,-1,-1,-1
98,328,559,210,279,219,1,-1,-1,-1
99,299,1404,178,136,114,1,-1,-1,-1
99,306,1240,160,132,125,1,-1,-1,-1
99,309,1537,155,241,223,1,-1,-1,-1
99,312,918,210,124,102,1,-1,-1,-1
99,313,1110,179,90,79,1,-1,-1,-1
99,327,38,281,483,395,1,-1,-1,-1
99,328,553,211,282,221,1,-1,-1,-1
100,299,1404,179,135,113,1,-1,-1,-1
100,306,1240,161,131,124,1,-1,-1,-1
100,309,1532,151,237,222,1,-1,-1,-1
100,312,917,210,125,102,1,-1,-1,-1
100,313,1110,180,91,79,1,-1,-1,-1
100,327,23,277,490,408,1,-1,-1,-1
100,328,547,212,284,222,1,-1,-1,-1
101,299,1404,180,134,111,1,-1,-1,-1
101,306,1240,161,131,124,1,-1,-1,-1
101,309,1528,150,233,218,1,-1,-1,-1
101,312,914,210,127,103,1,-1,-1,-1
101,313,1109,180,91,79,1,-1,-1,-1
101,327,5,275,496,422,1,-1,-1,-1
101,328,541,213,286,224,1,-1,-1,-1
102,299,1404,179,134,111,1,-1,-1,-1
102,306,1240,161,131,123,1,-1,-1,-1
102,309,1526,151,227,213,1,-1,-1,-1
102,312,912,211,129,103,1,-1,-1,-1
102,313,1109,180,91,80,1,-1,-1,-1
102,327,0,275,493,433,1,-1,-1,-1
102,328,536,214,288,226,1,-1,-1,-1
103,299,1403,179,135,112,1,-1,-1,-1
103,306,1240,161,131,124,1,-1,-1,-1
103,309,1525,153,223,210,1,-1,-1,-1
103,312,910,212,131,103,1,-1,-1,-1
103,313,1108,180,91,80,1,-1,-1,-1
103,327,0,297,455,405,1,-1,-1,-1
103,328,530,215,290,228,1,-1,-1,-1
104,299,1402,177,136,112,1,-1,-1,-1
104,306,1240,161,130,124,1,-1,-1,-1
104,309,1524,154,220,206,1,-1,-1,-1
104,312,908,213,132,103,1,-1,-1,-1
104,313,1107,181,92,80,1,-1,-1,-1
104,327,0,301,444,411,1,-1,-1,-1
104,328,524,216,293,229,1,-1,-1,-1
105,299,1400,176,138,114,1,-1,-1,-1
105,306,1239,161,130,123,1,-1,-1,-1
105,309,1510,157,243,199,1,-1,-1,-1
105,312,906,214,134,103,1,-1,-1,-1
105,313,1107,181,92,80,1,-1,-1,-1
105,327,0,304,433,417,1,-1,-1,-1
105,328,518,217,295,231,1,-1,-1,-1
106,299,1400,176,139,114,1,-1,-1,-1
106,306,1239,162,130,123,1,-1,-1,-1
106,309,1509,154,238,200,1,-1,-1,-1
106,312,904,215,136,103,1,-1,-1,-1
106,313,1106,181,92,80,1,-1,-1,-1
106,327,0,311,422,421,1,-1,-1,-1
106,328,512,217,297,232,1,-1,-1,-1
107,299,1399,175,140,114,1,-1,-1,-1
107,306,1239,161,130,123,1,-1,-1,-1
107,309,1509,153,234,200,1,-1,-1,-1
107,312,904,217,135,101,1,-1,-1,-1
107,313,1105,181,92,80,1,-1,-1,-1
107,327,0,318,411,424,1,-1,-1,-1
107,328,506,218,299,234,1,-1,-1,-1
108,299,1399,175,138,112,1,-1,-1,-1
108,306,1239,161,130,124,1,-1,-1,-1
108,309,1507,158,223,188,1,-1,-1,-1
108,312,904,217,135,100,1,-1,-1,-1
108,313,1104,181,93,81,1,-1,-1,-1
108,328,496,219,303,237,1,-1,-1,-1
109,299,1400,176,135,111,1,-1,-1,-1
109,306,1239,161,129,124,1,-1,-1,-1
109,309,1505,161,221,185,1,-1,-1,-1
109,312,903,216,135,101,1,-1,-1,-1
109,313,1103,181,93,81,1,-1,-1,-1
109,328,487,221,306,240,1,-1,-1,-1
110,299,1401,177,133,110,1,-1,-1,-1
110,306,1239,160,129,123,1,-1,-1,-1
110,309,1501,159,221,185,1,-1,-1,-1
110,312,901,217,135,100,1,-1,-1,-1
110,313,1102,181,93,82,1,-1,-1,-1
110,328,477,223,309,242,1,-1,-1,-1
111,299,1400,179,132,109,1,-1,-1,-1
111,306,1238,160,129,123,1,-1,-1,-1
111,309,1499,158,220,185,1,-1,-1,-1
111,312,899,218,136,100,1,-1,-1,-1
111,313,1101,181,94,82,1,-1,-1,-1
111,328,468,225,312,245,1,-1,-1,-1
112,299,1399,178,133,111,1,-1,-1,-1
112,306,1238,160,129,123,1,-1,-1,-1
112,309,1496,155,219,188,1,-1,-1,-1
112,312,899,220,135,99,1,-1,-1,-1
112,313,1100,181,94,83,1,-1,-1,-1
112,328,458,226,316,248,1,-1,-1,-1
113,299,1398,177,133,112,1,-1,-1,-1
113,306,1238,160,129,123,1,-1,-1,-1
113,309,1492,154,220,190,1,-1,-1,-1
113,312,900,219,134,100,1,-1,-1,-1
113,313,1099,181,94,83,1,-1,-1,-1
113,328,448,228,320,251,1,-1,-1,-1
114,299,1397,176,134,112,1,-1,-1,-1
114,306,1239,160,128,123,1,-1,-1,-1
114,309,1490,152,216,191,1,-1,-1,-1
114,312,900,221,135,99,1,-1,-1,-1
114,313,1098,182,95,84,1,-1,-1,-1
114,328,438,229,323,254,1,-1,-1,-1
115,299,1397,177,134,109,1,-1,-1,-1
115,306,1239,161,128,122,1,-1,-1,-1
115,309,1488,154,211,189,1,-1,-1,-1
115,312,899,222,135,98,1,-1,-1,-1
115,313,1096,182,95,84,1,-1,-1,-1
115,328,429,231,327,256,1,-1,-1,-1
116,299,1396,177,134,109,1,-1,-1,-1
116,306,1239,160,127,123,1,-1,-1,-1
116,309,1487,156,209,187,1,-1,-1,-1
116,312,899,223,135,97,1,-1,-1,-1
116,313,1095,182,95,84,1,-1,-1,-1
116,328,419,232,330,260,1,-1,-1,-1
117,299,1395,178,132,108,1,-1,-1,-1
117,306,1239,159,127,125,1,-1,-1,-1
117,309,1485,157,210,186,1,-1,-1,-1
117,312,899,222,135,98,1,-1,-1,-1
117,313,1094,182,95,85,1,-1,-1,-1
117,328,410,234,333,262,1,-1,-1,-1
118,299,1393,176,131,109,1,-1,-1,-1
118,306,1240,157,127,128,1,-1,-1,-1
118,309,1484,161,198,175,1,-1,-1,-1
118,312,899,220,135,100,1,-1,-1,-1
118,313,1093,182,96,85,1,-1,-1,-1
118,328,400,236,337,265,1,-1,-1,-1
119,299,1392,174,130,111,1,-1,-1,-1
119,306,1234,161,135,119,1,-1,-1,-1
119,309,1484,162,196,175,1,-1,-1,-1
119,312,898,219,135,101,1,-1,-1,-1
119,313,1092,182,96,86,1,-1,-1,-1
119,328,391,238,341,268,1,-1,-1,-1
120,299,1392,174,128,110,1,-1,-1,-1
120,306,1234,162,135,119,1,-1,-1,-1
120,309,1482,163,195,173,1,-1,-1,-1
120,312,897,218,138,102,1,-1,-1,-1
120,313,1091,182,96,86,1,-1,-1,-1
120,328,380,239,344,271,1,-1,-1,-1
121,299,1393,175,127,108,1,-1,-1,-1
121,306,1233,162,135,118,1,-1,-1,-1
121,309,1480,163,195,171,1,-1,-1,-1
121,312,896,219,139,101,1,-1,-1,-1
121,313,1090,182,97,87,1,-1,-1,-1
121,328,371,241,348,274,1,-1,-1,-1
121,329,606,223,204,177,1,-1,-1,-1
122,299,1393,175,125,107,1,-1,-1,-1
122,306,1232,162,135,119,1,-1,-1,-1
122,309,1476,166,193,166,1,-1,-1,-1
122,312,896,220,139,100,1,-1,-1,-1
122,313,1089,182,97,87,1,-1,-1,-1
122,328,361,242,351,276,1,-1,-1,-1
122,329,601,224,206,178,1,-1,-1,-1
123,299,1393,175,124,105,1,-1,-1,-1
123,306,1232,162,135,118,1,-1,-1,-1
123,309,1471,167,194,165,1,-1,-1,-1
123,312,897,223,138,99,1,-1,-1,-1
123,313,1088,182,97,87,1,-1,-1,-1
123,328,352,244,354,279,1,-1,-1,-1
123,329,595,224,207,180,1,-1,-1,-1
124,299,1393,175,122,104,1,-1,-1,-1
124,306,1233,162,134,118,1,-1,-1,-1
124,309,1465,167,194,164,1,-1,-1,-1
124,312,896,221,138,100,1,-1,-1,-1
124,313,1088,183,97,88,1,-1,-1,-1
124,328,342,245,358,282,1,-1,-1,-1
124,329,590,225,209,181,1,-1,-1,-1
125,299,1394,176,121,102,1,-1,-1,-1
125,306,1233,161,133,118,1,-1,-1,-1
125,309,1462,167,191,164,1,-1,-1,-1
125,312,895,219,140,101,1,-1,-1,-1
125,313,1087,183,97,88,1,-1,-1,-1
125,328,333,247,362,285,1,-1,-1,-1
125,329,584,226,211,183,1,-1,-1,-1
126,299,1394,176,119,101,1,-1,-1,-1
126,306,1234,161,133,118,1,-1,-1,-1
126,309,1463,164,187,166,1,-1,-1,-1
126,312,895,218,140,102,1,-1,-1,-1
126,313,1087,183,98,89,1,-1,-1,-1
126,328,322,249,365,288,1,-1,-1,-1
126,329,578,227,213,184,1,-1,-1,-1
127,272,1012,677,730,403,1,-1,-1,-1
127,299,1394,176,117,99,1,-1,-1,-1
127,306,1234,160,133,118,1,-1,-1,-1
127,309,1466,158,179,165,1,-1,-1,-1
127,312,896,217,139,103,1,-1,-1,-1
127,313,1086,184,98,89,1,-1,-1,-1
127,328,313,251,369,290,1,-1,-1,-1
127,329,573,227,214,186,1,-1,-1,-1
128,272,1078,651,679,429,1,-1,-1,-1
128,299,1394,176,116,98,1,-1,-1,-1
128,306,1234,160,133,119,1,-1,-1,-1
128,309,1466,158,178,164,1,-1,-1,-1
128,312,898,219,138,102,1,-1,-1,-1
128,313,1085,184,98,89,1,-1,-1,-1
128,328,303,252,372,294,1,-1,-1,-1
128,329,567,228,216,187,1,-1,-1,-1
129,272,1088,605,708,475,1,-1,-1,-1
129,299,1395,177,114,96,1,-1,-1,-1
129,306,1233,160,132,118,1,-1,-1,-1
129,309,1465,158,177,163,1,-1,-1,-1
129,312,896,220,139,102,1,-1,-1,-1
129,313,1085,184,98,90,1,-1,-1,-1
129,328,294,254,375,296,1,-1,-1,-1
129,329,561,229,218,189,1,-1,-1,-1
130,272,1130,577,663,503,1,-1,-1,-1
130,299,1395,177,113,95,1,-1,-1,-1
130,306,1233,160,132,117,1,-1,-1,-1
130,309,1465,159,176,161,1,-1,-1,-1
130,312,894,222,141,101,1,-1,-1,-1
130,313,1084,185,98,90,1,-1,-1,-1
130,328,284,255,378,299,1,-1,-1,-1
130,329,555,231,221,190,1,-1,-1,-1
131,272,1172,549,646,494,1,-1,-1,-1
131,299,1395,177,111,93,1,-1,-1,-1
131,306,1232,161,133,117,1,-1,-1,-1
131,309,1462,160,169,153,1,-1,-1,-1
131,312,892,222,143,100,1,-1,-1,-1
131,313,1083,185,98,90,1,-1,-1,-1
131,328,275,257,383,303,1,-1,-1,-1
131,329,548,232,223,192,1,-1,-1,-1
132,272,1197,538,614,477,1,-1,-1,-1
132,299,1395,177,110,93,1,-1,-1,-1
132,306,1231,160,133,117,1,-1,-1,-1
132,309,1465,160,164,153,1,-1,-1,-1
132,312,890,221,145,100,1,-1,-1,-1
132,313,1083,185,98,91,1,-1,-1,-1
132,328,262,258,387,306,1,-1,-1,-1
132,329,542,233,225,194,1,-1,-1,-1
133,272,1229,497,562,466,1,-1,-1,-1
133,299,1394,177,109,93,1,-1,-1,-1
133,306,1230,159,133,118,1,-1,-1,-1
133,309,1464,159,163,152,1,-1,-1,-1
133,312,887,221,148,101,1,-1,-1,-1
133,313,1082,185,98,91,1,-1,-1,-1
133,328,251,260,393,310,1,-1,-1,-1
133,329,536,234,228,196,1,-1,-1,-1
134,272,1249,475,537,458,1,-1,-1,-1
134,299,1394,176,109,93,1,-1,-1,-1
134,306,1230,158,134,119,1,-1,-1,-1
134,309,1463,159,163,153,1,-1,-1,-1
134,312,884,220,151,103,1,-1,-1,-1
134,313,1082,186,99,92,1,-1,-1,-1
134,328,239,262,397,314,1,-1,-1,-1
134,329,530,236,230,197,1,-1,-1,-1
135,272,1257,452,524,447,1,-1,-1,-1
135,299,1394,176,108,93,1,-1,-1,-1
135,306,1230,157,134,119,1,-1,-1,-1
135,309,1461,159,165,152,1,-1,-1,-1
135,312,880,220,154,104,1,-1,-1,-1
135,313,1081,186,99,92,1,-1,-1,-1
135,328,228,264,403,318,1,-1,-1,-1
135,329,524,237,233,199,1,-1,-1,-1
136,272,1260,438,515,427,1,-1,-1,-1
136,299,1393,176,107,93,1,-1,-1,-1
136,306,1229,158,133,118,1,-1,-1,-1
136,309,1457,160,166,150,1,-1,-1,-1
136,312,877,219,157,106,1,-1,-1,-1
136,313,1080,186,99,92,1,-1,-1,-1
136,328,215,264,407,321,1,-1,-1,-1
136,329,517,238,235,201,1,-1,-1,-1
137,272,1260,430,499,407,1,-1,-1,-1
137,299,1393,176,106,93,1,-1,-1,-1
137,306,1230,158,132,117,1,-1,-1,-1
137,309,1456,164,165,143,1,-1,-1,-1
137,312,874,219,160,107,1,-1,-1,-1
137,313,1080,187,99,93,1,-1,-1,-1
137,328,204,266,413,326,1,-1,-1,-1
137,329,511,240,237,202,1,-1,-1,-1
138,272,1263,398,484,410,1,-1,-1,-1
138,299,1393,175,105,92,1,-1,-1,-1
138,306,1231,158,131,114,1,-1,-1,-1
138,309,1453,167,166,138,1,-1,-1,-1
138,312,871,219,162,108,1,-1,-1,-1
138,313,1079,187,99,93,1,-1,-1,-1
138,328,192,268,417,329,1,-1,-1,-1
138,329,505,241,240,204,1,-1,-1,-1
139,272,1264,386,468,407,1,-1,-1,-1
139,299,1392,175,104,92,1,-1,-1,-1
139,306,1232,159,130,113,1,-1,-1,-1
139,309,1450,171,167,131,1,-1,-1,-1
139,312,868,217,163,109,1,-1,-1,-1
139,313,1078,187,100,93,1,-1,-1,-1
139,328,181,270,422,333,1,-1,-1,-1
139,329,499,242,242,206,1,-1,-1,-1
140,260,1629,160,291,332,1,-1,-1,-1
140,272,1264,365,459,410,1,-1,-1,-1
140,299,1392,175,104,92,1,-1,-1,-1
140,306,1232,159,130,113,1,-1,-1,-1
140,309,1447,171,168,131,1,-1,-1,-1
140,312,865,218,165,108,1,-1,-1,-1
140,313,1077,188,100,93,1,-1,-1,-1
140,328,170,272,428,338,1,-1,-1,-1
140,329,492,243,244,208,1,-1,-1,-1
141,260,1622,159,298,306,1,-1,-1,-1
141,272,1265,342,450,409,1,-1,-1,-1
141,299,1392,175,103,92,1,-1,-1,-1
141,306,1232,160,130,112,1,-1,-1,-1
141,309,1444,171,169,132,1,-1,-1,-1
141,312,862,217,165,109,1,-1,-1,-1
141,313,1076,188,101,94,1,-1,-1,-1
141,320,597,204,215,192,1,-1,-1,-1
141,328,156,275,433,341,1,-1,-1,-1
141,329,486,245,247,209,1,-1,-1,-1
142,260,1618,160,302,300,1,-1,-1,-1
142,272,1263,330,448,398,1,-1,-1,-1
142,306,1232,160,130,112,1,-1,-1,-1
142,309,1441,170,168,134,1,-1,-1,-1
142,312,861,219,163,109,1,-1,-1,-1
142,313,1076,189,102,94,1,-1,-1,-1
142,320,593,204,216,194,1,-1,-1,-1
142,328,143,277,439,345,1,-1,-1,-1
142,329,480,246,249,211,1,-1,-1,-1
143,260,1617,161,303,297,1,-1,-1,-1
143,272,1259,324,441,383,1,-1,-1,-1
143,306,1232,160,130,111,1,-1,-1,-1
143,309,1440,170,168,133,1,-1,-1,-1
143,312,860,218,163,112,1,-1,-1,-1
143,313,1075,189,102,94,1,-1,-1,-1
143,320,588,205,218,196,1,-1,-1,-1
143,328,130,281,444,350,1,-1,-1,-1
143,329,472,247,252,213,1,-1,-1,-1
144,260,1594,164,326,290,1,-1,-1,-1
144,272,1255,319,434,369,1,-1,-1,-1
144,306,1232,160,129,111,1,-1,-1,-1
144,309,1437,171,168,130,1,-1,-1,-1
144,312,859,219,161,112,1,-1,-1,-1
144,313,1074,190,103,94,1,-1,-1,-1
144,320,584,205,220,198,1,-1,-1,-1
144,328,116,284,451,354,1,-1,-1,-1
144,329,464,249,254,215,1,-1,-1,-1
145,260,1588,166,332,283,1,-1,-1,-1
145,272,1251,313,427,354,1,-1,-1,-1
145,306,1232,160,129,111,1,-1,-1,-1
145,309,1437,172,168,127,1,-1,-1,-1
145,312,856,220,158,112,1,-1,-1,-1
145,313,1073,190,104,95,1,-1,-1,-1
145,320,580,206,222,200,1,-1,-1,-1
145,328,104,288,457,359,1,-1,-1,-1
145,329,456,250,257,217,1,-1,-1,-1
146,260,1582,168,326,273,1,-1,-1,-1
146,272,1251,303,420,351,1,-1,-1,-1
146,306,1233,160,128,110,1,-1,-1,-1
146,309,1437,173,164,122,1,-1,-1,-1
146,312,853,220,156,110,1,-1,-1,-1
146,313,1072,190,104,95,1,-1,-1,-1
146,320,575,206,223,201,1,-1,-1,-1
146,328,91,291,462,362,1,-1,-1,-1
146,329,449,252,259,219,1,-1,-1,-1
147,260,1580,166,314,268,1,-1,-1,-1
147,272,1250,298,406,334,1,-1,-1,-1
147,306,1233,159,128,110,1,-1,-1,-1
147,309,1436,174,163,121,1,-1,-1,-1
147,312,850,221,156,109,1,-1,-1,-1
147,313,1071,191,105,95,1,-1,-1,-1
147,320,571,207,225,203,1,-1,-1,-1
147,328,78,293,469,366,1,-1,-1,-1
147,329,441,253,262,221,1,-1,-1,-1
148,260,1575,162,305,267,1,-1,-1,-1
148,272,1249,292,391,316,1,-1,-1,-1
148,306,1233,159,127,109,1,-1,-1,-1
148,309,1426,169,165,123,1,-1,-1,-1
148,312,847,220,160,111,1,-1,-1,-1
148,313,1070,191,105,95,1,-1,-1,-1
148,320,566,207,227,205,1,-1,-1,-1
148,328,64,297,474,371,1,-1,-1,-1
148,329,433,255,264,223,1,-1,-1,-1
149,260,1572,157,294,266,1,-1,-1,-1
149,272,1249,287,384,309,1,-1,-1,-1
149,306,1232,159,128,109,1,-1,-1,-1
149,309,1424,168,165,125,1,-1,-1,-1
149,312,837,218,161,118,1,-1,-1,-1
149,313,1070,192,106,95,1,-1,-1,-1
149,320,562,208,228,207,1,-1,-1,-1
149,328,51,300,480,375,1,-1,-1,-1
149,329,425,256,267,225,1,-1,-1,-1
150,260,1567,153,288,267,1,-1,-1,-1
150,272,1247,280,384,310,1,-1,-1,-1
150,306,1232,159,128,108,1,-1,-1,-1
150,309,1417,168,169,127,1,-1,-1,-1
150,312,833,218,165,120,1,-1,-1,-1
150,313,1069,192,107,96,1,-1,-1,-1
150,320,558,208,230,209,1,-1,-1,-1
150,328,39,304,486,380,1,-1,-1,-1
150,329,417,257,270,227,1,-1,-1,-1
151,260,1567,152,278,265,1,-1,-1,-1
151,272,1247,272,378,312,1,-1,-1,-1
151,306,1232,160,128,108,1,-1,-1,-1
151,309,1414,169,172,124,1,-1,-1,-1
151,312,827,216,168,122,1,-1,-1,-1
151,313,1068,193,107,96,1,-1,-1,-1
151,320,553,209,232,211,1,-1,-1,-1
151,328,30,308,485,384,1,-1,-1,-1
151,329,409,259,272,229,1,-1,-1,-1
152,260,1564,151,276,261,1,-1,-1,-1
152,272,1245,265,373,309,1,-1,-1,-1
152,306,1232,159,127,108,1,-1,-1,-1
152,309,1415,170,167,124,1,-1,-1,-1
152,312,819,216,175,123,1,-1,-1,-1
152,313,1067,193,108,96,1,-1,-1,-1
152,320,549,209,234,213,1,-1,-1,-1
152,328,21,311,485,388,1,-1,-1,-1
152,329,401,260,275,231,1,-1,-1,-1
153,260,1551,155,278,248,1,-1,-1,-1
153,272,1244,261,365,303,1,-1,-1,-1
153,306,1233,159,125,108,1,-1,-1,-1
153,309,1420,172,160,121,1,-1,-1,-1
153,312,811,216,176,123,1,-1,-1,-1
153,313,1066,193,109,97,1,-1,-1,-1
153,320,544,210,235,215,1,-1,-1,-1
153,328,12,315,484,393,1,-1,-1,-1
153,329,394,262,277,233,1,-1,-1,-1
154,260,1547,153,274,244,1,-1,-1,-1
154,272,1241,259,360,293,1,-1,-1,-1
154,306,1234,158,125,108,1,-1,-1,-1
154,309,1419,171,156,122,1,-1,-1,-1
154,312,804,216,180,122,1,-1,-1,-1
154,313,1064,193,110,97,1,-1,-1,-1
154,320,540,210,237,217,1,-1,-1,-1
154,328,3,319,484,398,1,-1,-1,-1
154,329,386,263,280,235,1,-1,-1,-1
155,260,1542,153,267,241,1,-1,-1,-1
155,272,1238,259,358,285,1,-1,-1,-1
155,306,1234,157,125,108,1,-1,-1,-1
155,309,1420,171,155,123,1,-1,-1,-1
155,312,792,219,185,120,1,-1,-1,-1
155,313,1063,193,110,98,1,-1,-1,-1
155,320,534,211,239,219,1,-1,-1,-1
155,328,0,323,484,403,1,-1,-1,-1
155,329,378,265,282,237,1,-1,-1,-1
156,260,1536,154,262,240,1,-1,-1,-1
156,272,1230,262,365,274,1,-1,-1,-1
156,306,1234,158,124,107,1,-1,-1,-1
156,309,1418,172,157,124,1,-1,-1,-1
156,312,779,223,190,119,1,-1,-1,-1
156,313,1062,194,111,98,1,-1,-1,-1
156,320,528,212,241,221,1,-1,-1,-1
156,328,0,329,446,390,1,-1,-1,-1
156,329,370,266,285,239,1,-1,-1,-1
157,260,1531,153,255,237,1,-1,-1,-1
157,272,1229,260,358,269,1,-1,-1,-1
157,306,1234,158,124,107,1,-1,-1,-1
157,309,1417,173,154,122,1,-1,-1,-1
157,312,767,226,195,117,1,-1,-1,-1
157,313,1060,194,112,99,1,-1,-1,-1
157,320,523,213,244,223,1,-1,-1,-1
157,328,0,334,439,396,1,-1,-1,-1
157,329,358,267,292,243,1,-1,-1,-1
158,260,1528,151,252,234,1,-1,-1,-1
158,272,1229,258,352,263,1,-1,-1,-1
158,306,1234,158,123,107,1,-1,-1,-1
158,309,1417,173,152,120,1,-1,-1,-1
158,312,754,227,199,117,1,-1,-1,-1
158,313,1059,194,113,99,1,-1,-1,-1
158,320,517,215,246,225,1,-1,-1,-1
158,328,0,338,431,401,1,-1,-1,-1
158,329,346,268,298,247,1,-1,-1,-1
159,260,1524,152,248,230,1,-1,-1,-1
159,272,1228,256,345,258,1,-1,-1,-1
159,306,1235,157,123,108,1,-1,-1,-1
159,309,1416,174,149,118,1,-1,-1,-1
159,312,742,228,204,116,1,-1,-1,-1
159,313,1058,194,114,100,1,-1,-1,-1
159,320,511,216,248,227,1,-1,-1,-1
159,328,0,342,423,406,1,-1,-1,-1
159,329,334,269,305,251,1,-1,-1,-1
160,260,1521,150,242,226,1,-1,-1,-1
160,272,1227,254,338,252,1,-1,-1,-1
160,306,1235,158,123,107,1,-1,-1,-1
160,309,1416,174,147,116,1,-1,-1,-1
160,312,729,229,208,116,1,-1,-1,-1
160,313,1056,194,114,100,1,-1,-1,-1
160,320,505,217,250,229,1,-1,-1,-1
160,328,0,346,414,410,1,-1,-1,-1
160,329,322,270,311,256,1,-1,-1,-1
161,260,1518,152,235,219,1,-1,-1,-1
161,272,1226,252,331,247,1,-1,-1,-1
161,306,1234,158,123,107,1,-1,-1,-1
161,309,1415,175,144,114,1,-1,-1,-1
161,312,710,225,221,115,1,-1,-1,-1
161,313,1055,194,115,101,1,-1,-1,-1
161,320,500,218,253,230,1,-1,-1,-1
161,328,0,349,408,418,1,-1,-1,-1
161,329,310,271,318,260,1,-1,-1,-1
162,260,1518,151,227,216,1,-1,-1,-1
162,272,1226,250,325,241,1,-1,-1,-1
162,306,1234,158,122,105,1,-1,-1,-1
162,309,1415,175,142,112,1,-1,-1,-1
162,312,692,229,231,111,1,-1,-1,-1
162,313,1053,194,116,101,1,-1,-1,-1
162,320,494,219,255,232,1,-1,-1,-1
162,329,298,272,324,264,1,-1,-1,-1
163,260,1519,152,219,211,1,-1,-1,-1
163,272,1225,248,318,236,1,-1,-1,-1
163,306,1234,158,122,103,1,-1,-1,-1
163,309,1414,176,139,110,1,-1,-1,-1
163,312,685,232,229,108,1,-1,-1,-1
163,313,1052,195,117,102,1,-1,-1,-1
163,320,488,220,257,234,1,-1,-1,-1
163,329,286,273,331,268,1,-1,-1,-1
164,260,1504,155,229,207,1,-1,-1,-1
164,272,1224,246,311,230,1,-1,-1,-1
164,306,1235,159,121,105,1,-1,-1,-1
164,309,1415,176,134,109,1,-1,-1,-1
164,312,665,233,236,108,1,-1,-1,-1
164,313,1051,195,117,102,1,-1,-1,-1
164,320,482,222,259,236,1,-1,-1,-1
164,329,274,273,337,272,1,-1,-1,-1
165,260,1505,152,222,209,1,-1,-1,-1
165,272,1224,241,303,230,1,-1,-1,-1
165,306,1236,159,120,105,1,-1,-1,-1
165,309,1416,175,130,108,1,-1,-1,-1
165,312,645,235,243,109,1,-1,-1,-1
165,313,1049,195,118,103,1,-1,-1,-1
165,320,477,223,262,238,1,-1,-1,-1
165,329,262,274,344,276,1,-1,-1,-1
166,260,1503,147,220,212,1,-1,-1,-1
166,272,1227,237,292,228,1,-1,-1,-1
166,306,1236,159,119,106,1,-1,-1,-1
166,309,1417,175,125,107,1,-1,-1,-1
166,312,625,236,250,109,1,-1,-1,-1
166,313,1048,195,119,103,1,-1,-1,-1
166,320,471,224,264,240,1,-1,-1,-1
166,329,250,275,350,280,1,-1,-1,-1
167,260,1499,146,220,212,1,-1,-1,-1
167,272,1228,233,284,226,1,-1,-1,-1
167,306,1239,155,116,101,1,-1,-1,-1
167,309,1418,174,120,106,1,-1,-1,-1
167,313,1047,195,120,104,1,-1,-1,-1
167,320,465,225,266,242,1,-1,-1,-1
167,329,238,276,357,285,1,-1,-1,-1
168,260,1494,146,219,211,1,-1,-1,-1
168,272,1230,230,276,220,1,-1,-1,-1
168,306,1239,155,114,100,1,-1,-1,-1
168,313,1046,195,120,105,1,-1,-1,-1
168,320,457,226,269,245,1,-1,-1,-1
168,329,226,277,363,289,1,-1,-1,-1
169,260,1489,149,221,201,1,-1,-1,-1
169,272,1230,227,274,216,1,-1,-1,-1
169,306,1239,155,114,100,1,-1,-1,-1
169,313,1045,194,121,105,1,-1,-1,-1
169,320,448,227,272,247,1,-1,-1,-1
169,329,214,278,370,293,1,-1,-1,-1
170,260,1484,149,223,200,1,-1,-1,-1
170,272,1232,227,270,212,1,-1,-1,-1
170,306,1239,155,116,100,1,-1,-1,-1
170,313,1045,194,121,106,1,-1,-1,-1
170,320,440,228,275,250,1,-1,-1,-1
170,329,202,279,376,297,1,-1,-1,-1
171,260,1480,150,226,199,1,-1,-1,-1
171,272,1233,226,266,210,1,-1,-1,-1
171,306,1239,155,116,100,1,-1,-1,-1
171,313,1044,194,122,107,1,-1,-1,-1
171,320,432,228,278,252,1,-1,-1,-1
171,329,191,281,381,299,1,-1,-1,-1
172,260,1479,154,208,188,1,-1,-1,-1
172,272,1236,223,261,210,1,-1,-1,-1
172,306,1239,155,115,100,1,-1,-1,-1
172,313,1043,194,122,108,1,-1,-1,-1
172,320,423,229,281,255,1,-1,-1,-1
172,329,179,284,386,301,1,-1,-1,-1
173,260,1477,153,207,191,1,-1,-1,-1
173,272,1238,224,257,204,1,-1,-1,-1
173,306,1239,154,115,100,1,-1,-1,-1
173,313,1042,193,123,108,1,-1,-1,-1
173,320,415,230,284,257,1,-1,-1,-1
173,329,169,286,388,303,1,-1,-1,-1
174,260,1473,153,209,191,1,-1,-1,-1
174,272,1241,224,252,199,1,-1,-1,-1
174,306,1239,154,114,100,1,-1,-1,-1
174,313,1041,193,123,109,1,-1,-1,-1
174,320,407,231,287,260,1,-1,-1,-1
174,329,160,289,391,305,1,-1,-1,-1
175,260,1469,152,209,193,1,-1,-1,-1
175,272,1244,220,253,190,1,-1,-1,-1
175,306,1239,155,116,100,1,-1,-1,-1
175,313,1040,193,124,110,1,-1,-1,-1
175,320,398,232,291,262,1,-1,-1,-1
175,329,151,292,393,307,1,-1,-1,-1
176,260,1466,151,205,193,1,-1,-1,-1
176,272,1246,215,253,180,1,-1,-1,-1
176,306,1239,155,118,99,1,-1,-1,-1
176,313,1039,193,124,111,1,-1,-1,-1
176,320,390,233,294,265,1,-1,-1,-1
176,329,141,295,395,308,1,-1,-1,-1
177,260,1465,146,199,186,1,-1,-1,-1
177,272,1244,211,254,187,1,-1,-1,-1
177,306,1239,155,118,99,1,-1,-1,-1
177,313,1038,192,125,111,1,-1,-1,-1
177,320,382,234,297,267,1,-1,-1,-1
177,329,132,298,397,310,1,-1,-1,-1
178,260,1462,147,200,183,1,-1,-1,-1
178,272,1247,208,252,187,1,-1,-1,-1
178,306,1239,154,118,99,1,-1,-1,-1
178,313,1038,192,125,112,1,-1,-1,-1
178,320,373,235,300,270,1,-1,-1,-1
178,329,123,300,399,312,1,-1,-1,-1
179,260,1460,148,201,180,1,-1,-1,-1
179,272,1252,207,241,187,1,-1,-1,-1
179,306,1238,154,118,99,1,-1,-1,-1
179,313,1037,192,126,113,1,-1,-1,-1
179,320,365,235,303,272,1,-1,-1,-1
179,329,113,303,402,314,1,-1,-1,-1
180,260,1457,150,202,178,1,-1,-1,-1
180,272,1259,206,231,184,1,-1,-1,-1
180,306,1238,154,118,99,1,-1,-1,-1
180,313,1036,192,126,114,1,-1,-1,-1
180,320,357,236,306,275,1,-1,-1,-1
180,329,104,306,404,316,1,-1,-1,-1
181,260,1455,151,203,175,1,-1,-1,-1
181,272,1264,205,222,180,1,-1,-1,-1
181,306,1238,154,118,99,1,-1,-1,-1
181,313,1035,191,127,114,1,-1,-1,-1
181,320,348,237,309,277,1,-1,-1,-1
181,329,95,309,406,318,1,-1,-1,-1
182,260,1452,152,204,172,1,-1,-1,-1
182,272,1267,202,218,179,1,-1,-1,-1
182,306,1238,153,118,99,1,-1,-1,-1
182,313,1034,191,127,115,1,-1,-1,-1
182,320,340,238,312,280,1,-1,-1,-1
182,329,85,311,408,320,1,-1,-1,-1
183,260,1453,156,186,164,1,-1,-1,-1
183,272,1270,200,215,177,1,-1,-1,-1
183,306,1238,153,118,99,1,-1,-1,-1
183,313,1032,191,129,116,1,-1,-1,-1
183,320,331,240,315,282,1,-1,-1,-1
183,329,73,311,411,322,1,-1,-1,-1
184,260,1455,157,180,156,1,-1,-1,-1
184,272,1274,199,213,176,1,-1,-1,-1
184,306,1238,153,118,99,1,-1,-1,-1
184,313,1030,191,130,117,1,-1,-1,-1
184,320,322,241,318,284,1,-1,-1,-1
184,329,61,312,415,326,1,-1,-1,-1
185,260,1453,157,178,155,1,-1,-1,-1
185,272,1278,199,211,174,1,-1,-1,-1
185,306,1237,152,119,99,1,-1,-1,-1
185,313,1029,191,132,119,1,-1,-1,-1
185,320,312,243,320,286,1,-1,-1,-1
185,329,49,313,418,329,1,-1,-1,-1
186,260,1452,157,176,154,1,-1,-1,-1
186,272,1282,201,210,168,1,-1,-1,-1
186,306,1237,152,119,99,1,-1,-1,-1
186,313,1027,191,133,120,1,-1,-1,-1
186,320,303,245,323,288,1,-1,-1,-1
186,329,37,314,421,332,1,-1,-1,-1
187,260,1450,158,174,153,1,-1,-1,-1
187,272,1284,198,209,166,1,-1,-1,-1
187,306,1237,152,119,99,1,-1,-1,-1
187,313,1025,190,135,121,1,-1,-1,-1
187,320,294,246,326,289,1,-1,-1,-1
187,329,26,315,425,336,1,-1,-1,-1
188,260,1449,158,172,152,1,-1,-1,-1
188,272,1285,196,207,164,1,-1,-1,-1
188,306,1237,151,119,99,1,-1,-1,-1
188,313,1023,190,136,122,1,-1,-1,-1
188,320,285,248,329,291,1,-1,-1,-1
188,329,18,319,427,339,1,-1,-1,-1
189,260,1447,158,170,151,1,-1,-1,-1
189,272,1287,193,206,162,1,-1,-1,-1
189,306,1237,151,119,99,1,-1,-1,-1
189,313,1022,190,138,123,1,-1,-1,-1
189,320,276,250,332,293,1,-1,-1,-1
189,329,9,322,430,342,1,-1,-1,-1
190,260,1446,158,167,149,1,-1,-1,-1
190,272,1291,193,205,161,1,-1,-1,-1
190,306,1237,151,119,99,1,-1,-1,-1
190,313,1020,190,139,124,1,-1,-1,-1
190,320,267,251,335,295,1,-1,-1,-1
190,329,1,327,433,347,1,-1,-1,-1
191,260,1444,158,165,148,1,-1,-1,-1
191,272,1296,191,200,161,1,-1,-1,-1
191,306,1236,151,119,99,1,-1,-1,-1
191,313,1018,190,141,126,1,-1,-1,-1
191,320,257,253,337,297,1,-1,-1,-1
191,329,0,331,436,350,1,-1,-1,-1
192,260,1443,158,163,147,1,-1,-1,-1
192,272,1302,192,195,157,1,-1,-1,-1
192,273,828,352,956,728,1,-1,-1,-1
192,306,1236,150,119,99,1,-1,-1,-1
192,313,1016,190,142,127,1,-1,-1,-1
192,320,248,254,340,299,1,-1,-1,-1
192,329,0,343,406,337,1,-1,-1,-1
193,260,1441,159,161,146,1,-1,-1,-1
193,272,1309,193,190,153,1,-1,-1,-1
193,273,909,334,890,746,1,-1,-1,-1
193,306,1236,150,119,99,1,-1,-1,-1
193,313,1015,190,144,128,1,-1,-1,-1
193,320,239,256,343,301,1,-1,-1,-1
193,329,0,346,399,344,1,-1,-1,-1
194,260,1440,159,159,145,1,-1,-1,-1
194,272,1315,193,184,150,1,-1,-1,-1
194,273,989,315,823,765,1,-1,-1,-1
194,306,1236,149,118,100,1,-1,-1,-1
194,313,1013,190,145,129,1,-1,-1,-1
194,320,230,258,346,303,1,-1,-1,-1
194,329,0,350,393,347,1,-1,-1,-1
195,260,1438,159,157,144,1,-1,-1,-1
195,272,1322,194,179,146,1,-1,-1,-1
195,273,1040,293,774,787,1,-1,-1,-1
195,306,1237,151,118,98,1,-1,-1,-1
195,313,1011,189,147,130,1,-1,-1,-1
195,320,221,259,349,304,1,-1,-1,-1
195,329,0,353,386,350,1,-1,-1,-1
196,260,1437,160,156,141,1,-1,-1,-1
196,272,1328,195,174,142,1,-1,-1,-1
196,273,1096,278,722,802,1,-1,-1,-1
196,306,1239,150,114,96,1,-1,-1,-1
196,313,1009,189,148,131,1,-1,-1,-1
196,320,212,261,352,306,1,-1,-1,-1
196,329,0,356,379,352,1,-1,-1,-1
197,260,1435,160,154,137,1,-1,-1,-1
197,273,1127,256,680,810,1,-1,-1,-1
197,306,1241,150,111,91,1,-1,-1,-1
197,313,1008,189,150,133,1,-1,-1,-1
197,320,202,263,354,308,1,-1,-1,-1
197,329,0,359,372,354,1,-1,-1,-1
198,273,1142,236,662,799,1,-1,-1,-1
198,306,1242,150,108,89,1,-1,-1,-1
198,313,1006,189,151,134,1,-1,-1,-1
198,320,193,264,357,310,1,-1,-1,-1
198,329,0,357,370,368,1,-1,-1,-1
199,273,1157,216,644,788,1,-1,-1,-1
199,306,1242,151,108,88,1,-1,-1,-1
199,313,1004,189,153,135,1,-1,-1,-1
199,320,184,266,360,312,1,-1,-1,-1
200,273,1171,196,626,777,1,-1,-1,-1
200,306,1242,150,108,86,1,-1,-1,-1
200,313,1002,189,155,136,1,-1,-1,-1
200,320,173,266,367,317,1,-1,-1,-1
201,273,1186,176,608,766,1,-1,-1,-1
201,313,1000,188,157,138,1,-1,-1,-1
201,320,163,266,375,321,1,-1,-1,-1
202,273,1198,178,586,729,1,-1,-1,-1
202,313,998,188,159,139,1,-1,-1,-1
202,320,152,265,382,326,1,-1,-1,-1
203,273,1211,179,564,692,1,-1,-1,-1
203,313,997,188,160,141,1,-1,-1,-1
203,320,141,265,390,331,1,-1,-1,-1
204,273,1219,168,550,677,1,-1,-1,-1
204,313,995,188,162,142,1,-1,-1,-1
204,320,131,265,397,335,1,-1,-1,-1
205,273,1225,159,539,666,1,-1,-1,-1
205,313,993,187,164,144,1,-1,-1,-1
205,320,120,265,405,340,1,-1,-1,-1
206,273,1236,128,515,645,1,-1,-1,-1
206,313,991,187,166,145,1,-1,-1,-1
206,320,110,265,412,344,1,-1,-1,-1
207,273,1235,129,514,633,1,-1,-1,-1
207,313,989,187,168,146,1,-1,-1,-1
207,320,99,265,420,349,1,-1,-1,-1
208,273,1238,125,500,612,1,-1,-1,-1
208,313,987,186,170,148,1,-1,-1,-1
208,320,88,264,427,354,1,-1,-1,-1
209,273,1240,121,487,590,1,-1,-1,-1
209,313,985,186,172,149,1,-1,-1,-1
209,320,78,264,435,358,1,-1,-1,-1
210,273,1243,117,473,569,1,-1,-1,-1
210,313,984,186,173,151,1,-1,-1,-1
210,320,67,264,442,363,1,-1,-1,-1
211,273,1240,114,469,555,1,-1,-1,-1
211,313,982,186,175,152,1,-1,-1,-1
211,317,927,213,110,98,1,-1,-1,-1
211,320,62,266,442,364,1,-1,-1,-1
212,273,1237,111,465,542,1,-1,-1,-1
212,313,980,185,177,154,1,-1,-1,-1
212,320,57,268,442,365,1,-1,-1,-1
213,273,1234,108,461,528,1,-1,-1,-1
213,313,978,185,179,155,1,-1,-1,-1
213,317,922,213,112,100,1,-1,-1,-1
213,320,51,271,443,367,1,-1,-1,-1
214,273,1236,103,453,514,1,-1,-1,-1
214,313,975,185,180,157,1,-1,-1,-1
214,317,919,213,112,100,1,-1,-1,-1
214,320,46,273,443,369,1,-1,-1,-1
215,273,1238,96,446,509,1,-1,-1,-1
215,313,971,185,182,160,1,-1,-1,-1
215,320,41,276,444,371,1,-1,-1,-1
216,273,1238,90,438,501,1,-1,-1,-1
216,313,968,186,183,162,1,-1,-1,-1
216,320,34,276,446,373,1,-1,-1,-1
217,273,1238,89,425,509,1,-1,-1,-1
217,313,965,186,185,164,1,-1,-1,-1
217,320,28,277,447,375,1,-1,-1,-1
218,273,1238,91,419,494,1,-1,-1,-1
218,313,961,186,186,166,1,-1,-1,-1
218,320,21,278,448,377,1,-1,-1,-1
219,273,1235,91,417,487,1,-1,-1,-1
219,313,958,186,188,169,1,-1,-1,-1
219,320,15,278,449,381,1,-1,-1,-1
220,273,1235,90,413,476,1,-1,-1,-1
220,313,955,186,189,171,1,-1,-1,-1
220,320,8,279,450,383,1,-1,-1,-1
221,273,1236,89,408,465,1,-1,-1,-1
221,313,952,187,191,173,1,-1,-1,-1
221,320,1,280,451,385,1,-1,-1,-1
222,273,1236,88,404,453,1,-1,-1,-1
222,313,948,187,192,175,1,-1,-1,-1
222,320,0,280,452,387,1,-1,-1,-1
223,273,1236,87,399,442,1,-1,-1,-1
223,313,945,187,193,178,1,-1,-1,-1
223,320,0,280,443,391,1,-1,-1,-1
224,273,1235,88,397,439,1,-1,-1,-1
224,313,942,187,195,180,1,-1,-1,-1
224,320,0,291,421,377,1,-1,-1,-1
225,273,1236,88,391,433,1,-1,-1,-1
225,313,938,187,196,182,1,-1,-1,-1
225,320,0,292,415,381,1,-1,-1,-1
226,273,1237,91,382,425,1,-1,-1,-1
226,313,935,187,198,184,1,-1,-1,-1
226,320,0,294,410,384,1,-1,-1,-1
227,273,1238,94,375,414,1,-1,-1,-1
227,313,932,188,199,187,1,-1,-1,-1
227,320,0,295,404,388,1,-1,-1,-1
227,321,1139,133,73,69,1,-1,-1,-1
228,273,1239,97,369,404,1,-1,-1,-1
228,313,928,188,201,189,1,-1,-1,-1
228,320,0,296,398,391,1,-1,-1,-1
228,321,1139,134,73,69,1,-1,-1,-1
229,273,1241,96,363,397,1,-1,-1,-1
229,313,925,188,202,191,1,-1,-1,-1
229,320,0,298,394,393,1,-1,-1,-1
229,321,1139,135,74,68,1,-1,-1,-1
230,273,1241,95,355,394,1,-1,-1,-1
230,313,919,189,206,194,1,-1,-1,-1
230,320,0,300,390,395,1,-1,-1,-1
230,321,1139,136,74,68,1,-1,-1,-1
231,273,1241,92,350,392,1,-1,-1,-1
231,313,914,190,210,196,1,-1,-1,-1
231,320,0,303,385,396,1,-1,-1,-1
231,321,1139,137,74,68,1,-1,-1,-1
232,273,1243,89,345,389,1,-1,-1,-1
232,313,908,191,214,199,1,-1,-1,-1
232,320,0,305,381,398,1,-1,-1,-1
232,321,1139,138,75,68,1,-1,-1,-1
233,273,1248,86,333,387,1,-1,-1,-1
233,313,902,192,219,202,1,-1,-1,-1
233,320,0,307,377,400,1,-1,-1,-1
233,321,1138,138,75,67,1,-1,-1,-1
234,273,1251,84,322,384,1,-1,-1,-1
234,313,896,193,223,204,1,-1,-1,-1
234,321,1138,139,75,67,1,-1,-1,-1
235,273,1260,82,304,384,1,-1,-1,-1
235,313,891,194,227,207,1,-1,-1,-1
235,321,1138,140,75,67,1,-1,-1,-1
236,273,1263,80,297,381,1,-1,-1,-1
236,313,885,195,231,209,1,-1,-1,-1
236,321,1138,141,76,66,1,-1,-1,-1
237,273,1264,78,292,377,1,-1,-1,-1
237,313,879,196,235,212,1,-1,-1,-1
237,321,1138,142,76,66,1,-1,-1,-1
238,273,1265,75,288,375,1,-1,-1,-1
238,313,874,197,239,216,1,-1,-1,-1
238,321,1138,143,76,66,1,-1,-1,-1
239,273,1266,75,284,371,1,-1,-1,-1
239,313,868,199,242,219,1,-1,-1,-1
239,321,1139,143,76,67,1,-1,-1,-1
240,273,1269,75,276,364,1,-1,-1,-1
240,313,863,200,246,223,1,-1,-1,-1
240,321,1139,144,76,67,1,-1,-1,-1
241,273,1265,87,264,339,1,-1,-1,-1
241,313,857,202,249,227,1,-1,-1,-1
241,321,1139,144,75,67,1,-1,-1,-1
242,273,1267,86,259,334,1,-1,-1,-1
242,313,852,203,253,231,1,-1,-1,-1
242,321,1139,145,75,67,1,-1,-1,-1
243,273,1264,85,261,331,1,-1,-1,-1
243,313,846,205,256,234,1,-1,-1,-1
243,321,1140,145,75,68,1,-1,-1,-1
244,273,1261,84,263,328,1,-1,-1,-1
244,313,841,206,260,238,1,-1,-1,-1
244,321,1140,146,75,68,1,-1,-1,-1
245,273,1259,82,264,324,1,-1,-1,-1
245,313,835,208,263,240,1,-1,-1,-1
245,321,1140,146,75,68,1,-1,-1,-1
246,273,1256,81,266,321,1,-1,-1,-1
246,313,830,211,266,243,1,-1,-1,-1
246,321,1140,147,75,68,1,-1,-1,-1
247,273,1253,80,268,318,1,-1,-1,-1
247,313,824,213,269,245,1,-1,-1,-1
247,321,1141,147,74,69,1,-1,-1,-1
248,273,1250,81,271,317,1,-1,-1,-1
248,313,818,216,272,248,1,-1,-1,-1
248,321,1141,148,74,69,1,-1,-1,-1
249,273,1249,81,267,316,1,-1,-1,-1
249,313,812,218,275,250,1,-1,-1,-1
249,321,1141,148,74,69,1,-1,-1,-1
250,273,1250,82,263,312,1,-1,-1,-1
250,313,807,221,278,253,1,-1,-1,-1
250,321,1141,148,74,69,1,-1,-1,-1
251,273,1249,82,259,309,1,-1,-1,-1
251,313,801,223,281,255,1,-1,-1,-1
251,321,1140,149,75,70,1,-1,-1,-1
252,273,1258,87,237,297,1,-1,-1,-1
252,313,793,224,286,261,1,-1,-1,-1
252,321,1140,149,75,70,1,-1,-1,-1
253,273,1256,88,233,294,1,-1,-1,-1
253,313,785,225,291,266,1,-1,-1,-1
253,321,1139,149,76,70,1,-1,-1,-1
254,273,1256,90,230,288,1,-1,-1,-1
254,313,777,226,296,272,1,-1,-1,-1
254,321,1139,149,76,70,1,-1,-1,-1
255,273,1256,91,229,284,1,-1,-1,-1
255,313,769,226,302,277,1,-1,-1,-1
255,321,1138,150,77,71,1,-1,-1,-1
256,273,1254,91,228,281,1,-1,-1,-1
256,313,761,227,307,283,1,-1,-1,-1
256,321,1138,150,77,71,1,-1,-1,-1
257,273,1252,89,228,281,1,-1,-1,-1
257,313,753,228,312,288,1,-1,-1,-1
257,321,1137,150,78,71,1,-1,-1,-1
258,273,1250,86,228,279,1,-1,-1,-1
258,313,745,229,317,294,1,-1,-1,-1
258,316,999,208,164,137,1,-1,-1,-1
258,321,1137,150,78,71,1,-1,-1,-1
259,273,1248,83,227,278,1,-1,-1,-1
259,313,737,232,323,299,1,-1,-1,-1
259,316,999,208,170,140,1,-1,-1,-1
259,321,1136,151,79,72,1,-1,-1,-1
260,273,1248,87,222,274,1,-1,-1,-1
260,313,728,235,329,303,1,-1,-1,-1
260,316,999,208,176,143,1,-1,-1,-1
260,321,1136,151,79,72,1,-1,-1,-1
261,273,1247,89,219,268,1,-1,-1,-1
261,313,720,238,335,308,1,-1,-1,-1
261,316,999,208,182,146,1,-1,-1,-1
261,321,1136,151,79,72,1,-1,-1,-1
262,273,1246,91,215,263,1,-1,-1,-1
262,313,711,242,341,312,1,-1,-1,-1
262,316,1000,208,187,148,1,-1,-1,-1
262,321,1136,152,79,73,1,-1,-1,-1
263,273,1247,89,210,263,1,-1,-1,-1
263,313,703,245,347,317,1,-1,-1,-1
263,316,1000,208,193,151,1,-1,-1,-1
263,321,1136,152,80,73,1,-1,-1,-1
264,273,1248,88,208,262,1,-1,-1,-1
264,313,694,248,353,321,1,-1,-1,-1
264,316,1000,208,199,154,1,-1,-1,-1
264,321,1135,153,80,73,1,-1,-1,-1
265,273,1250,86,205,263,1,-1,-1,-1
265,313,686,251,359,326,1,-1,-1,-1
265,316,1000,208,205,157,1,-1,-1,-1
265,321,1135,153,80,74,1,-1,-1,-1
266,273,1248,87,206,261,1,-1,-1,-1
266,313,677,255,366,334,1,-1,-1,-1
266,316,1006,207,215,157,1,-1,-1,-1
266,321,1135,153,80,74,1,-1,-1,-1
267,273,1245,88,205,260,1,-1,-1,-1
267,313,667,259,373,341,1,-1,-1,-1
267,316,1013,205,226,158,1,-1,-1,-1
267,321,1135,154,81,74,1,-1,-1,-1
268,273,1242,90,206,257,1,-1,-1,-1
268,313,658,263,380,349,1,-1,-1,-1
268,316,1019,204,236,158,1,-1,-1,-1
268,321,1135,154,81,74,1,-1,-1,-1
269,273,1242,93,204,253,1,-1,-1,-1
269,313,648,268,387,357,1,-1,-1,-1
269,316,1035,204,248,162,1,-1,-1,-1
269,321,1135,154,81,75,1,-1,-1,-1
270,273,1240,94,205,251,1,-1,-1,-1
270,313,639,272,394,365,1,-1,-1,-1
270,316,1051,204,261,167,1,-1,-1,-1
270,321,1134,155,81,75,1,-1,-1,-1
271,273,1240,96,204,247,1,-1,-1,-1
271,313,629,276,401,372,1,-1,-1,-1
271,316,1067,204,273,171,1,-1,-1,-1
271,321,1134,155,82,75,1,-1,-1,-1
272,273,1240,98,203,243,1,-1,-1,-1
272,313,620,280,408,380,1,-1,-1,-1
272,316,1078,204,286,171,1,-1,-1,-1
272,321,1134,156,82,76,1,-1,-1,-1
273,273,1240,100,202,239,1,-1,-1,-1
273,313,608,288,417,391,1,-1,-1,-1
273,316,1089,204,299,172,1,-1,-1,-1
273,318,1019,202,136,115,1,-1,-1,-1
273,321,1134,156,82,76,1,-1,-1,-1
274,313,597,295,427,402,1,-1,-1,-1
274,316,1112,206,310,170,1,-1,-1,-1
274,318,1015,201,140,118,1,-1,-1,-1
274,321,1134,156,82,77,1,-1,-1,-1
275,313,585,303,436,412,1,-1,-1,-1
275,316,1135,208,320,167,1,-1,-1,-1
275,318,1012,205,145,113,1,-1,-1,-1
275,321,1134,157,83,77,1,-1,-1,-1
276,313,574,311,446,423,1,-1,-1,-1
276,316,1163,207,328,167,1,-1,-1,-1
276,318,1010,207,149,113,1,-1,-1,-1
276,321,1134,157,83,78,1,-1,-1,-1
277,313,562,318,455,434,1,-1,-1,-1
277,316,1191,206,336,166,1,-1,-1,-1
277,318,1006,207,153,113,1,-1,-1,-1
277,321,1134,157,83,79,1,-1,-1,-1
278,313,550,326,464,445,1,-1,-1,-1
278,316,1206,201,345,169,1,-1,-1,-1
278,318,1002,207,157,116,1,-1,-1,-1
278,321,1134,158,84,80,1,-1,-1,-1
279,313,539,333,474,455,1,-1,-1,-1
279,316,1241,201,363,173,1,-1,-1,-1
279,318,999,206,158,118,1,-1,-1,-1
279,321,1133,158,84,80,1,-1,-1,-1
280,313,527,341,483,466,1,-1,-1,-1
280,316,1261,203,363,173,1,-1,-1,-1
280,317,590,245,225,188,1,-1,-1,-1
280,318,995,208,162,118,1,-1,-1,-1
280,321,1133,158,84,81,1,-1,-1,-1
281,273,1240,116,193,207,1,-1,-1,-1
281,313,510,354,495,475,1,-1,-1,-1
281,316,1284,204,380,169,1,-1,-1,-1
281,317,579,247,231,191,1,-1,-1,-1
281,318,992,209,164,120,1,-1,-1,-1
281,321,1133,158,84,82,1,-1,-1,-1
282,273,1240,118,192,203,1,-1,-1,-1
282,313,493,367,507,485,1,-1,-1,-1
282,316,1306,206,396,166,1,-1,-1,-1
282,317,567,248,237,195,1,-1,-1,-1
282,318,986,205,164,130,1,-1,-1,-1
282,321,1133,159,85,82,1,-1,-1,-1
283,273,1240,120,191,199,1,-1,-1,-1
283,313,476,380,519,494,1,-1,-1,-1
283,316,1335,203,380,166,1,-1,-1,-1
283,317,555,249,242,198,1,-1,-1,-1
283,318,985,207,165,131,1,-1,-1,-1
283,321,1133,159,85,83,1,-1,-1,-1
284,273,1240,122,190,195,1,-1,-1,-1
284,313,460,393,531,503,1,-1,-1,-1
284,315,733,287,298,242,1,-1,-1,-1
284,316,1362,203,410,169,1,-1,-1,-1
284,317,544,251,248,202,1,-1,-1,-1
284,318,982,208,166,131,1,-1,-1,-1
284,321,1132,159,85,83,1,-1,-1,-1
285,273,1239,122,188,195,1,-1,-1,-1
285,313,443,405,542,512,1,-1,-1,-1
285,315,725,290,304,245,1,-1,-1,-1
285,316,1381,202,408,173,1,-1,-1,-1
285,317,532,252,254,205,1,-1,-1,-1
285,318,979,208,167,131,1,-1,-1,-1
285,321,1132,159,86,83,1,-1,-1,-1
286,273,1240,123,185,194,1,-1,-1,-1
286,313,426,418,554,522,1,-1,-1,-1
286,315,717,292,309,249,1,-1,-1,-1
286,316,1406,201,396,174,1,-1,-1,-1
286,317,526,254,257,211,1,-1,-1,-1
286,318,977,208,168,132,1,-1,-1,-1
286,321,1131,160,86,84,1,-1,-1,-1
287,273,1241,123,182,194,1,-1,-1,-1
287,313,409,431,566,531,1,-1,-1,-1
287,315,709,295,314,252,1,-1,-1,-1
287,316,1426,202,407,173,1,-1,-1,-1
287,317,519,256,259,216,1,-1,-1,-1
287,318,975,207,168,133,1,-1,-1,-1
287,321,1131,160,87,84,1,-1,-1,-1
288,273,1241,123,179,192,1,-1,-1,-1
288,313,392,444,578,540,1,-1,-1,-1
288,315,697,298,324,259,1,-1,-1,-1
288,316,1444,203,419,172,1,-1,-1,-1
288,317,509,258,259,223,1,-1,-1,-1
288,318,971,207,171,134,1,-1,-1,-1
288,321,1130,160,87,84,1,-1,-1,-1
289,273,1241,123,176,191,1,-1,-1,-1
289,313,364,457,595,555,1,-1,-1,-1
289,315,686,301,334,265,1,-1,-1,-1
289,316,1463,201,408,173,1,-1,-1,-1
289,317,499,260,263,226,1,-1,-1,-1
289,318,969,205,172,139,1,-1,-1,-1
289,321,1129,160,87,84,1,-1,-1,-1
290,273,1241,123,173,189,1,-1,-1,-1
290,313,336,470,611,569,1,-1,-1,-1
290,315,674,304,344,272,1,-1,-1,-1
290,316,1474,202,418,174,1,-1,-1,-1
290,317,489,262,267,229,1,-1,-1,-1
290,318,965,204,175,143,1,-1,-1,-1
290,321,1129,160,88,84,1,-1,-1,-1
291,273,1241,123,170,187,1,-1,-1,-1
291,313,308,483,628,584,1,-1,-1,-1
291,315,663,307,354,278,1,-1,-1,-1
291,316,1486,202,427,175,1,-1,-1,-1
291,317,479,264,270,231,1,-1,-1,-1
291,318,962,202,175,144,1,-1,-1,-1
291,321,1128,161,88,85,1,-1,-1,-1
292,273,1241,123,167,185,1,-1,-1,-1
292,313,275,490,649,590,1,-1,-1,-1
292,315,651,310,365,285,1,-1,-1,-1
292,316,1521,208,399,166,1,-1,-1,-1
292,317,469,266,274,234,1,-1,-1,-1
292,318,960,205,174,142,1,-1,-1,-1
292,321,1128,161,89,85,1,-1,-1,-1
293,273,1242,123,163,184,1,-1,-1,-1
293,313,235,509,675,571,1,-1,-1,-1
293,315,639,313,375,292,1,-1,-1,-1
293,316,1536,206,384,166,1,-1,-1,-1
293,317,458,268,278,237,1,-1,-1,-1
293,318,959,205,172,142,1,-1,-1,-1
293,321,1127,161,89,85,1,-1,-1,-1
294,273,1242,123,160,182,1,-1,-1,-1
294,313,188,523,703,557,1,-1,-1,-1
294,315,628,316,385,298,1,-1,-1,-1
294,316,1546,204,374,170,1,-1,-1,-1
294,317,448,270,282,240,1,-1,-1,-1
294,318,957,203,171,144,1,-1,-1,-1
294,321,1126,161,90,85,1,-1,-1,-1
294,322,1085,170,81,72,1,-1,-1,-1
295,273,1242,123,157,180,1,-1,-1,-1
295,313,144,539,729,541,1,-1,-1,-1
295,315,616,319,395,305,1,-1,-1,-1
295,316,1559,204,361,172,1,-1,-1,-1
295,317,438,272,285,242,1,-1,-1,-1
295,318,953,202,173,147,1,-1,-1,-1
295,321,1126,162,90,86,1,-1,-1,-1
295,322,1082,171,81,73,1,-1,-1,-1
296,273,1242,123,154,178,1,-1,-1,-1
296,315,605,322,405,311,1,-1,-1,-1
296,316,1567,204,353,173,1,-1,-1,-1
296,317,428,274,289,245,1,-1,-1,-1
296,318,949,202,178,149,1,-1,-1,-1
296,321,1125,162,91,86,1,-1,-1,-1
296,322,1079,172,82,73,1,-1,-1,-1
297,273,1242,123,151,177,1,-1,-1,-1
297,315,593,325,415,318,1,-1,-1,-1
297,316,1581,207,339,169,1,-1,-1,-1
297,317,410,276,298,251,1,-1,-1,-1
297,318,945,204,182,149,1,-1,-1,-1
297,321,1125,163,91,86,1,-1,-1,-1
297,322,1075,172,83,73,1,-1,-1,-1
298,273,1242,123,148,175,1,-1,-1,-1
298,315,588,334,413,319,1,-1,-1,-1
298,316,1594,205,326,171,1,-1,-1,-1
298,317,392,278,306,258,1,-1,-1,-1
298,318,941,205,186,149,1,-1,-1,-1
298,321,1124,163,92,87,1,-1,-1,-1
298,322,1072,173,84,73,1,-1,-1,-1
299,273,1242,124,146,174,1,-1,-1,-1
299,315,579,343,415,321,1,-1,-1,-1
299,317,373,280,315,264,1,-1,-1,-1
299,318,938,207,190,150,1,-1,-1,-1
299,321,1123,163,92,87,1,-1,-1,-1
299,322,1069,174,85,73,1,-1,-1,-1
300,273,1243,125,143,172,1,-1,-1,-1
300,315,570,352,419,326,1,-1,-1,-1
300,317,355,283,324,270,1,-1,-1,-1
300,318,934,208,194,150,1,-1,-1,-1
300,321,1123,164,93,87,1,-1,-1,-1
300,322,1065,175,86,73,1,-1,-1,-1
301,273,1243,126,141,171,1,-1,-1,-1
301,315,562,357,424,334,1,-1,-1,-1
301,317,337,285,332,276,1,-1,-1,-1
301,318,930,210,198,150,1,-1,-1,-1
301,321,1122,164,93,87,1,-1,-1,-1
301,322,1062,176,87,73,1,-1,-1,-1
302,273,1243,127,139,170,1,-1,-1,-1
302,315,552,364,428,344,1,-1,-1,-1
302,317,319,287,341,283,1,-1,-1,-1
302,318,926,211,202,150,1,-1,-1,-1
302,321,1122,165,94,88,1,-1,-1,-1
302,322,1059,176,87,74,1,-1,-1,-1
303,273,1244,128,136,168,1,-1,-1,-1
303,315,541,371,431,354,1,-1,-1,-1
303,317,300,289,349,289,1,-1,-1,-1
303,318,923,211,206,151,1,-1,-1,-1
303,321,1121,165,94,88,1,-1,-1,-1
303,322,1056,177,88,74,1,-1,-1,-1
304,273,1244,129,134,167,1,-1,-1,-1
304,315,531,378,435,363,1,-1,-1,-1
304,317,282,291,358,295,1,-1,-1,-1
304,318,921,212,206,150,1,-1,-1,-1
304,321,1120,165,95,88,1,-1,-1,-1
304,322,1052,178,89,74,1,-1,-1,-1
305,273,1243,130,135,167,1,-1,-1,-1
305,315,520,385,438,373,1,-1,-1,-1
305,317,264,295,364,298,1,-1,-1,-1
305,318,920,212,201,149,1,-1,-1,-1
305,321,1119,166,95,89,1,-1,-1,-1
305,322,1049,179,90,74,1,-1,-1,-1
306,273,1243,130,137,167,1,-1,-1,-1
306,315,510,392,442,383,1,-1,-1,-1
306,317,246,299,369,302,1,-1,-1,-1
306,318,920,212,199,149,1,-1,-1,-1
306,321,1118,166,96,89,1,-1,-1,-1
306,322,1046,180,90,75,1,-1,-1,-1
307,273,1242,131,138,166,1,-1,-1,-1
307,315,510,399,435,392,1,-1,-1,-1
307,317,228,303,375,305,1,-1,-1,-1
307,318,918,213,198,149,1,-1,-1,-1
307,321,1117,167,97,89,1,-1,-1,-1
307,322,1042,180,90,76,1,-1,-1,-1
308,273,1241,132,140,166,1,-1,-1,-1
308,315,489,405,457,401,1,-1,-1,-1
308,317,209,302,385,314,1,-1,-1,-1
308,318,916,214,200,149,1,-1,-1,-1
308,321,1116,167,97,90,1,-1,-1,-1
308,322,1039,181,91,76,1,-1,-1,-1
309,273,1241,132,141,166,1,-1,-1,-1
309,307,1518,187,328,120,1,-1,-1,-1
309,315,467,410,480,410,1,-1,-1,-1
309,317,188,314,400,316,1,-1,-1,-1
309,318,913,212,204,153,1,-1,-1,-1
309,321,1115,168,98,90,1,-1,-1,-1
310,273,1240,133,143,166,1,-1,-1,-1
310,307,1484,185,342,123,1,-1,-1,-1
310,315,446,416,502,419,1,-1,-1,-1
310,317,168,318,407,318,1,-1,-1,-1
310,318,911,211,206,156,1,-1,-1,-1
310,321,1114,168,99,91,1,-1,-1,-1
311,273,1240,133,144,166,1,-1,-1,-1
311,307,1449,184,357,126,1,-1,-1,-1
311,315,424,421,518,425,1,-1,-1,-1
311,317,147,321,414,319,1,-1,-1,-1
311,318,910,211,205,161,1,-1,-1,-1
311,321,1113,168,99,91,1,-1,-1,-1
312,273,1239,134,146,166,1,-1,-1,-1
312,307,1415,182,371,129,1,-1,-1,-1
312,315,410,425,526,432,1,-1,-1,-1
312,317,132,326,420,322,1,-1,-1,-1
312,318,909,212,206,162,1,-1,-1,-1
312,321,1112,169,100,91,1,-1,-1,-1
313,273,1238,135,147,165,1,-1,-1,-1
313,307,1392,183,363,127,1,-1,-1,-1
313,315,397,433,532,440,1,-1,-1,-1
313,317,117,332,427,325,1,-1,-1,-1
313,318,907,212,208,164,1,-1,-1,-1
313,321,1111,169,100,92,1,-1,-1,-1
314,273,1238,135,149,165,1,-1,-1,-1
314,307,1359,182,349,131,1,-1,-1,-1
314,315,388,443,530,447,1,-1,-1,-1
314,317,102,337,433,328,1,-1,-1,-1
314,318,904,211,211,165,1,-1,-1,-1
314,321,1110,170,101,92,1,-1,-1,-1
315,273,1237,136,150,165,1,-1,-1,-1
315,307,1333,184,347,129,1,-1,-1,-1
315,315,378,453,527,452,1,-1,-1,-1
315,317,91,344,433,330,1,-1,-1,-1
315,318,902,209,210,169,1,-1,-1,-1
315,321,1109,170,102,92,1,-1,-1,-1
316,273,1237,136,149,164,1,-1,-1,-1
316,307,1301,182,355,132,1,-1,-1,-1
316,315,365,463,528,458,1,-1,-1,-1
316,317,80,352,432,331,1,-1,-1,-1
316,318,900,209,212,174,1,-1,-1,-1
316,321,1108,171,102,93,1,-1,-1,-1
317,307,1273,185,351,131,1,-1,-1,-1
317,315,350,472,540,465,1,-1,-1,-1
317,317,68,359,432,333,1,-1,-1,-1
317,318,898,208,216,179,1,-1,-1,-1
317,321,1107,171,103,93,1,-1,-1,-1
318,307,1255,187,342,129,1,-1,-1,-1
318,315,334,481,558,473,1,-1,-1,-1
318,317,57,366,431,334,1,-1,-1,-1
318,318,894,208,224,184,1,-1,-1,-1
318,321,1106,171,103,94,1,-1,-1,-1
319,307,1227,188,329,130,1,-1,-1,-1
319,315,321,488,573,481,1,-1,-1,-1
319,317,43,370,436,340,1,-1,-1,-1
319,318,891,207,230,188,1,-1,-1,-1
319,321,1105,171,103,94,1,-1,-1,-1
320,307,1194,189,342,129,1,-1,-1,-1
320,315,312,493,582,490,1,-1,-1,-1
320,317,29,375,442,346,1,-1,-1,-1
320,318,887,208,233,188,1,-1,-1,-1
320,321,1104,172,104,95,1,-1,-1,-1
321,307,1169,189,330,129,1,-1,-1,-1
321,315,305,494,586,501,1,-1,-1,-1
321,317,14,379,447,352,1,-1,-1,-1
321,318,887,209,232,189,1,-1,-1,-1
321,321,1103,172,104,96,1,-1,-1,-1
322,307,1146,187,327,131,1,-1,-1,-1
322,315,284,504,593,495,1,-1,-1,-1
322,317,0,383,452,358,1,-1,-1,-1
322,318,885,210,234,188,1,-1,-1,-1
322,321,1103,172,104,96,1,-1,-1,-1
323,307,1127,186,312,133,1,-1,-1,-1
323,315,265,533,613,495,1,-1,-1,-1
323,317,0,388,439,362,1,-1,-1,-1
323,318,886,210,232,190,1,-1,-1,-1
324,307,1113,192,299,129,1,-1,-1,-1
324,315,251,537,620,498,1,-1,-1,-1
324,317,0,394,431,369,1,-1,-1,-1
324,318,887,211,231,190,1,-1,-1,-1
325,307,1103,194,287,130,1,-1,-1,-1
325,315,236,543,624,506,1,-1,-1,-1
325,317,0,400,422,375,1,-1,-1,-1
325,318,883,214,235,192,1,-1,-1,-1
326,307,1092,195,275,130,1,-1,-1,-1
326,315,220,550,628,510,1,-1,-1,-1
326,317,0,406,415,379,1,-1,-1,-1
326,318,879,216,238,194,1,-1,-1,-1
327,273,1246,140,138,150,1,-1,-1,-1
327,307,1071,198,265,123,1,-1,-1,-1
327,315,205,560,639,512,1,-1,-1,-1
327,317,0,411,408,383,1,-1,-1,-1
327,318,875,219,242,195,1,-1,-1,-1
328,273,1246,139,137,149,1,-1,-1,-1
328,307,1070,196,250,128,1,-1,-1,-1
328,315,193,570,646,510,1,-1,-1,-1
328,318,871,222,245,197,1,-1,-1,-1
329,273,1246,139,135,148,1,-1,-1,-1
329,307,1063,198,235,125,1,-1,-1,-1
329,315,179,579,652,501,1,-1,-1,-1
329,318,868,224,249,199,1,-1,-1,-1
330,273,1247,138,134,147,1,-1,-1,-1
330,307,1055,200,219,122,1,-1,-1,-1
330,315,166,588,660,492,1,-1,-1,-1
330,318,864,227,252,201,1,-1,-1,-1
331,273,1247,138,133,146,1,-1,-1,-1
331,307,1048,202,204,119,1,-1,-1,-1
331,315,157,592,663,488,1,-1,-1,-1
331,318,860,230,256,202,1,-1,-1,-1
332,273,1247,137,132,145,1,-1,-1,-1
332,307,1042,202,199,123,1,-1,-1,-1
332,315,148,595,667,485,1,-1,-1,-1
332,318,856,232,259,204,1,-1,-1,-1
333,273,1247,137,130,145,1,-1,-1,-1
333,307,1036,202,194,126,1,-1,-1,-1
333,315,139,599,670,481,1,-1,-1,-1
333,318,852,235,263,206,1,-1,-1,-1
334,273,1247,136,129,144,1,-1,-1,-1
334,307,1030,202,189,130,1,-1,-1,-1
334,315,130,602,674,478,1,-1,-1,-1
334,318,849,237,264,208,1,-1,-1,-1
335,273,1247,136,128,143,1,-1,-1,-1
335,307,1024,202,184,133,1,-1,-1,-1
335,315,121,606,677,474,1,-1,-1,-1
335,318,845,237,266,210,1,-1,-1,-1
336,273,1248,135,127,142,1,-1,-1,-1
336,307,1019,203,177,132,1,-1,-1,-1
336,315,120,612,672,468,1,-1,-1,-1
336,318,840,240,274,211,1,-1,-1,-1
337,273,1248,135,125,141,1,-1,-1,-1
337,307,1012,204,177,131,1,-1,-1,-1
337,315,90,618,670,462,1,-1,-1,-1
337,318,834,243,281,213,1,-1,-1,-1
338,273,1248,134,124,140,1,-1,-1,-1
338,307,1005,204,179,132,1,-1,-1,-1
338,315,81,627,682,453,1,-1,-1,-1
338,318,830,245,287,216,1,-1,-1,-1
339,273,1248,134,125,140,1,-1,-1,-1
339,307,1002,202,180,136,1,-1,-1,-1
339,315,73,635,693,445,1,-1,-1,-1
339,318,825,248,293,219,1,-1,-1,-1
340,273,1248,134,125,141,1,-1,-1,-1
340,307,996,199,179,143,1,-1,-1,-1
340,315,94,645,649,435,1,-1,-1,-1
340,318,819,251,298,223,1,-1,-1,-1
341,273,1248,134,123,141,1,-1,-1,-1
341,307,995,197,179,144,1,-1,-1,-1
341,315,85,651,657,429,1,-1,-1,-1
341,318,804,253,300,227,1,-1,-1,-1
342,273,1248,134,123,140,1,-1,-1,-1
342,307,995,201,180,140,1,-1,-1,-1
342,315,77,653,660,427,1,-1,-1,-1
342,318,801,257,303,227,1,-1,-1,-1
342,322,926,205,114,99,1,-1,-1,-1
343,273,1248,135,122,138,1,-1,-1,-1
343,307,996,196,177,145,1,-1,-1,-1
343,315,74,657,659,423,1,-1,-1,-1
343,318,797,259,305,231,1,-1,-1,-1
343,322,923,205,115,100,1,-1,-1,-1
344,273,1247,135,123,136,1,-1,-1,-1
344,285,1042,535,776,545,1,-1,-1,-1
344,307,996,197,176,144,1,-1,-1,-1
344,318,793,259,305,233,1,-1,-1,-1
344,322,921,205,115,101,1,-1,-1,-1
345,273,1246,134,124,138,1,-1,-1,-1
345,285,1089,510,730,570,1,-1,-1,-1
345,307,995,197,176,144,1,-1,-1,-1
345,318,788,260,309,239,1,-1,-1,-1
345,322,918,205,116,102,1,-1,-1,-1
346,273,1246,134,122,137,1,-1,-1,-1
346,285,1108,488,708,592,1,-1,-1,-1
346,307,993,200,185,145,1,-1,-1,-1
346,318,779,261,316,243,1,-1,-1,-1
346,322,915,205,117,103,1,-1,-1,-1
347,273,1247,134,121,135,1,-1,-1,-1
347,285,1130,463,711,617,1,-1,-1,-1
347,307,994,196,185,152,1,-1,-1,-1
347,318,770,262,325,246,1,-1,-1,-1
347,322,912,206,118,103,1,-1,-1,-1
348,273,1247,134,119,134,1,-1,-1,-1
348,285,1152,451,668,629,1,-1,-1,-1
348,307,993,198,183,151,1,-1,-1,-1
348,318,759,268,340,256,1,-1,-1,-1
348,322,909,206,119,104,1,-1,-1,-1
349,273,1248,134,117,132,1,-1,-1,-1
349,285,1158,408,656,663,1,-1,-1,-1
349,307,989,201,189,150,1,-1,-1,-1
349,318,751,267,343,261,1,-1,-1,-1
349,322,906,206,120,105,1,-1,-1,-1
350,273,1248,134,115,131,1,-1,-1,-1
350,285,1171,402,631,640,1,-1,-1,-1
350,307,989,199,189,155,1,-1,-1,-1
350,318,745,267,347,264,1,-1,-1,-1
350,322,904,206,120,106,1,-1,-1,-1
351,273,1249,134,114,130,1,-1,-1,-1
351,285,1179,391,618,614,1,-1,-1,-1
351,307,983,202,195,150,1,-1,-1,-1
351,318,739,267,349,266,1,-1,-1,-1
351,322,901,206,121,107,1,-1,-1,-1
352,273,1249,134,112,128,1,-1,-1,-1
352,285,1186,377,606,589,1,-1,-1,-1
352,307,982,198,197,155,1,-1,-1,-1
352,318,734,267,352,268,1,-1,-1,-1
352,322,898,206,122,108,1,-1,-1,-1
353,273,1250,134,110,127,1,-1,-1,-1
353,285,1190,364,598,571,1,-1,-1,-1
353,307,986,200,194,155,1,-1,-1,-1
353,318,730,271,353,268,1,-1,-1,-1
353,322,895,206,123,109,1,-1,-1,-1
354,273,1250,134,108,125,1,-1,-1,-1
354,285,1214,336,550,536,1,-1,-1,-1
354,307,977,202,199,153,1,-1,-1,-1
354,318,728,276,352,268,1,-1,-1,-1
354,322,893,206,125,110,1,-1,-1,-1
355,273,1251,134,107,124,1,-1,-1,-1
355,285,1212,332,551,531,1,-1,-1,-1
355,307,977,203,200,151,1,-1,-1,-1
355,318,724,280,352,271,1,-1,-1,-1
355,322,890,205,126,110,1,-1,-1,-1
356,273,1251,134,105,123,1,-1,-1,-1
356,285,1215,326,547,518,1,-1,-1,-1
356,307,978,202,201,153,1,-1,-1,-1
356,318,720,282,356,273,1,-1,-1,-1
356,322,887,205,127,111,1,-1,-1,-1
357,273,1252,134,103,121,1,-1,-1,-1
357,285,1219,314,539,513,1,-1,-1,-1
357,307,978,201,200,155,1,-1,-1,-1
357,318,713,281,364,277,1,-1,-1,-1
357,322,884,205,128,112,1,-1,-1,-1
358,273,1252,134,101,120,1,-1,-1,-1
358,285,1225,301,527,503,1,-1,-1,-1
358,307,979,200,199,160,1,-1,-1,-1
358,318,698,285,363,276,1,-1,-1,-1
358,322,882,205,130,113,1,-1,-1,-1
359,273,1253,134,100,118,1,-1,-1,-1
359,285,1228,288,519,496,1,-1,-1,-1
359,307,971,201,204,160,1,-1,-1,-1
359,318,693,285,365,279,1,-1,-1,-1
359,322,879,204,131,113,1,-1,-1,-1
360,273,1253,134,98,117,1,-1,-1,-1
360,285,1243,290,469,458,1,-1,-1,-1
360,307,980,207,181,152,1,-1,-1,-1
360,318,712,296,332,270,1,-1,-1,-1
360,322,876,204,132,114,1,-1,-1,-1
