86,260,971,753,429,327,1,-1,-1,-1
87,260,964,721,462,359,1,-1,-1,-1
88,260,980,699,429,381,1,-1,-1,-1
89,260,996,679,397,399,1,-1,-1,-1
90,260,997,673,396,370,1,-1,-1,-1
91,260,1000,653,391,359,1,-1,-1,-1
92,260,1002,633,385,348,1,-1,-1,-1
93,260,1004,610,378,361,1,-1,-1,-1
94,260,1008,594,367,363,1,-1,-1,-1
94,289,1056,43,73,56,1,-1,-1,-1
95,260,1010,592,364,351,1,-1,-1,-1
95,289,1056,42,73,56,1,-1,-1,-1
96,260,1013,573,358,337,1,-1,-1,-1
96,289,1055,42,73,57,1,-1,-1,-1
97,260,1017,558,351,330,1,-1,-1,-1
97,289,1055,41,74,57,1,-1,-1,-1
98,260,1022,543,341,328,1,-1,-1,-1
98,289,1054,41,74,58,1,-1,-1,-1
99,260,1027,538,330,319,1,-1,-1,-1
99,289,1054,40,74,58,1,-1,-1,-1
100,260,1028,511,328,318,1,-1,-1,-1
100,289,1053,40,74,58,1,-1,-1,-1
101,260,1032,496,317,318,1,-1,-1,-1
101,289,1053,39,74,59,1,-1,-1,-1
102,260,1037,481,306,316,1,-1,-1,-1
102,289,1052,39,75,59,1,-1,-1,-1
103,260,1042,474,297,307,1,-1,-1,-1
103,289,1052,38,75,60,1,-1,-1,-1
104,260,1040,461,307,286,1,-1,-1,-1
104,289,1051,38,75,60,1,-1,-1,-1
105,260,1046,453,295,283,1,-1,-1,-1
105,289,1051,37,75,60,1,-1,-1,-1
106,260,1050,445,284,277,1,-1,-1,-1
106,289,1050,37,75,61,1,-1,-1,-1
107,260,1054,436,275,270,1,-1,-1,-1
107,289,1050,36,76,61,1,-1,-1,-1
108,260,1056,429,270,261,1,-1,-1,-1
108,289,1049,36,76,62,1,-1,-1,-1
109,260,1059,425,261,251,1,-1,-1,-1
109,289,1049,35,76,62,1,-1,-1,-1
110,260,1058,396,266,263,1,-1,-1,-1
110,289,1049,35,76,63,1,-1,-1,-1
111,260,1059,387,260,261,1,-1,-1,-1
111,289,1048,35,77,63,1,-1,-1,-1
112,260,1061,379,254,256,1,-1,-1,-1
112,289,1048,35,77,64,1,-1,-1,-1
113,260,1065,370,246,252,1,-1,-1,-1
113,289,1047,35,77,64,1,-1,-1,-1
114,260,1068,363,240,245,1,-1,-1,-1
114,289,1047,35,77,65,1,-1,-1,-1
115,260,1071,359,237,235,1,-1,-1,-1
115,289,1047,35,78,65,1,-1,-1,-1
116,260,1070,336,241,239,1,-1,-1,-1
116,289,1046,34,78,66,1,-1,-1,-1
117,260,1069,330,239,237,1,-1,-1,-1
117,289,1046,34,78,66,1,-1,-1,-1
118,260,1069,321,235,234,1,-1,-1,-1
118,289,1045,34,78,67,1,-1,-1,-1
119,260,1070,313,234,231,1,-1,-1,-1
119,289,1045,34,79,67,1,-1,-1,-1
120,260,1072,308,231,224,1,-1,-1,-1
120,289,1044,34,79,68,1,-1,-1,-1
121,260,1071,304,232,217,1,-1,-1,-1
121,289,1044,34,79,68,1,-1,-1,-1
122,260,1066,300,221,209,1,-1,-1,-1
122,289,1044,34,79,68,1,-1,-1,-1
123,260,1069,288,224,206,1,-1,-1,-1
123,289,1043,35,80,69,1,-1,-1,-1
124,260,1072,276,227,202,1,-1,-1,-1
124,289,1043,35,80,69,1,-1,-1,-1
125,260,1075,269,219,208,1,-1,-1,-1
125,289,1043,35,80,70,1,-1,-1,-1
126,260,1078,269,201,195,1,-1,-1,-1
126,289,1043,36,80,70,1,-1,-1,-1
127,260,1079,259,203,195,1,-1,-1,-1
127,289,1042,36,81,71,1,-1,-1,-1
128,260,1080,248,204,195,1,-1,-1,-1
128,289,1042,36,81,71,1,-1,-1,-1
129,260,1081,238,206,195,1,-1,-1,-1
129,289,1042,37,81,71,1,-1,-1,-1
130,260,1082,233,204,198,1,-1,-1,-1
130,289,1042,37,81,72,1,-1,-1,-1
131,260,1082,233,194,189,1,-1,-1,-1
131,289,1041,37,82,72,1,-1,-1,-1
132,260,1085,226,187,183,1,-1,-1,-1
132,289,1041,37,82,73,1,-1,-1,-1
133,260,1087,219,180,176,1,-1,-1,-1
133,289,1041,38,82,73,1,-1,-1,-1
134,260,1088,212,178,183,1,-1,-1,-1
134,289,1041,38,82,73,1,-1,-1,-1
135,260,1088,210,179,179,1,-1,-1,-1
135,289,1040,38,83,74,1,-1,-1,-1
136,260,1089,206,179,176,1,-1,-1,-1
136,289,1040,39,83,74,1,-1,-1,-1
137,260,1090,202,178,175,1,-1,-1,-1
137,289,1040,39,83,75,1,-1,-1,-1
138,260,1090,202,177,167,1,-1,-1,-1
138,289,1040,39,83,75,1,-1,-1,-1
139,260,1090,192,174,158,1,-1,-1,-1
139,289,1039,40,84,76,1,-1,-1,-1
140,260,1090,186,175,165,1,-1,-1,-1
140,289,1039,40,84,76,1,-1,-1,-1
141,260,1092,179,173,173,1,-1,-1,-1
141,289,1038,40,84,76,1,-1,-1,-1
142,260,1093,176,171,169,1,-1,-1,-1
142,289,1037,41,85,76,1,-1,-1,-1
143,260,1095,175,167,164,1,-1,-1,-1
143,289,1036,41,85,77,1,-1,-1,-1
144,260,1095,172,166,161,1,-1,-1,-1
144,289,1035,42,85,77,1,-1,-1,-1
145,260,1097,172,164,154,1,-1,-1,-1
145,289,1035,42,85,77,1,-1,-1,-1
146,260,1096,168,166,148,1,-1,-1,-1
146,289,1034,43,86,77,1,-1,-1,-1
147,260,1095,163,167,142,1,-1,-1,-1
147,289,1033,43,86,77,1,-1,-1,-1
148,260,1094,157,168,147,1,-1,-1,-1
148,289,1032,44,86,78,1,-1,-1,-1
149,260,1094,153,168,149,1,-1,-1,-1
149,289,1031,44,86,78,1,-1,-1,-1
150,260,1095,150,166,147,1,-1,-1,-1
150,289,1030,45,87,78,1,-1,-1,-1
151,260,1097,146,164,146,1,-1,-1,-1
151,289,1029,45,87,78,1,-1,-1,-1
152,260,1099,142,160,147,1,-1,-1,-1
152,289,1028,45,87,78,1,-1,-1,-1
153,260,1100,139,156,145,1,-1,-1,-1
153,289,1027,46,87,79,1,-1,-1,-1
154,260,1102,136,151,134,1,-1,-1,-1
154,289,1026,46,88,79,1,-1,-1,-1
155,260,1100,133,155,136,1,-1,-1,-1
155,289,1026,47,88,79,1,-1,-1,-1
156,260,1101,131,154,140,1,-1,-1,-1
156,289,1025,47,88,79,1,-1,-1,-1
157,260,1102,129,153,141,1,-1,-1,-1
157,289,1024,48,88,79,1,-1,-1,-1
158,260,1103,127,150,140,1,-1,-1,-1
158,289,1023,48,89,80,1,-1,-1,-1
159,260,1103,124,151,136,1,-1,-1,-1
159,289,1022,49,89,80,1,-1,-1,-1
160,260,1104,121,150,132,1,-1,-1,-1
160,289,1021,49,89,80,1,-1,-1,-1
161,260,1105,118,146,130,1,-1,-1,-1
161,289,1020,50,89,80,1,-1,-1,-1
162,260,1108,114,141,131,1,-1,-1,-1
162,289,1018,50,90,81,1,-1,-1,-1
163,260,1109,110,139,131,1,-1,-1,-1
163,289,1017,51,90,81,1,-1,-1,-1
164,260,1111,108,135,132,1,-1,-1,-1
164,289,1016,52,90,81,1,-1,-1,-1
165,260,1109,100,138,129,1,-1,-1,-1
165,289,1015,53,90,81,1,-1,-1,-1
166,260,1109,98,138,133,1,-1,-1,-1
166,289,1013,53,91,82,1,-1,-1,-1
167,260,1110,95,136,133,1,-1,-1,-1
167,289,1012,54,91,82,1,-1,-1,-1
168,260,1109,95,138,131,1,-1,-1,-1
168,289,1011,55,91,82,1,-1,-1,-1
169,260,1110,96,135,124,1,-1,-1,-1
169,289,1009,55,91,82,1,-1,-1,-1
170,260,1110,97,136,120,1,-1,-1,-1
170,289,1008,56,92,83,1,-1,-1,-1
171,260,1111,94,134,118,1,-1,-1,-1
171,289,1007,57,92,83,1,-1,-1,-1
172,260,1112,91,133,117,1,-1,-1,-1
172,289,1005,57,92,83,1,-1,-1,-1
173,260,1113,89,131,117,1,-1,-1,-1
173,289,1004,58,92,83,1,-1,-1,-1
174,260,1113,89,128,112,1,-1,-1,-1
174,289,1003,59,93,84,1,-1,-1,-1
175,260,1114,88,125,110,1,-1,-1,-1
175,289,1002,60,93,84,1,-1,-1,-1
176,260,1115,87,125,109,1,-1,-1,-1
176,289,1000,60,93,84,1,-1,-1,-1
177,260,1115,86,125,109,1,-1,-1,-1
177,289,999,61,93,84,1,-1,-1,-1
178,260,1116,85,123,109,1,-1,-1,-1
178,289,998,62,94,85,1,-1,-1,-1
179,260,1118,84,121,107,1,-1,-1,-1
179,289,996,62,94,85,1,-1,-1,-1
180,260,1119,82,120,106,1,-1,-1,-1
180,269,1036,49,88,74,1,-1,-1,-1
180,289,995,63,94,85,1,-1,-1,-1
181,260,1120,79,119,105,1,-1,-1,-1
181,269,1035,50,88,74,1,-1,-1,-1
181,289,994,64,94,85,1,-1,-1,-1
182,260,1121,77,119,104,1,-1,-1,-1
182,269,1034,50,88,74,1,-1,-1,-1
182,289,993,65,95,86,1,-1,-1,-1
183,260,1122,75,118,103,1,-1,-1,-1
183,269,1034,51,89,75,1,-1,-1,-1
183,289,992,66,95,86,1,-1,-1,-1
184,260,1124,72,117,101,1,-1,-1,-1
184,269,1033,52,89,75,1,-1,-1,-1
184,289,992,67,96,87,1,-1,-1,-1
185,260,1125,70,116,100,1,-1,-1,-1
185,269,1032,52,89,75,1,-1,-1,-1
185,289,991,68,96,87,1,-1,-1,-1
186,260,1126,68,116,99,1,-1,-1,-1
186,269,1031,53,89,75,1,-1,-1,-1
186,289,990,69,96,87,1,-1,-1,-1
187,260,1127,65,115,98,1,-1,-1,-1
187,269,1031,53,89,76,1,-1,-1,-1
187,289,989,70,97,88,1,-1,-1,-1
188,260,1128,63,114,97,1,-1,-1,-1
188,269,1030,54,89,76,1,-1,-1,-1
188,289,988,71,97,88,1,-1,-1,-1
189,260,1129,61,113,97,1,-1,-1,-1
189,269,1029,55,89,76,1,-1,-1,-1
189,289,987,72,98,89,1,-1,-1,-1
190,260,1130,60,112,97,1,-1,-1,-1
190,269,1029,55,89,77,1,-1,-1,-1
190,289,987,73,98,89,1,-1,-1,-1
191,260,1131,58,112,97,1,-1,-1,-1
191,269,1028,56,89,77,1,-1,-1,-1
191,289,986,74,98,89,1,-1,-1,-1
192,260,1131,56,111,96,1,-1,-1,-1
192,269,1027,56,89,77,1,-1,-1,-1
192,289,985,75,99,90,1,-1,-1,-1
193,260,1132,55,110,96,1,-1,-1,-1
193,261,1041,840,395,239,1,-1,-1,-1
193,269,1027,57,90,78,1,-1,-1,-1
193,289,984,76,99,90,1,-1,-1,-1
194,260,1133,53,109,96,1,-1,-1,-1
194,261,1047,821,381,259,1,-1,-1,-1
194,269,1026,58,90,78,1,-1,-1,-1
194,289,983,77,100,91,1,-1,-1,-1
195,260,1134,53,108,94,1,-1,-1,-1
195,261,1052,799,369,281,1,-1,-1,-1
195,269,1025,58,90,78,1,-1,-1,-1
195,289,982,78,100,91,1,-1,-1,-1
196,260,1134,53,107,93,1,-1,-1,-1
196,261,1057,781,361,290,1,-1,-1,-1
196,269,1024,59,90,78,1,-1,-1,-1
196,289,981,79,100,91,1,-1,-1,-1
197,260,1135,53,106,91,1,-1,-1,-1
197,261,1059,766,356,284,1,-1,-1,-1
197,269,1024,59,90,79,1,-1,-1,-1
197,289,981,80,101,92,1,-1,-1,-1
198,260,1135,54,106,89,1,-1,-1,-1
198,261,1061,750,351,278,1,-1,-1,-1
198,269,1023,60,90,79,1,-1,-1,-1
198,289,980,81,101,92,1,-1,-1,-1
199,260,1136,54,105,87,1,-1,-1,-1
199,261,1062,735,346,271,1,-1,-1,-1
199,269,1022,60,91,80,1,-1,-1,-1
199,289,979,82,102,93,1,-1,-1,-1
200,260,1136,54,104,86,1,-1,-1,-1
200,261,1064,719,341,265,1,-1,-1,-1
200,269,1021,61,91,81,1,-1,-1,-1
200,289,978,83,102,93,1,-1,-1,-1
201,260,1137,54,103,84,1,-1,-1,-1
201,261,1066,706,335,259,1,-1,-1,-1
201,269,1020,61,92,81,1,-1,-1,-1
201,289,977,84,103,94,1,-1,-1,-1
202,260,1138,53,102,83,1,-1,-1,-1
202,261,1069,693,329,254,1,-1,-1,-1
202,269,1020,61,92,82,1,-1,-1,-1
202,289,976,86,104,94,1,-1,-1,-1
203,260,1139,52,101,81,1,-1,-1,-1
203,261,1071,680,324,248,1,-1,-1,-1
203,269,1019,62,93,83,1,-1,-1,-1
203,289,974,87,105,95,1,-1,-1,-1
204,260,1140,51,100,80,1,-1,-1,-1
204,261,1074,667,318,243,1,-1,-1,-1
204,269,1018,62,93,84,1,-1,-1,-1
204,289,973,88,105,96,1,-1,-1,-1
205,260,1142,50,99,79,1,-1,-1,-1
205,261,1076,654,312,237,1,-1,-1,-1
205,269,1017,63,94,85,1,-1,-1,-1
205,289,972,90,106,96,1,-1,-1,-1
206,260,1142,48,97,78,1,-1,-1,-1
206,261,1079,641,305,233,1,-1,-1,-1
206,269,1016,63,94,85,1,-1,-1,-1
206,289,971,91,107,97,1,-1,-1,-1
207,260,1143,48,96,77,1,-1,-1,-1
207,261,1083,628,299,228,1,-1,-1,-1
207,269,1015,63,95,86,1,-1,-1,-1
207,289,969,92,108,98,1,-1,-1,-1
208,260,1144,47,95,76,1,-1,-1,-1
208,261,1086,615,292,224,1,-1,-1,-1
208,269,1014,64,95,87,1,-1,-1,-1
208,289,968,93,109,98,1,-1,-1,-1
209,260,1141,44,100,83,1,-1,-1,-1
209,261,1084,603,290,221,1,-1,-1,-1
209,269,1014,64,96,88,1,-1,-1,-1
209,289,967,95,110,99,1,-1,-1,-1
210,260,1143,45,98,78,1,-1,-1,-1
210,261,1084,594,288,216,1,-1,-1,-1
210,269,1013,64,96,88,1,-1,-1,-1
210,289,966,96,111,100,1,-1,-1,-1
211,260,1144,43,98,78,1,-1,-1,-1
211,261,1085,579,282,217,1,-1,-1,-1
211,269,1012,65,97,89,1,-1,-1,-1
211,289,964,97,111,100,1,-1,-1,-1
212,260,1144,41,98,78,1,-1,-1,-1
212,261,1086,564,277,218,1,-1,-1,-1
212,269,1011,65,97,90,1,-1,-1,-1
212,289,963,99,112,101,1,-1,-1,-1
213,260,1145,40,97,79,1,-1,-1,-1
213,261,1087,549,271,219,1,-1,-1,-1
213,269,1011,66,97,91,1,-1,-1,-1
213,289,962,100,113,101,1,-1,-1,-1
214,260,1145,39,96,79,1,-1,-1,-1
214,261,1089,540,268,215,1,-1,-1,-1
214,269,1010,67,97,91,1,-1,-1,-1
214,289,961,101,114,102,1,-1,-1,-1
215,260,1146,38,95,80,1,-1,-1,-1
215,261,1088,530,267,211,1,-1,-1,-1
215,269,1010,68,97,92,1,-1,-1,-1
215,289,959,103,115,103,1,-1,-1,-1
216,260,1146,37,94,80,1,-1,-1,-1
216,261,1091,524,262,206,1,-1,-1,-1
216,269,1010,69,97,92,1,-1,-1,-1
216,289,958,104,116,103,1,-1,-1,-1
217,260,1147,36,93,81,1,-1,-1,-1
217,261,1093,514,258,203,1,-1,-1,-1
217,269,1009,70,97,93,1,-1,-1,-1
217,289,957,105,116,104,1,-1,-1,-1
218,260,1148,34,91,82,1,-1,-1,-1
218,261,1095,504,254,201,1,-1,-1,-1
218,269,1009,71,97,93,1,-1,-1,-1
218,289,956,106,117,105,1,-1,-1,-1
219,260,1148,33,90,82,1,-1,-1,-1
219,261,1098,494,250,198,1,-1,-1,-1
219,269,1008,72,98,93,1,-1,-1,-1
219,289,954,108,118,105,1,-1,-1,-1
220,260,1149,32,89,83,1,-1,-1,-1
220,261,1100,483,246,195,1,-1,-1,-1
220,269,1007,74,100,93,1,-1,-1,-1
220,289,953,109,119,106,1,-1,-1,-1
221,260,1149,31,88,83,1,-1,-1,-1
221,261,1102,473,242,193,1,-1,-1,-1
221,269,1006,75,101,94,1,-1,-1,-1
221,289,952,111,119,107,1,-1,-1,-1
222,260,1150,30,87,84,1,-1,-1,-1
222,261,1104,463,238,190,1,-1,-1,-1
222,269,1004,77,102,94,1,-1,-1,-1
222,289,951,113,120,107,1,-1,-1,-1
223,260,1150,30,87,83,1,-1,-1,-1
223,261,1105,456,233,190,1,-1,-1,-1
223,269,1003,78,104,94,1,-1,-1,-1
223,289,950,115,120,108,1,-1,-1,-1
224,260,1150,29,87,83,1,-1,-1,-1
224,261,1108,456,229,179,1,-1,-1,-1
224,269,1002,79,105,94,1,-1,-1,-1
224,289,949,117,121,108,1,-1,-1,-1
225,260,1150,29,87,82,1,-1,-1,-1
225,261,1109,437,226,186,1,-1,-1,-1
225,269,1001,81,106,94,1,-1,-1,-1
225,289,949,119,121,109,1,-1,-1,-1
226,260,1150,28,87,82,1,-1,-1,-1
226,261,1107,432,217,182,1,-1,-1,-1
226,269,1000,82,108,95,1,-1,-1,-1
226,289,948,121,121,110,1,-1,-1,-1
227,260,1150,28,88,81,1,-1,-1,-1
227,261,1109,425,212,178,1,-1,-1,-1
227,263,1039,789,384,291,1,-1,-1,-1
227,269,999,83,109,95,1,-1,-1,-1
227,289,947,123,122,110,1,-1,-1,-1
228,260,1150,27,88,81,1,-1,-1,-1
228,261,1111,424,209,168,1,-1,-1,-1
228,263,1033,761,392,319,1,-1,-1,-1
228,269,998,85,110,95,1,-1,-1,-1
228,289,946,125,122,111,1,-1,-1,-1
229,260,1150,27,88,80,1,-1,-1,-1
229,261,1113,401,202,183,1,-1,-1,-1
229,263,1031,748,391,332,1,-1,-1,-1
229,269,996,86,112,95,1,-1,-1,-1
229,289,945,127,123,111,1,-1,-1,-1
230,260,1150,26,88,80,1,-1,-1,-1
230,261,1114,395,197,178,1,-1,-1,-1
230,263,1031,724,380,333,1,-1,-1,-1
230,269,995,88,113,95,1,-1,-1,-1
230,289,944,130,123,112,1,-1,-1,-1
231,260,1150,26,88,79,1,-1,-1,-1
231,261,1114,390,196,171,1,-1,-1,-1
231,263,1034,708,369,325,1,-1,-1,-1
231,269,994,89,114,95,1,-1,-1,-1
231,289,943,132,123,113,1,-1,-1,-1
232,260,1151,26,87,78,1,-1,-1,-1
232,261,1112,391,200,160,1,-1,-1,-1
232,263,1038,690,363,321,1,-1,-1,-1
232,269,993,90,116,96,1,-1,-1,-1
232,289,942,134,124,113,1,-1,-1,-1
233,260,1151,27,86,77,1,-1,-1,-1
233,261,1114,370,195,168,1,-1,-1,-1
233,263,1029,670,373,315,1,-1,-1,-1
233,269,992,92,117,96,1,-1,-1,-1
233,289,941,136,124,114,1,-1,-1,-1
234,260,1152,27,85,76,1,-1,-1,-1
234,261,1115,364,191,166,1,-1,-1,-1
234,263,1035,664,360,304,1,-1,-1,-1
234,269,991,93,118,96,1,-1,-1,-1
234,289,940,138,125,114,1,-1,-1,-1
235,260,1153,27,84,75,1,-1,-1,-1
235,261,1113,360,191,161,1,-1,-1,-1
235,263,1037,652,349,294,1,-1,-1,-1
235,269,990,94,120,96,1,-1,-1,-1
235,289,940,140,125,115,1,-1,-1,-1
236,260,1153,28,84,75,1,-1,-1,-1
236,261,1112,357,193,156,1,-1,-1,-1
236,263,1039,636,342,292,1,-1,-1,-1
236,269,988,96,121,96,1,-1,-1,-1
236,289,939,142,125,116,1,-1,-1,-1
237,260,1154,28,83,74,1,-1,-1,-1
237,261,1113,341,189,165,1,-1,-1,-1
237,263,1041,626,338,292,1,-1,-1,-1
237,269,987,97,122,97,1,-1,-1,-1
237,289,938,144,126,116,1,-1,-1,-1
238,260,1155,28,82,73,1,-1,-1,-1
238,261,1115,333,187,166,1,-1,-1,-1
238,263,1039,608,336,283,1,-1,-1,-1
238,269,986,99,124,97,1,-1,-1,-1
238,289,937,146,126,117,1,-1,-1,-1
239,260,1155,29,81,72,1,-1,-1,-1
239,261,1115,330,185,161,1,-1,-1,-1
239,263,1043,600,325,275,1,-1,-1,-1
239,269,985,100,125,97,1,-1,-1,-1
239,289,936,148,127,117,1,-1,-1,-1
240,260,1156,29,80,71,1,-1,-1,-1
240,261,1115,325,184,155,1,-1,-1,-1
240,263,1045,587,316,272,1,-1,-1,-1
240,269,984,101,129,96,1,-1,-1,-1
240,289,935,150,127,118,1,-1,-1,-1
241,260,1156,30,80,70,1,-1,-1,-1
241,261,1115,323,185,150,1,-1,-1,-1
241,263,1045,574,317,271,1,-1,-1,-1
241,269,982,104,129,92,1,-1,-1,-1
241,289,933,153,128,119,1,-1,-1,-1
242,260,1156,30,80,70,1,-1,-1,-1
242,261,1118,309,178,155,1,-1,-1,-1
242,263,1046,564,314,270,1,-1,-1,-1
242,269,980,105,130,95,1,-1,-1,-1
242,289,931,155,130,120,1,-1,-1,-1
243,260,1156,31,80,69,1,-1,-1,-1
243,261,1117,302,180,158,1,-1,-1,-1
243,263,1046,547,310,262,1,-1,-1,-1
243,269,978,106,131,96,1,-1,-1,-1
243,289,928,158,131,122,1,-1,-1,-1
244,260,1156,32,80,68,1,-1,-1,-1
244,261,1115,297,182,155,1,-1,-1,-1
244,263,1054,541,295,253,1,-1,-1,-1
244,269,976,107,132,98,1,-1,-1,-1
244,289,926,160,132,123,1,-1,-1,-1
245,260,1157,33,80,68,1,-1,-1,-1
245,261,1115,292,180,150,1,-1,-1,-1
245,263,1056,527,285,249,1,-1,-1,-1
245,269,976,112,131,95,1,-1,-1,-1
245,289,924,163,134,124,1,-1,-1,-1
246,260,1157,33,79,67,1,-1,-1,-1
246,261,1115,290,177,145,1,-1,-1,-1
246,263,1056,512,283,250,1,-1,-1,-1
246,269,974,110,132,98,1,-1,-1,-1
246,289,922,165,135,125,1,-1,-1,-1
247,260,1157,34,79,66,1,-1,-1,-1
247,261,1117,290,173,140,1,-1,-1,-1
247,263,1056,501,278,250,1,-1,-1,-1
247,269,973,110,131,100,1,-1,-1,-1
247,289,919,168,136,126,1,-1,-1,-1
248,260,1157,35,79,65,1,-1,-1,-1
248,261,1117,274,173,146,1,-1,-1,-1
248,263,1059,479,275,255,1,-1,-1,-1
248,269,971,111,132,101,1,-1,-1,-1
248,289,917,170,137,128,1,-1,-1,-1
249,260,1157,35,79,65,1,-1,-1,-1
249,261,1114,268,176,147,1,-1,-1,-1
249,263,1061,477,271,245,1,-1,-1,-1
249,269,972,112,133,102,1,-1,-1,-1
249,289,915,173,139,129,1,-1,-1,-1
250,260,1157,36,79,64,1,-1,-1,-1
250,261,1113,263,176,145,1,-1,-1,-1
250,263,1062,469,267,237,1,-1,-1,-1
250,269,968,111,134,109,1,-1,-1,-1
250,289,913,175,140,130,1,-1,-1,-1
251,261,1114,259,173,143,1,-1,-1,-1
251,263,1063,459,263,235,1,-1,-1,-1
251,269,966,111,138,110,1,-1,-1,-1
251,289,910,178,141,131,1,-1,-1,-1
252,261,1117,257,168,140,1,-1,-1,-1
252,263,1065,451,256,233,1,-1,-1,-1
252,269,967,112,136,114,1,-1,-1,-1
252,289,908,180,143,132,1,-1,-1,-1
253,261,1120,255,164,136,1,-1,-1,-1
253,263,1068,444,246,230,1,-1,-1,-1
253,269,962,117,135,103,1,-1,-1,-1
253,289,906,183,144,134,1,-1,-1,-1
254,261,1121,247,161,134,1,-1,-1,-1
254,263,1070,439,241,223,1,-1,-1,-1
254,269,964,117,132,108,1,-1,-1,-1
254,289,904,185,145,135,1,-1,-1,-1
255,261,1120,243,161,138,1,-1,-1,-1
255,263,1071,413,239,234,1,-1,-1,-1
255,269,963,118,131,111,1,-1,-1,-1
255,289,901,188,147,136,1,-1,-1,-1
256,261,1118,238,164,136,1,-1,-1,-1
256,263,1071,408,239,228,1,-1,-1,-1
256,269,962,119,131,114,1,-1,-1,-1
256,289,899,190,148,137,1,-1,-1,-1
257,261,1117,233,164,134,1,-1,-1,-1
257,263,1071,400,237,222,1,-1,-1,-1
257,269,963,118,130,119,1,-1,-1,-1
257,289,897,193,149,138,1,-1,-1,-1
258,261,1117,230,161,131,1,-1,-1,-1
258,263,1071,389,235,222,1,-1,-1,-1
258,269,958,122,133,118,1,-1,-1,-1
258,289,895,195,150,140,1,-1,-1,-1
259,261,1119,227,155,130,1,-1,-1,-1
259,263,1072,380,232,222,1,-1,-1,-1
259,269,957,127,132,112,1,-1,-1,-1
259,289,892,198,152,141,1,-1,-1,-1
260,261,1121,224,151,131,1,-1,-1,-1
260,263,1073,373,232,220,1,-1,-1,-1
260,269,957,127,134,118,1,-1,-1,-1
260,289,890,200,153,142,1,-1,-1,-1
261,261,1121,220,149,132,1,-1,-1,-1
261,263,1074,368,232,213,1,-1,-1,-1
261,269,954,130,136,116,1,-1,-1,-1
261,289,887,204,156,144,1,-1,-1,-1
262,261,1119,215,151,124,1,-1,-1,-1
262,263,1077,345,229,222,1,-1,-1,-1
262,269,951,133,138,118,1,-1,-1,-1
262,289,883,207,159,147,1,-1,-1,-1
263,261,1118,213,152,125,1,-1,-1,-1
263,263,1074,351,227,198,1,-1,-1,-1
263,269,949,134,142,119,1,-1,-1,-1
263,289,880,211,162,149,1,-1,-1,-1
264,261,1119,208,151,124,1,-1,-1,-1
264,263,1077,342,221,200,1,-1,-1,-1
264,269,945,133,146,125,1,-1,-1,-1
264,289,876,215,166,151,1,-1,-1,-1
265,261,1121,203,147,124,1,-1,-1,-1
265,263,1081,335,213,201,1,-1,-1,-1
265,269,947,134,144,129,1,-1,-1,-1
265,289,873,218,169,154,1,-1,-1,-1
266,261,1122,197,144,125,1,-1,-1,-1
266,263,1085,331,205,184,1,-1,-1,-1
266,269,946,137,145,129,1,-1,-1,-1
266,289,869,222,172,156,1,-1,-1,-1
267,261,1123,195,141,123,1,-1,-1,-1
267,263,1085,321,201,194,1,-1,-1,-1
267,269,944,143,145,120,1,-1,-1,-1
267,289,866,226,175,158,1,-1,-1,-1
268,261,1124,193,136,123,1,-1,-1,-1
268,263,1084,314,202,195,1,-1,-1,-1
268,269,940,144,149,121,1,-1,-1,-1
268,289,862,229,178,160,1,-1,-1,-1
269,261,1125,190,134,122,1,-1,-1,-1
269,263,1086,307,200,191,1,-1,-1,-1
269,269,936,143,154,129,1,-1,-1,-1
269,289,859,233,181,163,1,-1,-1,-1
270,261,1127,187,135,123,1,-1,-1,-1
270,263,1087,306,198,185,1,-1,-1,-1
270,269,939,146,152,127,1,-1,-1,-1
270,289,856,237,185,165,1,-1,-1,-1
271,261,1126,185,140,113,1,-1,-1,-1
271,263,1089,297,195,176,1,-1,-1,-1
271,269,936,146,152,135,1,-1,-1,-1
271,289,852,240,188,167,1,-1,-1,-1
272,261,1126,184,143,112,1,-1,-1,-1
272,263,1088,289,194,183,1,-1,-1,-1
272,269,936,154,150,124,1,-1,-1,-1
272,289,849,244,191,170,1,-1,-1,-1
273,261,1127,181,140,110,1,-1,-1,-1
273,263,1089,282,191,183,1,-1,-1,-1
273,269,934,150,151,132,1,-1,-1,-1
273,289,845,247,194,172,1,-1,-1,-1
274,261,1129,179,136,108,1,-1,-1,-1
274,263,1089,275,189,183,1,-1,-1,-1
274,269,933,154,149,133,1,-1,-1,-1
274,289,842,251,197,174,1,-1,-1,-1
275,261,1130,176,133,106,1,-1,-1,-1
275,263,1091,271,187,179,1,-1,-1,-1
275,269,932,156,150,136,1,-1,-1,-1
275,289,838,255,200,177,1,-1,-1,-1
276,261,1132,173,129,104,1,-1,-1,-1
276,263,1095,265,182,168,1,-1,-1,-1
276,269,930,159,153,134,1,-1,-1,-1
276,289,835,258,203,179,1,-1,-1,-1
277,261,1133,170,126,102,1,-1,-1,-1
277,263,1094,259,184,174,1,-1,-1,-1
277,269,927,168,156,129,1,-1,-1,-1
277,289,831,262,207,181,1,-1,-1,-1
278,261,1135,168,122,100,1,-1,-1,-1
278,263,1094,254,183,173,1,-1,-1,-1
278,269,925,163,158,139,1,-1,-1,-1
278,289,828,266,210,183,1,-1,-1,-1
279,261,1136,165,119,98,1,-1,-1,-1
279,263,1087,256,182,161,1,-1,-1,-1
279,269,924,172,155,132,1,-1,-1,-1
279,289,824,269,213,186,1,-1,-1,-1
280,261,1136,162,120,99,1,-1,-1,-1
280,263,1088,252,180,156,1,-1,-1,-1
280,269,921,170,158,138,1,-1,-1,-1
280,289,821,273,216,188,1,-1,-1,-1
281,261,1136,160,121,99,1,-1,-1,-1
281,263,1089,247,178,155,1,-1,-1,-1
281,269,920,172,157,139,1,-1,-1,-1
281,289,819,277,217,190,1,-1,-1,-1
282,261,1136,157,121,100,1,-1,-1,-1
282,263,1095,242,180,160,1,-1,-1,-1
282,269,921,172,160,141,1,-1,-1,-1
282,289,815,282,218,191,1,-1,-1,-1
283,261,1136,154,122,100,1,-1,-1,-1
283,263,1100,234,169,155,1,-1,-1,-1
283,269,921,172,162,143,1,-1,-1,-1
283,289,812,288,219,193,1,-1,-1,-1
284,261,1136,151,123,101,1,-1,-1,-1
284,263,1100,230,169,154,1,-1,-1,-1
284,269,913,176,166,146,1,-1,-1,-1
284,289,808,294,221,195,1,-1,-1,-1
285,261,1136,149,124,101,1,-1,-1,-1
285,263,1100,225,168,154,1,-1,-1,-1
285,269,911,178,166,144,1,-1,-1,-1
285,289,805,300,222,196,1,-1,-1,-1
286,261,1136,146,124,102,1,-1,-1,-1
286,263,1100,219,168,154,1,-1,-1,-1
286,269,908,182,167,143,1,-1,-1,-1
286,289,802,305,224,198,1,-1,-1,-1
287,261,1136,143,125,102,1,-1,-1,-1
287,263,1101,214,166,154,1,-1,-1,-1
287,269,909,186,165,144,1,-1,-1,-1
287,289,798,311,226,199,1,-1,-1,-1
288,261,1136,140,125,103,1,-1,-1,-1
288,263,1101,212,166,153,1,-1,-1,-1
288,269,907,188,169,149,1,-1,-1,-1
288,289,795,317,228,201,1,-1,-1,-1
289,261,1136,138,125,101,1,-1,-1,-1
289,263,1102,209,166,153,1,-1,-1,-1
289,269,908,191,166,149,1,-1,-1,-1
289,289,791,323,229,202,1,-1,-1,-1
290,261,1135,134,127,100,1,-1,-1,-1
290,263,1107,204,158,144,1,-1,-1,-1
290,269,905,195,168,147,1,-1,-1,-1
290,289,788,328,231,205,1,-1,-1,-1
291,261,1136,132,125,99,1,-1,-1,-1
291,263,1107,202,160,145,1,-1,-1,-1
291,269,899,196,168,151,1,-1,-1,-1
291,289,784,334,232,206,1,-1,-1,-1
292,261,1137,131,122,97,1,-1,-1,-1
292,263,1107,200,160,145,1,-1,-1,-1
292,269,900,194,168,155,1,-1,-1,-1
292,289,780,340,234,208,1,-1,-1,-1
293,261,1138,129,120,96,1,-1,-1,-1
293,263,1107,197,158,144,1,-1,-1,-1
293,269,900,198,169,156,1,-1,-1,-1
293,289,777,346,235,209,1,-1,-1,-1
294,261,1139,127,118,95,1,-1,-1,-1
294,263,1107,195,157,142,1,-1,-1,-1
294,269,897,200,172,163,1,-1,-1,-1
294,289,774,350,238,211,1,-1,-1,-1
295,261,1140,126,116,93,1,-1,-1,-1
295,263,1106,191,157,140,1,-1,-1,-1
295,269,890,206,173,163,1,-1,-1,-1
295,289,770,356,239,212,1,-1,-1,-1
296,261,1140,124,113,92,1,-1,-1,-1
296,263,1108,186,154,139,1,-1,-1,-1
296,269,889,210,172,164,1,-1,-1,-1
296,289,767,362,241,215,1,-1,-1,-1
297,261,1141,123,111,90,1,-1,-1,-1
297,263,1110,182,152,139,1,-1,-1,-1
297,269,892,212,171,171,1,-1,-1,-1
297,289,763,368,242,216,1,-1,-1,-1
298,261,1142,121,109,89,1,-1,-1,-1
298,263,1112,179,147,139,1,-1,-1,-1
298,269,891,218,171,168,1,-1,-1,-1
298,289,760,373,244,218,1,-1,-1,-1
299,261,1143,119,107,88,1,-1,-1,-1
299,263,1117,177,142,125,1,-1,-1,-1
299,269,887,219,173,169,1,-1,-1,-1
299,289,757,379,245,219,1,-1,-1,-1
300,261,1144,118,104,86,1,-1,-1,-1
300,263,1116,174,143,127,1,-1,-1,-1
300,269,887,230,174,164,1,-1,-1,-1
300,289,753,385,248,221,1,-1,-1,-1
301,261,1145,116,102,85,1,-1,-1,-1
301,263,1115,170,143,125,1,-1,-1,-1
301,269,889,231,167,164,1,-1,-1,-1
301,289,750,391,249,222,1,-1,-1,-1
302,261,1145,114,102,85,1,-1,-1,-1
302,263,1112,167,145,124,1,-1,-1,-1
302,269,888,231,167,166,1,-1,-1,-1
302,289,747,397,251,224,1,-1,-1,-1
303,261,1145,113,101,85,1,-1,-1,-1
303,263,1112,165,146,124,1,-1,-1,-1
303,269,886,237,169,166,1,-1,-1,-1
303,289,739,403,256,229,1,-1,-1,-1
304,261,1145,111,101,85,1,-1,-1,-1
304,263,1111,163,147,123,1,-1,-1,-1
304,269,882,240,172,172,1,-1,-1,-1
304,289,732,408,262,234,1,-1,-1,-1
305,261,1145,109,100,84,1,-1,-1,-1
305,263,1112,158,145,127,1,-1,-1,-1
305,269,882,244,171,173,1,-1,-1,-1
305,289,725,415,267,239,1,-1,-1,-1
306,261,1145,108,100,84,1,-1,-1,-1
306,263,1112,155,145,129,1,-1,-1,-1
306,269,879,246,169,176,1,-1,-1,-1
306,289,718,421,273,244,1,-1,-1,-1
307,261,1145,106,99,84,1,-1,-1,-1
307,263,1113,151,142,130,1,-1,-1,-1
307,269,878,250,173,174,1,-1,-1,-1
307,289,710,427,278,249,1,-1,-1,-1
308,261,1145,104,99,84,1,-1,-1,-1
308,263,1115,150,139,129,1,-1,-1,-1
308,269,876,250,175,178,1,-1,-1,-1
308,289,704,433,285,254,1,-1,-1,-1
309,261,1145,103,98,84,1,-1,-1,-1
309,263,1118,147,133,129,1,-1,-1,-1
309,269,872,256,182,175,1,-1,-1,-1
309,289,697,439,290,259,1,-1,-1,-1
310,261,1145,101,98,84,1,-1,-1,-1
310,263,1119,148,131,124,1,-1,-1,-1
310,269,872,262,184,176,1,-1,-1,-1
310,289,690,445,296,264,1,-1,-1,-1
311,261,1145,100,97,84,1,-1,-1,-1
311,263,1117,142,139,118,1,-1,-1,-1
311,269,869,268,182,176,1,-1,-1,-1
311,289,682,452,301,268,1,-1,-1,-1
312,261,1145,98,97,83,1,-1,-1,-1
312,263,1117,141,139,117,1,-1,-1,-1
312,269,866,272,184,180,1,-1,-1,-1
312,289,675,458,307,274,1,-1,-1,-1
313,263,1116,137,139,119,1,-1,-1,-1
313,269,859,275,190,186,1,-1,-1,-1
313,289,669,464,314,279,1,-1,-1,-1
314,263,1118,134,135,120,1,-1,-1,-1
314,269,857,283,191,183,1,-1,-1,-1
314,289,659,474,319,283,1,-1,-1,-1
315,263,1119,131,133,119,1,-1,-1,-1
315,269,857,288,191,183,1,-1,-1,-1
315,289,648,484,325,287,1,-1,-1,-1
316,263,1118,126,132,121,1,-1,-1,-1
316,269,853,293,194,184,1,-1,-1,-1
316,289,638,494,330,290,1,-1,-1,-1
317,263,1118,122,132,122,1,-1,-1,-1
317,269,845,295,202,190,1,-1,-1,-1
317,289,629,505,336,295,1,-1,-1,-1
318,263,1117,119,132,122,1,-1,-1,-1
318,269,837,300,207,190,1,-1,-1,-1
318,289,619,514,341,298,1,-1,-1,-1
319,263,1117,119,132,120,1,-1,-1,-1
319,269,835,306,205,191,1,-1,-1,-1
319,289,608,524,347,303,1,-1,-1,-1
319,291,1074,46,67,54,1,-1,-1,-1
320,263,1117,118,132,119,1,-1,-1,-1
320,269,828,316,210,189,1,-1,-1,-1
320,289,598,534,352,306,1,-1,-1,-1
320,291,1074,46,67,54,1,-1,-1,-1
321,263,1118,118,132,116,1,-1,-1,-1
321,269,823,321,212,189,1,-1,-1,-1
321,289,589,545,358,310,1,-1,-1,-1
321,291,1073,45,67,55,1,-1,-1,-1
322,263,1119,116,131,114,1,-1,-1,-1
322,269,816,326,212,189,1,-1,-1,-1
322,289,579,555,363,314,1,-1,-1,-1
322,291,1073,45,67,55,1,-1,-1,-1
323,263,1119,114,130,113,1,-1,-1,-1
323,269,811,326,215,198,1,-1,-1,-1
323,289,568,565,369,318,1,-1,-1,-1
323,291,1073,44,67,55,1,-1,-1,-1
324,263,1120,111,130,111,1,-1,-1,-1
324,269,807,332,218,202,1,-1,-1,-1
324,289,558,574,374,321,1,-1,-1,-1
324,291,1072,44,67,55,1,-1,-1,-1
325,263,1120,109,129,110,1,-1,-1,-1
325,269,797,340,224,199,1,-1,-1,-1
325,289,549,585,380,326,1,-1,-1,-1
325,291,1072,43,68,56,1,-1,-1,-1
326,263,1121,107,128,108,1,-1,-1,-1
326,269,795,346,223,199,1,-1,-1,-1
326,289,539,595,385,330,1,-1,-1,-1
326,291,1071,43,68,56,1,-1,-1,-1
327,263,1120,104,128,108,1,-1,-1,-1
327,269,792,354,222,199,1,-1,-1,-1
327,289,528,605,391,333,1,-1,-1,-1
327,291,1071,42,68,56,1,-1,-1,-1
328,263,1121,102,127,108,1,-1,-1,-1
328,269,794,359,219,207,1,-1,-1,-1
328,289,519,616,396,338,1,-1,-1,-1
328,291,1071,42,68,56,1,-1,-1,-1
329,263,1121,100,126,107,1,-1,-1,-1
329,269,786,362,226,216,1,-1,-1,-1
329,289,509,626,402,341,1,-1,-1,-1
329,291,1070,41,68,57,1,-1,-1,-1
330,263,1122,98,124,107,1,-1,-1,-1
330,264,1027,827,369,253,1,-1,-1,-1
330,269,782,369,230,211,1,-1,-1,-1
330,289,499,635,407,345,1,-1,-1,-1
330,291,1070,41,68,57,1,-1,-1,-1
331,263,1122,96,123,106,1,-1,-1,-1
331,264,1011,801,402,279,1,-1,-1,-1
331,269,777,374,232,217,1,-1,-1,-1
331,289,488,645,413,349,1,-1,-1,-1
331,291,1069,41,69,58,1,-1,-1,-1
332,263,1121,96,124,103,1,-1,-1,-1
332,264,1019,781,387,299,1,-1,-1,-1
332,269,768,388,237,215,1,-1,-1,-1
332,289,479,656,418,353,1,-1,-1,-1
332,291,1068,41,69,58,1,-1,-1,-1
333,263,1121,95,125,103,1,-1,-1,-1
333,264,1015,754,395,290,1,-1,-1,-1
333,269,760,392,235,218,1,-1,-1,-1
333,289,469,666,424,356,1,-1,-1,-1
333,291,1068,41,70,59,1,-1,-1,-1
334,263,1121,94,124,105,1,-1,-1,-1
334,264,1023,742,384,292,1,-1,-1,-1
334,269,759,398,237,218,1,-1,-1,-1
334,289,459,676,429,361,1,-1,-1,-1
334,291,1067,41,70,59,1,-1,-1,-1
335,263,1122,93,123,104,1,-1,-1,-1
335,264,1028,728,373,282,1,-1,-1,-1
335,269,756,408,237,219,1,-1,-1,-1
335,289,448,685,435,364,1,-1,-1,-1
335,291,1066,41,71,60,1,-1,-1,-1
336,263,1122,91,122,104,1,-1,-1,-1
336,264,1032,716,367,275,1,-1,-1,-1
336,269,749,420,238,210,1,-1,-1,-1
336,289,439,696,440,369,1,-1,-1,-1
336,291,1065,41,71,60,1,-1,-1,-1
337,263,1123,90,121,103,1,-1,-1,-1
337,264,1031,692,370,266,1,-1,-1,-1
337,269,745,422,242,222,1,-1,-1,-1
337,289,429,706,446,372,1,-1,-1,-1
337,291,1064,40,72,61,1,-1,-1,-1
338,263,1123,88,119,103,1,-1,-1,-1
338,264,1037,683,360,260,1,-1,-1,-1
338,269,734,428,256,224,1,-1,-1,-1
338,289,419,716,451,364,1,-1,-1,-1
338,291,1063,40,72,61,1,-1,-1,-1
339,263,1124,87,118,102,1,-1,-1,-1
339,264,1042,672,351,253,1,-1,-1,-1
339,269,725,430,260,230,1,-1,-1,-1
339,289,409,728,458,352,1,-1,-1,-1
339,291,1063,40,73,62,1,-1,-1,-1
340,263,1124,86,117,102,1,-1,-1,-1
340,264,1044,658,349,250,1,-1,-1,-1
340,269,718,443,263,228,1,-1,-1,-1
340,289,412,746,430,334,1,-1,-1,-1
340,291,1062,40,73,62,1,-1,-1,-1
341,263,1125,84,116,101,1,-1,-1,-1
341,264,1046,650,345,244,1,-1,-1,-1
341,269,716,449,263,231,1,-1,-1,-1
341,289,415,764,401,316,1,-1,-1,-1
341,291,1061,40,74,63,1,-1,-1,-1
342,263,1126,83,115,101,1,-1,-1,-1
342,264,1053,630,336,242,1,-1,-1,-1
342,269,709,449,267,243,1,-1,-1,-1
342,291,1060,40,74,63,1,-1,-1,-1
343,263,1126,82,114,100,1,-1,-1,-1
343,264,1059,622,325,237,1,-1,-1,-1
343,269,700,459,275,238,1,-1,-1,-1
343,291,1059,41,74,63,1,-1,-1,-1
344,263,1127,80,113,100,1,-1,-1,-1
344,264,1062,611,318,231,1,-1,-1,-1
344,269,689,461,285,249,1,-1,-1,-1
344,291,1058,41,75,63,1,-1,-1,-1
345,263,1127,79,111,99,1,-1,-1,-1
345,264,1063,598,314,228,1,-1,-1,-1
345,269,689,468,281,251,1,-1,-1,-1
345,291,1057,42,75,64,1,-1,-1,-1
346,263,1128,77,110,99,1,-1,-1,-1
346,264,1065,589,310,223,1,-1,-1,-1
346,269,684,476,283,254,1,-1,-1,-1
346,291,1055,42,76,64,1,-1,-1,-1
347,263,1128,76,109,98,1,-1,-1,-1
347,264,1067,565,307,228,1,-1,-1,-1
347,269,672,492,298,252,1,-1,-1,-1
347,291,1054,43,76,64,1,-1,-1,-1
348,263,1129,75,108,98,1,-1,-1,-1
348,264,1073,557,296,223,1,-1,-1,-1
348,269,670,496,295,259,1,-1,-1,-1
348,291,1053,44,77,64,1,-1,-1,-1
349,263,1130,73,107,97,1,-1,-1,-1
349,264,1076,547,286,217,1,-1,-1,-1
349,269,670,503,288,260,1,-1,-1,-1
349,291,1052,44,77,64,1,-1,-1,-1
350,263,1130,72,106,97,1,-1,-1,-1
350,264,1074,536,282,213,1,-1,-1,-1
350,269,667,514,296,264,1,-1,-1,-1
350,291,1051,45,78,65,1,-1,-1,-1
351,263,1131,71,105,96,1,-1,-1,-1
351,264,1073,526,278,211,1,-1,-1,-1
351,269,666,525,294,264,1,-1,-1,-1
351,291,1050,45,78,65,1,-1,-1,-1
352,263,1131,69,103,96,1,-1,-1,-1
352,264,1074,519,274,210,1,-1,-1,-1
352,269,662,531,299,267,1,-1,-1,-1
352,291,1049,46,79,65,1,-1,-1,-1
353,263,1132,68,102,95,1,-1,-1,-1
353,264,1071,495,278,221,1,-1,-1,-1
353,269,656,549,306,266,1,-1,-1,-1
353,291,1048,47,79,65,1,-1,-1,-1
354,263,1132,66,101,95,1,-1,-1,-1
354,264,1074,489,272,215,1,-1,-1,-1
354,265,1040,841,353,239,1,-1,-1,-1
354,269,653,549,299,278,1,-1,-1,-1
354,291,1046,47,80,65,1,-1,-1,-1
355,263,1133,65,100,94,1,-1,-1,-1
355,264,1074,480,267,209,1,-1,-1,-1
355,265,1030,820,384,260,1,-1,-1,-1
355,269,646,558,306,278,1,-1,-1,-1
355,291,1045,48,80,66,1,-1,-1,-1
356,263,1134,64,99,93,1,-1,-1,-1
356,264,1073,470,265,206,1,-1,-1,-1
356,265,1038,802,367,278,1,-1,-1,-1
356,269,635,570,323,286,1,-1,-1,-1
356,291,1044,48,81,66,1,-1,-1,-1
357,263,1134,64,99,92,1,-1,-1,-1
357,264,1072,464,263,197,1,-1,-1,-1
357,265,1045,785,360,285,1,-1,-1,-1
357,269,633,579,319,285,1,-1,-1,-1
357,291,1043,49,81,66,1,-1,-1,-1
358,263,1135,63,98,92,1,-1,-1,-1
358,264,1072,458,260,187,1,-1,-1,-1
358,265,1041,762,367,271,1,-1,-1,-1
358,269,625,588,325,293,1,-1,-1,-1
358,291,1042,50,81,66,1,-1,-1,-1
359,263,1135,63,97,91,1,-1,-1,-1
359,264,1071,451,258,178,1,-1,-1,-1
359,265,1050,752,359,264,1,-1,-1,-1
359,269,615,603,327,287,1,-1,-1,-1
359,291,1042,50,81,67,1,-1,-1,-1
360,263,1136,62,97,90,1,-1,-1,-1
360,264,1070,445,255,168,1,-1,-1,-1
360,265,1052,738,352,259,1,-1,-1,-1
360,269,608,610,327,294,1,-1,-1,-1
360,291,1041,51,81,67,1,-1,-1,-1
361,263,1136,61,96,89,1,-1,-1,-1
361,264,1072,437,248,169,1,-1,-1,-1
361,265,1051,723,351,259,1,-1,-1,-1
361,269,601,626,339,300,1,-1,-1,-1
361,291,1040,52,81,67,1,-1,-1,-1
362,263,1137,61,95,88,1,-1,-1,-1
362,264,1075,426,241,168,1,-1,-1,-1
362,265,1053,715,348,254,1,-1,-1,-1
362,269,597,627,340,310,1,-1,-1,-1
362,291,1040,52,81,67,1,-1,-1,-1
363,263,1138,60,95,88,1,-1,-1,-1
363,264,1079,415,234,168,1,-1,-1,-1
363,265,1058,694,340,244,1,-1,-1,-1
363,269,590,641,345,307,1,-1,-1,-1
363,291,1039,53,81,68,1,-1,-1,-1
364,263,1138,59,94,87,1,-1,-1,-1
364,264,1082,404,227,167,1,-1,-1,-1
364,265,1065,681,328,241,1,-1,-1,-1
364,269,575,645,361,311,1,-1,-1,-1
364,291,1038,54,81,68,1,-1,-1,-1
365,263,1139,59,93,86,1,-1,-1,-1
365,264,1084,395,219,168,1,-1,-1,-1
365,265,1066,665,322,245,1,-1,-1,-1
365,269,574,655,356,329,1,-1,-1,-1
365,291,1038,54,81,68,1,-1,-1,-1
366,263,1139,58,93,85,1,-1,-1,-1
366,264,1084,385,216,165,1,-1,-1,-1
366,265,1065,652,320,248,1,-1,-1,-1
366,269,564,661,365,339,1,-1,-1,-1
366,291,1037,55,81,68,1,-1,-1,-1
367,263,1140,58,92,84,1,-1,-1,-1
367,264,1084,375,213,161,1,-1,-1,-1
367,265,1063,647,321,242,1,-1,-1,-1
367,269,563,678,351,338,1,-1,-1,-1
367,291,1036,56,81,69,1,-1,-1,-1
368,263,1140,57,91,83,1,-1,-1,-1
368,264,1088,370,207,158,1,-1,-1,-1
368,265,1069,632,311,233,1,-1,-1,-1
368,269,544,690,369,349,1,-1,-1,-1
368,291,1036,56,81,69,1,-1,-1,-1
369,263,1141,56,91,83,1,-1,-1,-1
369,264,1088,362,207,160,1,-1,-1,-1
369,265,1071,625,304,224,1,-1,-1,-1
369,269,530,696,366,366,1,-1,-1,-1
369,291,1035,57,81,69,1,-1,-1,-1
370,263,1142,56,90,82,1,-1,-1,-1
370,264,1088,357,207,157,1,-1,-1,-1
370,265,1072,612,299,224,1,-1,-1,-1
370,269,515,714,389,360,1,-1,-1,-1
370,291,1034,58,81,69,1,-1,-1,-1
371,263,1142,55,89,81,1,-1,-1,-1
371,264,1087,338,206,164,1,-1,-1,-1
371,265,1074,598,294,223,1,-1,-1,-1
371,269,510,720,389,360,1,-1,-1,-1
371,291,1034,58,81,70,1,-1,-1,-1
372,263,1143,54,89,80,1,-1,-1,-1
372,264,1089,332,201,162,1,-1,-1,-1
372,265,1074,588,286,222,1,-1,-1,-1
372,269,501,735,393,345,1,-1,-1,-1
372,291,1033,59,81,70,1,-1,-1,-1
373,263,1143,54,88,79,1,-1,-1,-1
373,264,1089,327,201,156,1,-1,-1,-1
373,265,1073,565,279,228,1,-1,-1,-1
373,269,497,758,392,322,1,-1,-1,-1
373,291,1031,60,82,71,1,-1,-1,-1
374,263,1144,53,87,79,1,-1,-1,-1
374,264,1089,325,202,150,1,-1,-1,-1
374,265,1073,561,277,219,1,-1,-1,-1
374,269,485,772,403,308,1,-1,-1,-1
374,291,1029,61,84,71,1,-1,-1,-1
375,263,1144,53,87,78,1,-1,-1,-1
375,264,1092,316,196,150,1,-1,-1,-1
375,265,1069,553,281,212,1,-1,-1,-1
375,291,1028,62,85,72,1,-1,-1,-1
376,263,1145,52,86,77,1,-1,-1,-1
376,264,1094,307,190,150,1,-1,-1,-1
376,265,1068,544,278,209,1,-1,-1,-1
376,291,1026,63,87,72,1,-1,-1,-1
377,263,1145,51,86,77,1,-1,-1,-1
377,264,1094,302,191,146,1,-1,-1,-1
377,265,1070,534,273,209,1,-1,-1,-1
377,291,1024,64,88,73,1,-1,-1,-1
378,263,1146,51,85,77,1,-1,-1,-1
378,264,1093,297,194,143,1,-1,-1,-1
378,265,1074,526,261,208,1,-1,-1,-1
378,291,1022,65,90,74,1,-1,-1,-1
379,263,1146,50,85,77,1,-1,-1,-1
379,264,1094,294,194,141,1,-1,-1,-1
379,265,1077,520,254,205,1,-1,-1,-1
379,291,1021,67,91,74,1,-1,-1,-1
380,263,1146,49,85,77,1,-1,-1,-1
380,264,1098,284,189,143,1,-1,-1,-1
380,265,1076,489,255,223,1,-1,-1,-1
380,291,1019,68,93,75,1,-1,-1,-1
381,263,1146,49,85,76,1,-1,-1,-1
381,264,1101,273,184,145,1,-1,-1,-1
381,265,1073,484,256,215,1,-1,-1,-1
381,291,1017,69,94,76,1,-1,-1,-1
382,263,1147,48,84,76,1,-1,-1,-1
382,264,1102,269,184,142,1,-1,-1,-1
382,265,1071,476,257,209,1,-1,-1,-1
382,291,1015,70,96,76,1,-1,-1,-1
383,263,1147,47,84,76,1,-1,-1,-1
383,264,1102,265,185,139,1,-1,-1,-1
383,265,1071,472,253,196,1,-1,-1,-1
383,291,1014,71,97,77,1,-1,-1,-1
384,263,1147,47,84,76,1,-1,-1,-1
384,264,1103,261,186,135,1,-1,-1,-1
384,265,1071,467,248,182,1,-1,-1,-1
384,291,1012,72,99,77,1,-1,-1,-1
385,263,1148,46,83,76,1,-1,-1,-1
385,264,1105,259,185,133,1,-1,-1,-1
385,265,1073,461,243,179,1,-1,-1,-1
385,291,1010,73,100,78,1,-1,-1,-1
386,263,1148,46,83,76,1,-1,-1,-1
386,264,1110,252,179,133,1,-1,-1,-1
386,265,1073,450,238,177,1,-1,-1,-1
386,291,1008,74,101,79,1,-1,-1,-1
387,263,1148,45,83,76,1,-1,-1,-1
387,264,1114,245,172,132,1,-1,-1,-1
387,265,1073,438,233,175,1,-1,-1,-1
387,291,1007,75,102,80,1,-1,-1,-1
388,263,1149,44,82,76,1,-1,-1,-1
388,264,1113,241,173,132,1,-1,-1,-1
388,265,1074,429,229,176,1,-1,-1,-1
388,291,1005,76,103,80,1,-1,-1,-1
389,263,1149,44,82,75,1,-1,-1,-1
389,264,1113,236,174,130,1,-1,-1,-1
389,265,1075,424,227,174,1,-1,-1,-1
389,291,1003,77,105,81,1,-1,-1,-1
390,263,1149,43,82,75,1,-1,-1,-1
390,264,1113,232,172,125,1,-1,-1,-1
390,265,1080,409,215,168,1,-1,-1,-1
390,291,1001,78,106,82,1,-1,-1,-1
390,292,1067,46,73,52,1,-1,-1,-1
391,263,1149,42,82,75,1,-1,-1,-1
391,264,1114,228,168,125,1,-1,-1,-1
391,265,1082,401,211,172,1,-1,-1,-1
391,291,1000,79,107,83,1,-1,-1,-1
391,292,1066,45,73,53,1,-1,-1,-1
392,263,1150,42,81,75,1,-1,-1,-1
392,264,1117,224,163,127,1,-1,-1,-1
392,265,1084,392,208,175,1,-1,-1,-1
392,291,998,80,108,83,1,-1,-1,-1
392,292,1065,45,74,54,1,-1,-1,-1
393,263,1150,41,81,75,1,-1,-1,-1
393,264,1117,219,160,118,1,-1,-1,-1
393,265,1083,388,209,172,1,-1,-1,-1
393,291,996,81,109,84,1,-1,-1,-1
393,292,1064,44,74,55,1,-1,-1,-1
394,263,1150,41,81,75,1,-1,-1,-1
394,264,1116,216,160,120,1,-1,-1,-1
394,265,1085,376,204,165,1,-1,-1,-1
394,291,993,82,112,85,1,-1,-1,-1
394,292,1062,43,75,56,1,-1,-1,-1
395,263,1150,40,81,75,1,-1,-1,-1
395,264,1113,213,162,120,1,-1,-1,-1
395,265,1085,367,200,169,1,-1,-1,-1
395,291,990,83,116,87,1,-1,-1,-1
395,292,1061,42,75,57,1,-1,-1,-1
396,263,1150,40,81,75,1,-1,-1,-1
396,264,1112,209,161,118,1,-1,-1,-1
396,265,1086,361,198,168,1,-1,-1,-1
396,291,988,84,118,88,1,-1,-1,-1
396,292,1060,42,76,58,1,-1,-1,-1
397,263,1150,39,81,75,1,-1,-1,-1
397,264,1112,203,158,119,1,-1,-1,-1
397,265,1086,357,196,165,1,-1,-1,-1
397,291,987,84,119,88,1,-1,-1,-1
397,292,1059,41,76,59,1,-1,-1,-1
398,263,1150,39,81,75,1,-1,-1,-1
398,264,1113,197,154,120,1,-1,-1,-1
398,265,1087,355,195,160,1,-1,-1,-1
398,291,987,84,119,87,1,-1,-1,-1
398,292,1058,41,77,59,1,-1,-1,-1
399,263,1150,38,81,75,1,-1,-1,-1
399,264,1114,193,150,121,1,-1,-1,-1
399,265,1090,340,189,157,1,-1,-1,-1
399,291,987,85,117,86,1,-1,-1,-1
399,292,1057,41,77,59,1,-1,-1,-1
400,263,1150,38,81,75,1,-1,-1,-1
400,264,1114,191,147,118,1,-1,-1,-1
400,265,1091,333,188,158,1,-1,-1,-1
400,291,986,87,117,87,1,-1,-1,-1
400,292,1056,42,78,60,1,-1,-1,-1
401,263,1150,38,80,74,1,-1,-1,-1
401,264,1115,190,144,114,1,-1,-1,-1
401,265,1091,329,188,153,1,-1,-1,-1
401,291,985,88,117,87,1,-1,-1,-1
401,292,1055,42,78,60,1,-1,-1,-1
402,263,1150,37,80,74,1,-1,-1,-1
402,264,1117,188,143,105,1,-1,-1,-1
402,265,1091,324,188,150,1,-1,-1,-1
402,291,984,90,118,88,1,-1,-1,-1
402,292,1054,42,79,60,1,-1,-1,-1
403,263,1150,37,80,74,1,-1,-1,-1
403,264,1117,186,144,106,1,-1,-1,-1
403,265,1089,322,190,149,1,-1,-1,-1
403,291,983,91,118,88,1,-1,-1,-1
403,292,1053,42,79,60,1,-1,-1,-1
404,263,1150,36,80,74,1,-1,-1,-1
404,264,1118,184,143,106,1,-1,-1,-1
404,265,1094,309,182,147,1,-1,-1,-1
404,291,982,93,118,89,1,-1,-1,-1
404,292,1052,42,80,60,1,-1,-1,-1
405,263,1150,36,80,74,1,-1,-1,-1
405,264,1119,180,141,107,1,-1,-1,-1
405,265,1094,303,182,149,1,-1,-1,-1
405,291,981,95,118,89,1,-1,-1,-1
405,292,1051,43,80,61,1,-1,-1,-1
406,263,1150,35,80,74,1,-1,-1,-1
406,264,1122,175,139,109,1,-1,-1,-1
406,265,1095,298,180,146,1,-1,-1,-1
406,291,980,96,119,90,1,-1,-1,-1
406,292,1050,43,81,61,1,-1,-1,-1
407,263,1150,35,80,74,1,-1,-1,-1
407,264,1125,169,136,111,1,-1,-1,-1
407,265,1095,296,178,143,1,-1,-1,-1
407,291,979,98,119,90,1,-1,-1,-1
407,292,1049,43,81,61,1,-1,-1,-1
408,263,1149,35,81,74,1,-1,-1,-1
408,264,1126,164,136,114,1,-1,-1,-1
408,265,1095,293,178,140,1,-1,-1,-1
408,291,979,99,119,91,1,-1,-1,-1
408,292,1046,44,85,64,1,-1,-1,-1
409,263,1147,35,82,74,1,-1,-1,-1
409,264,1127,159,136,118,1,-1,-1,-1
409,265,1097,292,174,136,1,-1,-1,-1
409,291,978,101,119,91,1,-1,-1,-1
409,292,1044,45,89,67,1,-1,-1,-1
410,263,1146,35,83,75,1,-1,-1,-1
410,264,1128,156,138,115,1,-1,-1,-1
410,265,1092,279,175,135,1,-1,-1,-1
410,291,977,102,120,92,1,-1,-1,-1
410,292,1041,45,93,69,1,-1,-1,-1
411,263,1144,34,84,75,1,-1,-1,-1
411,264,1130,152,139,112,1,-1,-1,-1
411,265,1099,273,169,138,1,-1,-1,-1
411,291,976,104,120,92,1,-1,-1,-1
411,292,1038,46,97,72,1,-1,-1,-1
412,263,1143,34,85,75,1,-1,-1,-1
412,264,1131,149,141,109,1,-1,-1,-1
412,265,1099,268,168,135,1,-1,-1,-1
412,291,975,106,120,93,1,-1,-1,-1
412,292,1038,47,96,72,1,-1,-1,-1
413,263,1141,34,86,75,1,-1,-1,-1
413,264,1132,148,142,108,1,-1,-1,-1
413,265,1100,265,166,132,1,-1,-1,-1
413,291,974,107,120,93,1,-1,-1,-1
413,292,1038,47,95,71,1,-1,-1,-1
414,263,1136,34,89,74,1,-1,-1,-1
414,264,1132,145,142,110,1,-1,-1,-1
414,265,1102,262,164,130,1,-1,-1,-1
414,291,973,109,121,94,1,-1,-1,-1
414,292,1038,48,94,71,1,-1,-1,-1
415,263,1132,34,91,73,1,-1,-1,-1
415,264,1132,141,142,111,1,-1,-1,-1
415,265,1103,261,163,128,1,-1,-1,-1
415,291,972,110,121,94,1,-1,-1,-1
415,292,1038,48,94,71,1,-1,-1,-1
416,263,1127,35,94,72,1,-1,-1,-1
416,264,1133,138,140,111,1,-1,-1,-1
416,265,1104,248,160,124,1,-1,-1,-1
416,291,971,112,121,95,1,-1,-1,-1
416,292,1038,49,93,71,1,-1,-1,-1
417,263,1122,35,97,70,1,-1,-1,-1
417,264,1135,135,140,111,1,-1,-1,-1
417,265,1104,245,161,125,1,-1,-1,-1
417,291,970,114,121,95,1,-1,-1,-1
417,292,1038,50,92,70,1,-1,-1,-1
418,263,1118,35,99,69,1,-1,-1,-1
418,264,1136,133,138,110,1,-1,-1,-1
418,265,1094,238,168,131,1,-1,-1,-1
418,291,969,116,121,95,1,-1,-1,-1
418,292,1038,50,91,70,1,-1,-1,-1
419,263,1113,35,102,68,1,-1,-1,-1
419,264,1136,131,136,109,1,-1,-1,-1
419,265,1095,234,167,128,1,-1,-1,-1
419,291,968,117,121,96,1,-1,-1,-1
419,292,1037,51,90,70,1,-1,-1,-1
420,263,1105,35,106,68,1,-1,-1,-1
420,264,1137,128,133,107,1,-1,-1,-1
420,265,1098,232,163,125,1,-1,-1,-1
420,291,967,119,121,96,1,-1,-1,-1
420,292,1037,51,89,70,1,-1,-1,-1
421,263,1096,35,109,67,1,-1,-1,-1
421,264,1137,126,131,106,1,-1,-1,-1
421,265,1101,229,156,124,1,-1,-1,-1
421,291,966,121,121,96,1,-1,-1,-1
421,292,1037,52,88,69,1,-1,-1,-1
422,263,1088,36,113,67,1,-1,-1,-1
422,264,1138,124,129,105,1,-1,-1,-1
422,265,1103,227,152,124,1,-1,-1,-1
422,291,965,121,122,97,1,-1,-1,-1
422,292,1037,53,87,69,1,-1,-1,-1
423,263,1079,36,116,67,1,-1,-1,-1
423,264,1139,122,128,103,1,-1,-1,-1
423,265,1104,225,150,123,1,-1,-1,-1
423,291,965,122,119,98,1,-1,-1,-1
423,292,1037,53,87,69,1,-1,-1,-1
424,263,1071,36,120,66,1,-1,-1,-1
424,264,1139,122,127,101,1,-1,-1,-1
424,265,1104,225,150,121,1,-1,-1,-1
424,291,965,123,116,99,1,-1,-1,-1
424,292,1037,54,86,69,1,-1,-1,-1
425,263,1062,36,123,66,1,-1,-1,-1
425,264,1140,119,125,98,1,-1,-1,-1
425,265,1101,213,157,122,1,-1,-1,-1
425,291,965,125,114,101,1,-1,-1,-1
425,292,1037,54,85,68,1,-1,-1,-1
426,263,1050,36,126,67,1,-1,-1,-1
426,264,1139,118,125,99,1,-1,-1,-1
426,265,1108,208,151,122,1,-1,-1,-1
426,291,965,126,111,102,1,-1,-1,-1
426,292,1037,55,84,68,1,-1,-1,-1
427,263,1037,36,130,67,1,-1,-1,-1
427,264,1137,117,125,98,1,-1,-1,-1
427,265,1110,205,150,121,1,-1,-1,-1
427,291,965,127,108,103,1,-1,-1,-1
427,292,1035,56,85,69,1,-1,-1,-1
428,263,1025,35,133,68,1,-1,-1,-1
428,264,1137,115,125,97,1,-1,-1,-1
428,265,1113,202,149,119,1,-1,-1,-1
428,291,961,130,112,104,1,-1,-1,-1
428,292,1033,57,87,70,1,-1,-1,-1
429,263,1013,35,137,68,1,-1,-1,-1
429,264,1136,113,125,96,1,-1,-1,-1
429,265,1115,199,147,118,1,-1,-1,-1
429,291,958,133,117,106,1,-1,-1,-1
429,292,1031,58,88,71,1,-1,-1,-1
430,263,1000,35,140,69,1,-1,-1,-1
430,264,1135,111,125,88,1,-1,-1,-1
430,265,1117,196,146,117,1,-1,-1,-1
430,291,954,135,121,107,1,-1,-1,-1
430,292,1029,60,90,72,1,-1,-1,-1
431,263,988,35,143,69,1,-1,-1,-1
431,264,1134,109,124,88,1,-1,-1,-1
431,265,1119,193,145,115,1,-1,-1,-1
431,291,951,138,126,109,1,-1,-1,-1
431,292,1027,61,91,73,1,-1,-1,-1
432,263,975,34,147,70,1,-1,-1,-1
432,264,1133,107,125,88,1,-1,-1,-1
432,265,1122,190,144,114,1,-1,-1,-1
432,291,947,141,130,110,1,-1,-1,-1
432,292,1025,62,92,74,1,-1,-1,-1
433,263,963,34,150,70,1,-1,-1,-1
433,264,1133,105,124,88,1,-1,-1,-1
433,265,1124,187,142,112,1,-1,-1,-1
433,291,946,145,130,110,1,-1,-1,-1
433,292,1023,63,94,75,1,-1,-1,-1
434,264,1133,104,124,88,1,-1,-1,-1
434,265,1126,184,141,111,1,-1,-1,-1
434,291,944,147,130,111,1,-1,-1,-1
434,292,1021,64,95,76,1,-1,-1,-1
435,264,1133,102,124,88,1,-1,-1,-1
435,265,1128,181,141,111,1,-1,-1,-1
435,291,944,147,129,114,1,-1,-1,-1
435,292,1019,65,96,77,1,-1,-1,-1
436,264,1133,101,123,88,1,-1,-1,-1
436,265,1130,179,139,111,1,-1,-1,-1
436,291,941,147,130,116,1,-1,-1,-1
436,292,1017,67,98,78,1,-1,-1,-1
437,264,1133,100,123,88,1,-1,-1,-1
437,265,1132,174,138,111,1,-1,-1,-1
437,291,941,154,130,113,1,-1,-1,-1
437,292,1015,68,99,79,1,-1,-1,-1
438,264,1133,98,122,88,1,-1,-1,-1
438,265,1136,171,134,110,1,-1,-1,-1
438,291,939,155,133,114,1,-1,-1,-1
438,292,1013,69,101,80,1,-1,-1,-1
439,264,1133,97,122,88,1,-1,-1,-1
439,265,1136,166,133,112,1,-1,-1,-1
439,291,938,155,134,118,1,-1,-1,-1
439,292,1011,70,102,81,1,-1,-1,-1
440,264,1134,95,121,88,1,-1,-1,-1
440,265,1137,162,133,113,1,-1,-1,-1
440,291,942,152,128,128,1,-1,-1,-1
440,292,1010,72,103,81,1,-1,-1,-1
441,264,1134,94,121,88,1,-1,-1,-1
441,265,1137,159,134,116,1,-1,-1,-1
441,291,941,156,129,125,1,-1,-1,-1
441,292,1009,73,104,81,1,-1,-1,-1
442,264,1135,93,118,87,1,-1,-1,-1
442,265,1138,160,130,107,1,-1,-1,-1
442,291,939,160,130,123,1,-1,-1,-1
442,292,1008,75,106,81,1,-1,-1,-1
443,264,1137,91,116,85,1,-1,-1,-1
443,265,1139,159,129,105,1,-1,-1,-1
443,291,938,164,132,122,1,-1,-1,-1
443,292,1007,76,107,81,1,-1,-1,-1
444,264,1138,90,113,84,1,-1,-1,-1
444,265,1140,159,128,101,1,-1,-1,-1
444,291,936,168,134,122,1,-1,-1,-1
444,292,1006,78,108,81,1,-1,-1,-1
445,264,1139,89,111,83,1,-1,-1,-1
445,265,1140,156,127,99,1,-1,-1,-1
445,291,934,172,136,122,1,-1,-1,-1
445,292,1004,79,109,80,1,-1,-1,-1
446,264,1140,88,108,81,1,-1,-1,-1
446,265,1140,153,126,98,1,-1,-1,-1
446,291,932,175,136,123,1,-1,-1,-1
446,292,1003,81,110,80,1,-1,-1,-1
447,264,1142,86,106,80,1,-1,-1,-1
447,265,1140,150,125,96,1,-1,-1,-1
447,291,931,176,139,125,1,-1,-1,-1
447,292,1002,82,112,80,1,-1,-1,-1
448,264,1143,85,103,78,1,-1,-1,-1
448,265,1138,148,127,95,1,-1,-1,-1
448,291,931,177,139,127,1,-1,-1,-1
448,292,1001,84,113,80,1,-1,-1,-1
449,264,1144,84,101,77,1,-1,-1,-1
449,265,1138,145,124,95,1,-1,-1,-1
449,291,926,184,145,127,1,-1,-1,-1
449,292,1000,85,114,80,1,-1,-1,-1
450,264,1145,83,98,76,1,-1,-1,-1
450,265,1139,141,121,94,1,-1,-1,-1
450,291,925,186,147,128,1,-1,-1,-1
450,292,1000,87,113,80,1,-1,-1,-1
451,264,1147,81,96,74,1,-1,-1,-1
451,265,1139,138,119,94,1,-1,-1,-1
451,291,923,189,143,128,1,-1,-1,-1
451,292,999,88,112,80,1,-1,-1,-1
452,264,1148,80,93,73,1,-1,-1,-1
452,265,1139,134,116,93,1,-1,-1,-1
452,291,922,193,143,127,1,-1,-1,-1
452,292,999,90,111,80,1,-1,-1,-1
453,264,1148,79,93,73,1,-1,-1,-1
453,265,1140,131,113,93,1,-1,-1,-1
453,291,921,196,144,128,1,-1,-1,-1
453,292,998,91,110,80,1,-1,-1,-1
454,264,1147,77,93,73,1,-1,-1,-1
454,265,1140,127,110,92,1,-1,-1,-1
454,291,918,199,147,129,1,-1,-1,-1
454,292,998,93,109,80,1,-1,-1,-1
455,264,1147,76,93,72,1,-1,-1,-1
455,265,1139,125,112,92,1,-1,-1,-1
455,291,917,202,150,132,1,-1,-1,-1
455,292,997,94,109,81,1,-1,-1,-1
456,264,1147,74,93,72,1,-1,-1,-1
456,265,1138,123,114,92,1,-1,-1,-1
456,291,916,205,149,134,1,-1,-1,-1
456,292,997,96,108,81,1,-1,-1,-1
457,264,1147,73,93,72,1,-1,-1,-1
457,265,1137,121,115,91,1,-1,-1,-1
457,291,915,208,146,138,1,-1,-1,-1
457,292,996,97,107,81,1,-1,-1,-1
458,264,1146,72,92,72,1,-1,-1,-1
458,265,1136,119,117,91,1,-1,-1,-1
458,291,913,210,146,136,1,-1,-1,-1
458,292,996,99,106,81,1,-1,-1,-1
459,264,1146,70,92,72,1,-1,-1,-1
459,265,1135,117,119,91,1,-1,-1,-1
459,291,907,216,154,139,1,-1,-1,-1
459,292,995,100,105,81,1,-1,-1,-1
460,264,1146,69,92,71,1,-1,-1,-1
460,265,1134,117,121,91,1,-1,-1,-1
460,291,904,218,157,138,1,-1,-1,-1
460,292,995,102,104,81,1,-1,-1,-1
461,264,1145,67,92,71,1,-1,-1,-1
461,265,1133,114,121,94,1,-1,-1,-1
461,291,901,222,161,136,1,-1,-1,-1
461,292,993,104,106,82,1,-1,-1,-1
462,264,1145,66,92,71,1,-1,-1,-1
462,265,1133,114,121,91,1,-1,-1,-1
462,291,900,226,162,138,1,-1,-1,-1
462,292,991,105,109,84,1,-1,-1,-1
463,264,1145,65,91,71,1,-1,-1,-1
463,265,1131,111,123,92,1,-1,-1,-1
463,291,898,229,162,142,1,-1,-1,-1
463,292,989,107,111,85,1,-1,-1,-1
464,264,1145,64,91,71,1,-1,-1,-1
464,265,1133,109,121,91,1,-1,-1,-1
464,291,898,231,161,146,1,-1,-1,-1
464,292,987,109,113,86,1,-1,-1,-1
465,264,1145,63,90,71,1,-1,-1,-1
465,265,1133,107,120,90,1,-1,-1,-1
465,291,898,235,158,147,1,-1,-1,-1
465,292,985,110,115,88,1,-1,-1,-1
466,264,1145,63,89,71,1,-1,-1,-1
466,265,1133,105,118,89,1,-1,-1,-1
466,291,898,241,155,144,1,-1,-1,-1
466,292,983,112,118,89,1,-1,-1,-1
467,264,1145,62,89,71,1,-1,-1,-1
467,265,1134,104,117,88,1,-1,-1,-1
467,291,892,254,162,136,1,-1,-1,-1
467,292,981,113,120,91,1,-1,-1,-1
468,264,1145,61,88,71,1,-1,-1,-1
468,265,1134,102,116,87,1,-1,-1,-1
468,291,888,256,165,136,1,-1,-1,-1
468,292,979,115,122,92,1,-1,-1,-1
469,264,1145,60,87,71,1,-1,-1,-1
469,265,1135,100,113,86,1,-1,-1,-1
469,291,883,260,167,136,1,-1,-1,-1
469,292,977,117,124,93,1,-1,-1,-1
470,264,1144,59,87,70,1,-1,-1,-1
470,265,1135,98,112,85,1,-1,-1,-1
470,291,881,263,168,142,1,-1,-1,-1
470,292,975,118,127,95,1,-1,-1,-1
471,264,1144,58,86,70,1,-1,-1,-1
471,265,1135,96,110,84,1,-1,-1,-1
471,291,880,265,168,150,1,-1,-1,-1
471,292,973,120,129,96,1,-1,-1,-1
472,264,1144,57,85,70,1,-1,-1,-1
472,265,1136,95,109,83,1,-1,-1,-1
472,291,878,268,169,155,1,-1,-1,-1
472,292,971,126,131,95,1,-1,-1,-1
473,264,1144,56,85,70,1,-1,-1,-1
473,265,1136,93,107,83,1,-1,-1,-1
473,291,871,272,171,160,1,-1,-1,-1
473,292,972,121,125,106,1,-1,-1,-1
474,264,1144,56,84,70,1,-1,-1,-1
474,265,1137,91,106,81,1,-1,-1,-1
474,291,866,282,179,154,1,-1,-1,-1
474,292,965,123,130,105,1,-1,-1,-1
475,265,1137,89,103,80,1,-1,-1,-1
475,291,864,284,179,156,1,-1,-1,-1
475,292,964,125,130,107,1,-1,-1,-1
476,265,1137,87,102,79,1,-1,-1,-1
476,291,862,289,179,157,1,-1,-1,-1
476,292,962,126,130,110,1,-1,-1,-1
477,265,1138,86,100,78,1,-1,-1,-1
477,291,858,295,180,160,1,-1,-1,-1
477,292,963,127,132,116,1,-1,-1,-1
478,265,1139,85,99,77,1,-1,-1,-1
478,291,855,298,182,166,1,-1,-1,-1
478,292,963,130,131,116,1,-1,-1,-1
479,265,1139,82,99,78,1,-1,-1,-1
479,291,853,301,183,169,1,-1,-1,-1
479,292,961,133,131,114,1,-1,-1,-1
479,293,1062,48,66,50,1,-1,-1,-1
480,265,1138,80,99,78,1,-1,-1,-1
480,291,847,319,187,155,1,-1,-1,-1
480,292,960,138,131,112,1,-1,-1,-1
480,293,1062,48,66,50,1,-1,-1,-1
481,265,1137,79,100,79,1,-1,-1,-1
481,291,844,321,187,158,1,-1,-1,-1
481,292,958,142,132,112,1,-1,-1,-1
481,293,1061,47,66,51,1,-1,-1,-1
482,265,1136,77,100,80,1,-1,-1,-1
482,291,840,324,188,165,1,-1,-1,-1
482,292,956,146,131,112,1,-1,-1,-1
482,293,1061,47,66,51,1,-1,-1,-1
483,265,1136,75,100,80,1,-1,-1,-1
483,291,836,326,189,173,1,-1,-1,-1
483,292,953,146,133,114,1,-1,-1,-1
483,293,1061,46,66,52,1,-1,-1,-1
484,265,1135,73,101,81,1,-1,-1,-1
484,291,833,328,191,180,1,-1,-1,-1
484,292,949,146,136,116,1,-1,-1,-1
484,293,1060,46,66,52,1,-1,-1,-1
485,265,1135,72,101,83,1,-1,-1,-1
485,291,827,332,187,184,1,-1,-1,-1
485,292,947,152,135,121,1,-1,-1,-1
485,293,1060,45,66,52,1,-1,-1,-1
486,265,1134,70,101,84,1,-1,-1,-1
486,291,826,345,198,180,1,-1,-1,-1
486,292,945,153,135,122,1,-1,-1,-1
486,293,1059,45,66,53,1,-1,-1,-1
487,265,1134,68,102,84,1,-1,-1,-1
487,291,822,349,190,183,1,-1,-1,-1
487,292,944,156,134,121,1,-1,-1,-1
487,293,1059,44,66,53,1,-1,-1,-1
488,265,1133,67,102,85,1,-1,-1,-1
488,291,818,357,193,184,1,-1,-1,-1
488,292,943,162,133,117,1,-1,-1,-1
488,293,1058,44,66,54,1,-1,-1,-1
489,265,1134,67,100,84,1,-1,-1,-1
489,291,813,360,198,191,1,-1,-1,-1
489,292,941,167,133,112,1,-1,-1,-1
489,293,1057,44,67,54,1,-1,-1,-1
490,265,1135,66,99,83,1,-1,-1,-1
490,291,809,369,201,185,1,-1,-1,-1
490,292,938,172,135,112,1,-1,-1,-1
490,293,1057,44,67,55,1,-1,-1,-1
491,265,1135,66,97,82,1,-1,-1,-1
491,291,804,384,206,179,1,-1,-1,-1
491,292,934,176,138,113,1,-1,-1,-1
491,293,1056,44,68,56,1,-1,-1,-1
492,265,1136,65,96,80,1,-1,-1,-1
492,291,798,389,207,184,1,-1,-1,-1
492,292,930,179,142,114,1,-1,-1,-1
492,293,1055,44,68,56,1,-1,-1,-1
493,265,1137,65,94,79,1,-1,-1,-1
493,291,790,394,212,189,1,-1,-1,-1
493,292,928,182,143,116,1,-1,-1,-1
493,293,1054,43,69,57,1,-1,-1,-1
494,265,1138,64,93,78,1,-1,-1,-1
494,291,784,399,220,189,1,-1,-1,-1
494,292,926,183,145,116,1,-1,-1,-1
494,293,1053,43,69,57,1,-1,-1,-1
495,265,1139,64,91,77,1,-1,-1,-1
495,291,778,398,228,208,1,-1,-1,-1
495,292,918,187,151,123,1,-1,-1,-1
495,293,1052,43,70,58,1,-1,-1,-1
496,265,1139,63,89,76,1,-1,-1,-1
496,291,764,413,234,198,1,-1,-1,-1
496,292,915,190,155,124,1,-1,-1,-1
496,293,1052,43,70,59,1,-1,-1,-1
497,265,1140,63,88,75,1,-1,-1,-1
497,291,761,421,235,199,1,-1,-1,-1
497,292,912,195,160,122,1,-1,-1,-1
497,293,1051,43,71,59,1,-1,-1,-1
498,265,1141,62,86,74,1,-1,-1,-1
498,291,757,428,240,200,1,-1,-1,-1
498,292,908,200,164,122,1,-1,-1,-1
498,293,1050,43,71,60,1,-1,-1,-1
499,265,1142,62,85,72,1,-1,-1,-1
499,291,751,431,244,204,1,-1,-1,-1
499,292,905,204,166,124,1,-1,-1,-1
499,293,1049,43,71,60,1,-1,-1,-1
500,265,1142,61,83,71,1,-1,-1,-1
500,291,753,447,238,204,1,-1,-1,-1
500,292,904,208,165,128,1,-1,-1,-1
500,293,1049,44,72,60,1,-1,-1,-1
501,265,1143,61,82,70,1,-1,-1,-1
501,291,746,454,242,207,1,-1,-1,-1
501,292,902,211,162,130,1,-1,-1,-1
501,293,1048,44,72,61,1,-1,-1,-1
502,265,1144,60,80,69,1,-1,-1,-1
502,291,738,460,246,211,1,-1,-1,-1
502,292,900,222,160,129,1,-1,-1,-1
502,293,1047,44,73,61,1,-1,-1,-1
503,265,1145,59,80,69,1,-1,-1,-1
503,291,728,467,252,217,1,-1,-1,-1
503,292,899,222,161,130,1,-1,-1,-1
503,293,1047,44,73,61,1,-1,-1,-1
504,265,1147,58,80,69,1,-1,-1,-1
504,291,719,472,254,222,1,-1,-1,-1
504,292,896,226,163,130,1,-1,-1,-1
504,293,1046,45,74,61,1,-1,-1,-1
505,265,1148,58,79,68,1,-1,-1,-1
505,291,713,480,254,227,1,-1,-1,-1
505,292,892,230,164,131,1,-1,-1,-1
505,293,1046,45,74,61,1,-1,-1,-1
506,265,1149,57,79,68,1,-1,-1,-1
506,291,710,487,252,231,1,-1,-1,-1
506,292,885,235,167,134,1,-1,-1,-1
506,293,1045,45,75,61,1,-1,-1,-1
507,265,1150,56,79,68,1,-1,-1,-1
507,291,705,511,249,217,1,-1,-1,-1
507,292,882,239,167,138,1,-1,-1,-1
507,293,1044,45,75,62,1,-1,-1,-1
508,265,1152,55,79,68,1,-1,-1,-1
508,291,699,517,249,219,1,-1,-1,-1
508,292,881,243,166,139,1,-1,-1,-1
508,293,1044,46,76,62,1,-1,-1,-1
509,265,1153,54,79,68,1,-1,-1,-1
509,291,693,525,253,223,1,-1,-1,-1
509,292,877,255,171,136,1,-1,-1,-1
509,293,1043,46,76,62,1,-1,-1,-1
510,265,1154,54,78,67,1,-1,-1,-1
510,291,688,534,259,227,1,-1,-1,-1
510,292,876,256,173,141,1,-1,-1,-1
510,293,1043,47,76,62,1,-1,-1,-1
511,265,1155,53,78,67,1,-1,-1,-1
511,291,685,543,264,230,1,-1,-1,-1
511,292,864,261,184,144,1,-1,-1,-1
511,293,1042,47,77,62,1,-1,-1,-1
512,265,1157,52,78,67,1,-1,-1,-1
512,291,672,550,272,235,1,-1,-1,-1
512,292,861,268,186,147,1,-1,-1,-1
512,293,1042,48,77,62,1,-1,-1,-1
513,265,1158,51,78,67,1,-1,-1,-1
513,291,669,555,275,242,1,-1,-1,-1
513,292,857,274,186,151,1,-1,-1,-1
513,293,1042,48,77,62,1,-1,-1,-1
514,265,1159,50,78,67,1,-1,-1,-1
514,291,669,571,271,246,1,-1,-1,-1
514,292,851,287,191,145,1,-1,-1,-1
514,293,1041,49,78,63,1,-1,-1,-1
515,265,1160,50,77,66,1,-1,-1,-1
515,291,665,577,274,251,1,-1,-1,-1
515,292,849,290,190,147,1,-1,-1,-1
515,293,1041,49,78,63,1,-1,-1,-1
516,265,1162,49,77,66,1,-1,-1,-1
516,291,656,585,281,254,1,-1,-1,-1
516,292,847,296,190,151,1,-1,-1,-1
516,293,1040,50,78,63,1,-1,-1,-1
517,265,1163,48,77,66,1,-1,-1,-1
517,291,647,597,293,254,1,-1,-1,-1
517,292,842,301,191,157,1,-1,-1,-1
517,293,1040,51,79,63,1,-1,-1,-1
518,265,1163,48,77,66,1,-1,-1,-1
518,291,637,611,303,253,1,-1,-1,-1
518,292,838,307,190,158,1,-1,-1,-1
518,293,1040,51,79,63,1,-1,-1,-1
519,265,1164,48,76,65,1,-1,-1,-1
519,291,625,619,317,257,1,-1,-1,-1
519,292,830,315,198,167,1,-1,-1,-1
519,293,1039,52,79,63,1,-1,-1,-1
520,265,1164,47,76,65,1,-1,-1,-1
520,291,613,623,327,265,1,-1,-1,-1
520,292,829,320,197,171,1,-1,-1,-1
520,293,1039,52,79,63,1,-1,-1,-1
521,265,1165,47,76,64,1,-1,-1,-1
521,291,607,639,327,271,1,-1,-1,-1
521,292,822,327,196,175,1,-1,-1,-1
521,293,1039,53,80,63,1,-1,-1,-1
522,265,1165,47,75,64,1,-1,-1,-1
522,291,602,650,327,270,1,-1,-1,-1
522,292,818,333,198,178,1,-1,-1,-1
522,293,1038,54,80,63,1,-1,-1,-1
523,265,1165,47,75,63,1,-1,-1,-1
523,291,596,666,328,267,1,-1,-1,-1
523,292,814,347,205,177,1,-1,-1,-1
523,293,1038,54,80,63,1,-1,-1,-1
524,265,1166,46,75,63,1,-1,-1,-1
524,291,586,673,334,278,1,-1,-1,-1
524,292,810,353,205,177,1,-1,-1,-1
524,293,1037,55,81,64,1,-1,-1,-1
525,265,1166,46,75,63,1,-1,-1,-1
525,291,564,681,340,283,1,-1,-1,-1
525,292,801,363,213,176,1,-1,-1,-1
525,293,1037,55,81,64,1,-1,-1,-1
526,265,1166,46,74,62,1,-1,-1,-1
526,291,570,700,348,296,1,-1,-1,-1
526,292,793,371,221,173,1,-1,-1,-1
526,293,1037,56,81,64,1,-1,-1,-1
527,265,1167,46,74,62,1,-1,-1,-1
527,291,566,710,333,297,1,-1,-1,-1
527,292,785,382,228,185,1,-1,-1,-1
527,293,1036,56,82,64,1,-1,-1,-1
528,265,1167,45,74,61,1,-1,-1,-1
528,291,554,722,343,303,1,-1,-1,-1
528,292,777,390,234,186,1,-1,-1,-1
528,293,1036,57,82,64,1,-1,-1,-1
529,265,1168,45,73,61,1,-1,-1,-1
529,291,539,731,356,316,1,-1,-1,-1
529,292,776,397,231,202,1,-1,-1,-1
529,293,1035,58,83,65,1,-1,-1,-1
530,265,1168,45,73,60,1,-1,-1,-1
530,291,523,740,369,319,1,-1,-1,-1
530,292,762,413,238,190,1,-1,-1,-1
530,293,1034,59,84,65,1,-1,-1,-1
531,265,1168,45,73,60,1,-1,-1,-1
531,291,512,761,372,319,1,-1,-1,-1
531,292,757,423,242,191,1,-1,-1,-1
531,293,1033,60,85,66,1,-1,-1,-1
532,265,1169,44,72,59,1,-1,-1,-1
532,291,496,778,387,302,1,-1,-1,-1
532,292,751,429,250,196,1,-1,-1,-1
532,293,1032,61,86,66,1,-1,-1,-1
533,265,1169,44,72,59,1,-1,-1,-1
533,291,504,800,347,280,1,-1,-1,-1
533,292,750,446,246,199,1,-1,-1,-1
533,293,1031,61,87,67,1,-1,-1,-1
534,265,1169,44,72,59,1,-1,-1,-1
534,291,488,815,359,265,1,-1,-1,-1
534,292,745,452,248,202,1,-1,-1,-1
534,293,1030,62,88,67,1,-1,-1,-1
535,265,1170,44,71,59,1,-1,-1,-1
535,292,737,462,252,206,1,-1,-1,-1
535,293,1029,63,89,68,1,-1,-1,-1
536,265,1170,44,71,58,1,-1,-1,-1
536,292,726,471,257,212,1,-1,-1,-1
536,293,1028,64,90,68,1,-1,-1,-1
537,265,1171,44,71,58,1,-1,-1,-1
537,292,717,481,264,218,1,-1,-1,-1
537,293,1026,65,91,69,1,-1,-1,-1
538,265,1171,44,70,58,1,-1,-1,-1
538,292,708,489,271,223,1,-1,-1,-1
538,293,1025,66,92,69,1,-1,-1,-1
539,265,1172,44,70,58,1,-1,-1,-1
539,292,705,515,270,212,1,-1,-1,-1
539,293,1024,67,93,70,1,-1,-1,-1
540,265,1172,44,70,58,1,-1,-1,-1
540,292,696,523,271,217,1,-1,-1,-1
540,293,1023,68,94,70,1,-1,-1,-1
541,265,1173,44,69,57,1,-1,-1,-1
541,292,687,535,275,218,1,-1,-1,-1
541,293,1022,68,95,71,1,-1,-1,-1
542,265,1173,44,69,57,1,-1,-1,-1
542,292,676,547,287,222,1,-1,-1,-1
542,293,1021,69,96,71,1,-1,-1,-1
543,265,1174,44,69,57,1,-1,-1,-1
543,292,672,555,294,229,1,-1,-1,-1
543,293,1020,70,97,72,1,-1,-1,-1
544,265,1174,44,68,57,1,-1,-1,-1
544,292,659,558,296,240,1,-1,-1,-1
544,293,1019,71,98,72,1,-1,-1,-1
545,265,1175,44,68,57,1,-1,-1,-1
545,292,660,582,293,237,1,-1,-1,-1
545,293,1017,71,99,73,1,-1,-1,-1
546,265,1175,44,68,56,1,-1,-1,-1
546,292,658,594,293,239,1,-1,-1,-1
546,293,1014,73,100,73,1,-1,-1,-1
547,265,1176,44,67,56,1,-1,-1,-1
547,292,649,611,301,239,1,-1,-1,-1
547,293,1016,75,97,72,1,-1,-1,-1
548,265,1176,44,67,56,1,-1,-1,-1
548,292,637,623,317,244,1,-1,-1,-1
548,293,1016,76,98,73,1,-1,-1,-1
549,265,1176,45,67,55,1,-1,-1,-1
549,292,618,639,334,257,1,-1,-1,-1
549,293,1016,77,98,73,1,-1,-1,-1
550,265,1177,45,66,55,1,-1,-1,-1
550,292,606,647,344,260,1,-1,-1,-1
550,293,1015,78,99,74,1,-1,-1,-1
551,265,1177,46,66,54,1,-1,-1,-1
551,292,596,661,347,263,1,-1,-1,-1
551,293,1015,79,99,74,1,-1,-1,-1
552,265,1178,47,66,53,1,-1,-1,-1
552,292,583,675,353,273,1,-1,-1,-1
552,293,1013,80,100,75,1,-1,-1,-1
553,265,1178,48,66,53,1,-1,-1,-1
553,292,572,683,359,283,1,-1,-1,-1
553,293,1013,81,101,76,1,-1,-1,-1
554,265,1178,48,65,52,1,-1,-1,-1
554,292,556,707,382,290,1,-1,-1,-1
554,293,1013,83,101,74,1,-1,-1,-1
555,265,1179,49,65,51,1,-1,-1,-1
555,292,539,725,375,290,1,-1,-1,-1
555,293,1012,83,102,75,1,-1,-1,-1
556,265,1179,50,65,50,1,-1,-1,-1
556,292,522,737,388,305,1,-1,-1,-1
556,293,1010,85,102,74,1,-1,-1,-1
557,265,1180,50,64,50,1,-1,-1,-1
557,292,505,765,391,309,1,-1,-1,-1
557,293,1007,86,105,75,1,-1,-1,-1
558,265,1180,51,64,49,1,-1,-1,-1
558,292,486,777,406,303,1,-1,-1,-1
558,293,1006,87,107,76,1,-1,-1,-1
559,292,467,799,425,281,1,-1,-1,-1
559,293,1005,88,109,76,1,-1,-1,-1
560,293,1004,88,110,77,1,-1,-1,-1
561,293,1003,88,110,78,1,-1,-1,-1
562,293,1001,89,110,79,1,-1,-1,-1
563,293,1001,89,109,79,1,-1,-1,-1
564,293,1000,91,110,80,1,-1,-1,-1
565,293,999,92,111,80,1,-1,-1,-1
566,293,998,94,113,81,1,-1,-1,-1
567,293,997,95,114,82,1,-1,-1,-1
568,293,996,97,115,83,1,-1,-1,-1
569,293,995,99,116,83,1,-1,-1,-1
570,293,994,100,117,84,1,-1,-1,-1
571,293,993,102,119,85,1,-1,-1,-1
572,293,992,103,120,85,1,-1,-1,-1
573,293,991,105,121,86,1,-1,-1,-1
574,293,992,106,121,86,1,-1,-1,-1
575,293,992,107,121,87,1,-1,-1,-1
576,293,993,108,120,88,1,-1,-1,-1
577,293,992,109,120,89,1,-1,-1,-1
578,293,990,110,122,91,1,-1,-1,-1
579,293,989,112,123,94,1,-1,-1,-1
580,293,988,114,124,95,1,-1,-1,-1
581,293,992,116,121,95,1,-1,-1,-1
582,293,991,118,120,95,1,-1,-1,-1
583,293,991,118,120,97,1,-1,-1,-1
584,293,989,119,120,97,1,-1,-1,-1
585,293,989,119,120,99,1,-1,-1,-1
586,293,988,118,120,100,1,-1,-1,-1
587,293,984,122,124,102,1,-1,-1,-1
588,293,983,122,125,105,1,-1,-1,-1
589,293,981,124,127,105,1,-1,-1,-1
590,293,980,126,127,107,1,-1,-1,-1
591,293,980,128,127,107,1,-1,-1,-1
592,293,980,130,127,107,1,-1,-1,-1
593,293,979,133,128,106,1,-1,-1,-1
594,293,976,135,129,106,1,-1,-1,-1
595,293,974,139,130,102,1,-1,-1,-1
596,293,973,143,131,100,1,-1,-1,-1
597,293,976,145,129,103,1,-1,-1,-1
598,293,973,149,131,102,1,-1,-1,-1
599,293,971,150,133,105,1,-1,-1,-1
600,293,969,150,135,108,1,-1,-1,-1
601,293,969,156,133,108,1,-1,-1,-1
602,293,965,155,133,113,1,-1,-1,-1
603,293,964,155,133,116,1,-1,-1,-1
604,293,964,157,132,117,1,-1,-1,-1
605,293,963,160,132,116,1,-1,-1,-1
606,293,962,163,132,116,1,-1,-1,-1
607,293,961,166,132,114,1,-1,-1,-1
608,293,959,169,134,116,1,-1,-1,-1
609,293,957,174,135,116,1,-1,-1,-1
610,293,954,178,138,114,1,-1,-1,-1
611,293,951,181,141,116,1,-1,-1,-1
612,293,947,182,144,118,1,-1,-1,-1
613,293,947,186,144,122,1,-1,-1,-1
614,293,944,187,146,124,1,-1,-1,-1
615,293,943,188,145,127,1,-1,-1,-1
616,293,940,191,145,125,1,-1,-1,-1
617,293,938,194,146,125,1,-1,-1,-1
618,293,936,198,151,127,1,-1,-1,-1
619,293,934,202,152,128,1,-1,-1,-1
620,293,932,206,152,129,1,-1,-1,-1
621,293,928,210,153,128,1,-1,-1,-1
622,293,926,213,155,125,1,-1,-1,-1
623,293,922,222,160,125,1,-1,-1,-1
624,293,919,224,163,127,1,-1,-1,-1
625,293,917,227,165,128,1,-1,-1,-1
626,293,912,231,163,128,1,-1,-1,-1
627,293,909,234,166,130,1,-1,-1,-1
628,293,907,237,168,134,1,-1,-1,-1
629,293,906,239,168,140,1,-1,-1,-1
630,293,905,241,168,140,1,-1,-1,-1
631,293,903,245,167,135,1,-1,-1,-1
632,293,899,262,167,127,1,-1,-1,-1
633,293,897,265,169,129,1,-1,-1,-1
634,293,895,266,169,135,1,-1,-1,-1
635,293,892,268,171,142,1,-1,-1,-1
636,293,889,269,172,150,1,-1,-1,-1
637,293,884,272,176,153,1,-1,-1,-1
638,293,879,290,180,141,1,-1,-1,-1
639,293,875,292,185,142,1,-1,-1,-1
640,293,873,296,186,143,1,-1,-1,-1
641,293,871,299,186,147,1,-1,-1,-1
642,293,870,301,187,154,1,-1,-1,-1
643,293,864,305,186,160,1,-1,-1,-1
644,293,862,315,188,156,1,-1,-1,-1
645,293,859,325,189,152,1,-1,-1,-1
646,293,856,329,190,156,1,-1,-1,-1
647,293,851,333,195,161,1,-1,-1,-1
648,293,847,335,198,167,1,-1,-1,-1
649,293,842,346,200,164,1,-1,-1,-1
650,293,836,357,202,161,1,-1,-1,-1
651,293,833,362,204,165,1,-1,-1,-1
652,293,829,365,207,172,1,-1,-1,-1
653,293,826,370,209,175,1,-1,-1,-1
654,293,820,384,211,173,1,-1,-1,-1
655,293,819,388,202,176,1,-1,-1,-1
656,293,817,395,204,180,1,-1,-1,-1
657,293,809,401,212,185,1,-1,-1,-1
658,293,804,412,218,181,1,-1,-1,-1
659,293,798,422,223,177,1,-1,-1,-1
660,293,793,432,227,174,1,-1,-1,-1
661,293,786,440,231,174,1,-1,-1,-1
662,293,779,448,238,180,1,-1,-1,-1
663,293,771,456,245,186,1,-1,-1,-1
664,293,768,461,248,189,1,-1,-1,-1
665,293,769,470,241,197,1,-1,-1,-1
666,293,761,476,240,199,1,-1,-1,-1
667,293,758,484,245,201,1,-1,-1,-1
668,293,754,492,250,206,1,-1,-1,-1
669,293,749,498,254,209,1,-1,-1,-1
670,293,750,519,254,199,1,-1,-1,-1
671,293,746,524,259,201,1,-1,-1,-1
672,293,741,533,262,204,1,-1,-1,-1
673,293,736,542,266,208,1,-1,-1,-1
674,293,732,551,271,217,1,-1,-1,-1
675,293,728,558,271,226,1,-1,-1,-1
676,293,719,563,277,231,1,-1,-1,-1
677,293,714,583,283,224,1,-1,-1,-1
678,293,707,593,287,228,1,-1,-1,-1
679,293,701,603,294,232,1,-1,-1,-1
680,293,694,616,299,233,1,-1,-1,-1
681,293,688,626,304,235,1,-1,-1,-1
682,293,681,631,311,243,1,-1,-1,-1
683,293,673,650,317,244,1,-1,-1,-1
684,293,671,660,312,246,1,-1,-1,-1
685,293,667,677,311,242,1,-1,-1,-1
686,293,645,692,325,243,1,-1,-1,-1
687,293,633,696,344,255,1,-1,-1,-1
688,293,623,714,354,264,1,-1,-1,-1
689,293,618,721,352,273,1,-1,-1,-1
690,293,609,735,354,276,1,-1,-1,-1
691,293,599,746,363,283,1,-1,-1,-1
692,293,587,773,362,289,1,-1,-1,-1
693,293,574,777,373,300,1,-1,-1,-1
694,293,575,795,343,285,1,-1,-1,-1
695,293,562,811,356,269,1,-1,-1,-1
